14.656289 11.222777
12.793892 12.091242
10.842282 17.742342
13.934304 19.494102
10.087336 7.000945
4.739866 8.305654
9.718464 18.018187
13.289694 11.972548
14.966486 11.771399
13.181719 13.557875
13.378819 12.507165
14.966486 11.771399
8.526387 16.776817
10.666754 16.751696
11.047579 11.394477
12.522508 15.264216
14.801560 12.169518
15.061042 11.831441
9.876367 10.988559
16.635330 8.861451
14.656289 11.222777
10.087336 7.000945
4.739866 8.305654
9.718464 18.018187
14.966486 11.771399
8.526387 16.776817
10.666754 16.751696
11.047579 11.394477
9.876367 10.988559
16.635330 8.861451
10.087336 7.000945
14.656289 11.222777
4.749852 8.253502
8.649408 10.074599
4.688273 8.310643
8.640398 5.377989
8.289239 16.720800
12.044063 9.064056
11.306951 10.730897
10.842282 17.742342
10.087336 7.000945
4.739866 8.305654
16.635330 8.861451
10.087336 7.000945
4.749852 8.253502
8.649408 10.074599
4.688273 8.310643
8.640398 5.377989
8.289239 16.720800
12.044063 9.064056
4.778440 8.110973
10.087336 7.000945
7.794653 4.570458
4.915802 8.317858
6.561113 5.601118
9.506633 10.694411
8.649408 10.074599
8.276805 16.717871
5.328765 9.221065
9.092882 5.448251
4.739866 8.305654
4.749852 8.253502
4.688273 8.310643
8.640398 5.377989
4.778440 8.110973
7.794653 4.570458
4.915802 8.317858
6.561113 5.601118
9.092882 5.448251
4.895893 8.215131
5.041205 7.895696
5.497447 8.200959
6.805615 6.108904
4.708196 8.319200
4.863299 8.042660
6.379522 7.253793
4.744697 8.132168
4.872607 8.482866
4.386056 8.962099
4.778440 8.110973
4.688273 8.310643
8.640398 5.377989
4.778440 8.110973
7.794653 4.570458
6.561113 5.601118
5.041205 7.895696
6.805615 6.108904
4.708196 8.319200
4.863299 8.042660
6.379522 7.253793
4.744697 8.132168
4.386056 8.962099
4.778440 8.110973
5.059602 7.895257
4.780652 8.083904
6.265939 8.109122
4.386056 8.962099
4.737553 8.136257
5.426321 7.561433
4.386056 8.962099
