9.395905 13.042179
6.529922 8.698193
11.212392 16.464787
16.299679 10.881774
10.745889 6.496329
14.530190 14.182126
16.219896 12.014575
13.714836 15.600135
10.818440 5.463088
12.904855 15.045311
16.520102 13.179568
13.274500 14.990040
13.183850 14.146839
14.226953 15.572323
13.885736 13.296867
16.216417 12.004013
11.212392 16.464787
11.337050 8.157503
14.448022 14.086610
11.687895 14.280149
9.395905 13.042179
6.529922 8.698193
16.299679 10.881774
10.745889 6.496329
16.219896 12.014575
10.818440 5.463088
16.216417 12.004013
11.337050 8.157503
16.286947 11.330379
10.025517 13.984532
8.202701 10.832758
7.429745 9.838131
10.922215 4.180810
12.727073 9.506913
12.382301 8.176213
10.675230 12.727000
6.529922 8.698193
6.529922 8.698193
7.230058 7.777633
13.371339 12.894952
9.395905 13.042179
6.529922 8.698193
10.745889 6.496329
10.818440 5.463088
10.025517 13.984532
8.202701 10.832758
7.429745 9.838131
10.922215 4.180810
6.529922 8.698193
6.529922 8.698193
7.230058 7.777633
10.705581 5.217185
10.577996 4.718438
11.044801 6.187996
6.016154 10.456643
11.295543 6.024330
9.660235 11.399799
10.992806 5.857876
6.615387 9.039912
6.529922 8.698193
6.529922 8.698193
10.818440 5.463088
10.922215 4.180810
6.529922 8.698193
6.529922 8.698193
7.230058 7.777633
10.705581 5.217185
10.577996 4.718438
6.016154 10.456643
6.615387 9.039912
6.529922 8.698193
10.768634 3.077917
6.793783 11.491574
10.748919 3.401650
6.227362 10.698163
9.783806 3.619301
6.660393 8.768464
7.176374 8.199996
6.358906 8.751973
6.362549 8.560815
6.529922 8.698193
10.922215 4.180810
7.230058 7.777633
10.577996 4.718438
6.016154 10.456643
6.529922 8.698193
10.768634 3.077917
10.748919 3.401650
6.227362 10.698163
9.783806 3.619301
7.176374 8.199996
6.358906 8.751973
6.362549 8.560815
11.223412 3.865419
7.766813 8.639684
10.922215 4.180810
9.608954 3.698299
6.412245 8.505836
9.783806 3.619301
11.489853 3.290814
7.230058 7.777633
10.577996 4.718438
6.016154 10.456643
10.768634 3.077917
6.227362 10.698163
9.783806 3.619301
7.176374 8.199996
6.358906 8.751973
6.362549 8.560815
7.766813 8.639684
9.608954 3.698299
6.412245 8.505836
9.783806 3.619301
7.286503 7.606701
9.966127 3.581020
9.783806 3.619301
11.038073 2.974093
10.877433 2.959103
9.588173 3.715911
10.567068 3.159393
6.016154 10.456643
10.768634 3.077917
6.227362 10.698163
9.783806 3.619301
6.358906 8.751973
6.362549 8.560815
9.608954 3.698299
6.412245 8.505836
9.783806 3.619301
9.966127 3.581020
9.783806 3.619301
11.038073 2.974093
10.877433 2.959103
9.588173 3.715911
10.567068 3.159393
9.583021 3.720533
6.345964 9.169274
9.761806 3.620535
9.654395 3.683116
7.167046 6.123662
6.016154 10.456643
10.768634 3.077917
6.358906 8.751973
6.362549 8.560815
6.412245 8.505836
10.567068 3.159393
9.583021 3.720533
6.345964 9.169274
9.761806 3.620535
9.654395 3.683116
7.167046 6.123662
10.806159 3.007817
8.457128 4.527012
10.403854 3.258775
11.212299 2.920125
10.567531 3.146032
10.877433 2.959103
9.423441 3.880456
6.016154 10.456643
9.912264 3.529289
6.016154 10.456643
10.768634 3.077917
10.567068 3.159393
9.583021 3.720533
9.761806 3.620535
9.654395 3.683116
7.167046 6.123662
10.806159 3.007817
8.457128 4.527012
10.403854 3.258775
11.212299 2.920125
10.567531 3.146032
10.877433 2.959103
9.423441 3.880456
9.912264 3.529289
5.939329 6.685794
8.482896 4.480634
10.780732 3.234924
9.302482 3.898330
8.936406 4.208050
10.768634 3.077917
10.567068 3.159393
9.583021 3.720533
9.761806 3.620535
9.654395 3.683116
7.167046 6.123662
10.806159 3.007817
10.403854 3.258775
11.212299 2.920125
10.567531 3.146032
10.877433 2.959103
9.423441 3.880456
9.912264 3.529289
5.939329 6.685794
8.482896 4.480634
8.936406 4.208050
8.447001 4.558154
11.382540 2.728347
9.264254 3.959779
8.371474 4.725230
10.567068 3.159393
9.761806 3.620535
9.654395 3.683116
10.403854 3.258775
11.212299 2.920125
10.567531 3.146032
10.877433 2.959103
9.423441 3.880456
9.912264 3.529289
8.936406 4.208050
8.447001 4.558154
11.382540 2.728347
9.264254 3.959779
8.371474 4.725230
6.582059 5.680410
9.912264 3.529289
10.768634 3.077917
5.467591 6.679874
9.573522 3.725617
8.536027 4.473358
9.761806 3.620535
9.654395 3.683116
10.403854 3.258775
11.212299 2.920125
10.877433 2.959103
9.423441 3.880456
9.912264 3.529289
8.936406 4.208050
8.447001 4.558154
11.382540 2.728347
9.264254 3.959779
6.582059 5.680410
10.768634 3.077917
5.467591 6.679874
8.536027 4.473358
10.290247 3.284070
8.167566 4.719392
9.143637 4.061926
9.573522 3.725617
8.165401 4.763732
9.654395 3.683116
10.403854 3.258775
11.212299 2.920125
10.877433 2.959103
9.423441 3.880456
8.936406 4.208050
8.447001 4.558154
11.382540 2.728347
9.264254 3.959779
6.582059 5.680410
10.768634 3.077917
5.467591 6.679874
10.290247 3.284070
8.167566 4.719392
9.143637 4.061926
9.573522 3.725617
8.165401 4.763732
10.093804 3.435316
6.582059 5.680410
8.567780 4.416399
