10.906964 11.131207
11.077846 13.914756
7.750007 12.427951
16.681341 11.893332
15.212362 13.653989
12.383369 17.460756
9.018442 16.725979
13.801856 13.444996
11.366653 14.318059
11.028188 14.607590
2.232265 11.445211
5.114144 9.338431
12.971966 13.803725
16.681341 11.893332
14.581272 5.203397
12.009384 12.050076
13.512518 13.179626
12.399774 14.415939
9.029886 16.731365
9.279915 13.149707
10.906964 11.131207
7.750007 12.427951
16.681341 11.893332
9.018442 16.725979
2.232265 11.445211
5.114144 9.338431
14.581272 5.203397
12.009384 12.050076
9.279915 13.149707
10.906964 11.131207
4.447582 8.753834
11.505115 11.598364
5.417763 11.313035
14.526238 5.016141
16.392065 10.940975
16.681341 11.893332
12.826362 8.183092
6.681124 12.274615
3.842068 11.954976
7.379001 11.543939
2.232265 11.445211
5.114144 9.338431
14.581272 5.203397
4.447582 8.753834
5.417763 11.313035
14.526238 5.016141
16.392065 10.940975
12.826362 8.183092
6.681124 12.274615
3.842068 11.954976
5.417763 11.313035
3.937136 11.993896
3.901738 8.710889
13.001353 8.446321
14.165223 4.252947
6.668112 9.849784
10.792338 6.098286
5.416833 11.313121
3.898259 9.105681
4.441236 8.740686
2.232265 11.445211
5.114144 9.338431
14.581272 5.203397
4.447582 8.753834
14.526238 5.016141
12.826362 8.183092
3.842068 11.954976
3.937136 11.993896
3.901738 8.710889
13.001353 8.446321
14.165223 4.252947
10.792338 6.098286
3.898259 9.105681
4.441236 8.740686
11.171161 6.820563
2.233993 11.443789
3.759235 8.956783
13.433538 4.103003
11.772415 6.123844
4.310386 9.107315
2.232265 11.445211
4.447582 8.753834
3.842068 11.954976
3.937136 11.993896
3.901738 8.710889
14.165223 4.252947
10.792338 6.098286
3.898259 9.105681
4.441236 8.740686
2.233993 11.443789
3.759235 8.956783
13.433538 4.103003
11.772415 6.123844
10.983561 6.475834
14.347675 4.633030
11.471297 5.436418
3.759235 8.956783
13.143205 5.247129
10.388665 6.015504
3.653491 9.128201
2.232265 11.445211
3.842068 11.954976
3.901738 8.710889
14.165223 4.252947
10.792338 6.098286
4.441236 8.740686
2.233993 11.443789
3.759235 8.956783
13.433538 4.103003
11.471297 5.436418
3.759235 8.956783
13.143205 5.247129
10.388665 6.015504
3.653491 9.128201
14.260117 3.145638
10.538981 5.918834
13.631832 3.372827
10.388665 6.015504
14.165223 4.252947
4.112780 8.322238
2.232265 11.445211
3.901738 8.710889
2.233993 11.443789
3.759235 8.956783
11.471297 5.436418
3.759235 8.956783
10.388665 6.015504
3.653491 9.128201
14.260117 3.145638
10.538981 5.918834
13.631832 3.372827
10.388665 6.015504
4.112780 8.322238
11.471297 5.436418
10.388665 6.015504
3.038100 12.619798
13.692340 3.893756
10.388665 6.015504
10.538981 5.918834
12.460205 4.011297
2.232265 11.445211
3.901738 8.710889
2.233993 11.443789
3.759235 8.956783
11.471297 5.436418
3.759235 8.956783
3.653491 9.128201
14.260117 3.145638
10.538981 5.918834
13.631832 3.372827
4.112780 8.322238
11.471297 5.436418
10.388665 6.015504
10.388665 6.015504
10.538981 5.918834
12.460205 4.011297
4.703946 7.824843
10.519655 6.015336
13.540019 3.654471
3.653491 9.128201
2.232265 11.445211
3.901738 8.710889
11.471297 5.436418
3.759235 8.956783
3.653491 9.128201
14.260117 3.145638
13.631832 3.372827
4.112780 8.322238
11.471297 5.436418
10.388665 6.015504
10.388665 6.015504
10.538981 5.918834
12.460205 4.011297
4.703946 7.824843
13.540019 3.654471
3.653491 9.128201
2.256603 11.437863
12.460205 4.011297
11.471297 5.436418
14.328921 3.144888
2.232265 11.445211
3.901738 8.710889
3.759235 8.956783
3.653491 9.128201
14.260117 3.145638
13.631832 3.372827
4.112780 8.322238
11.471297 5.436418
10.388665 6.015504
10.388665 6.015504
10.538981 5.918834
12.460205 4.011297
4.703946 7.824843
13.540019 3.654471
12.460205 4.011297
11.471297 5.436418
14.328921 3.144888
14.260117 3.145638
2.268017 11.437036
11.471297 5.436418
2.232265 11.445211
3.901738 8.710889
3.759235 8.956783
3.653491 9.128201
4.112780 8.322238
11.471297 5.436418
10.388665 6.015504
10.388665 6.015504
10.538981 5.918834
4.703946 7.824843
11.471297 5.436418
14.328921 3.144888
2.268017 11.437036
11.471297 5.436418
10.595309 5.961214
8.138715 10.795056
10.388665 6.015504
11.891646 2.365452
10.461165 6.301404
4.128160 8.320710
2.232265 11.445211
3.901738 8.710889
3.759235 8.956783
3.653491 9.128201
4.112780 8.322238
11.471297 5.436418
10.388665 6.015504
10.388665 6.015504
10.538981 5.918834
4.703946 7.824843
11.471297 5.436418
2.268017 11.437036
11.471297 5.436418
10.388665 6.015504
11.891646 2.365452
4.128160 8.320710
2.268017 11.437036
2.268017 11.437036
10.388665 6.015504
11.873023 2.162524
2.232265 11.445211
3.901738 8.710889
3.759235 8.956783
3.653491 9.128201
4.112780 8.322238
10.388665 6.015504
10.388665 6.015504
10.538981 5.918834
4.703946 7.824843
2.268017 11.437036
10.388665 6.015504
4.128160 8.320710
2.268017 11.437036
2.268017 11.437036
10.388665 6.015504
11.873023 2.162524
10.388665 6.015504
3.901738 8.710889
11.454506 5.371058
2.921504 10.333051
