8.564694 4.461957
11.782011 5.083132
10.200795 6.134821
7.453481 15.069551
10.630885 17.252125
9.236917 11.763306
14.455368 11.814894
12.309030 4.418662
5.246278 14.200142
5.158947 12.678202
7.954079 10.890838
5.016843 14.091941
9.127344 11.653136
11.057322 13.508401
8.577927 4.427333
5.246278 14.200142
10.107596 11.867257
12.858080 5.809647
9.190969 4.525566
12.672193 4.546991
8.564694 4.461957
11.782011 5.083132
10.200795 6.134821
9.236917 11.763306
12.309030 4.418662
5.158947 12.678202
7.954079 10.890838
5.016843 14.091941
9.127344 11.653136
8.577927 4.427333
9.190969 4.525566
12.672193 4.546991
4.748600 12.632495
9.161444 4.363024
4.593433 9.511021
9.445489 5.179235
5.716629 12.298038
4.986849 14.173624
5.197025 13.737674
11.161281 5.754915
8.564694 4.461957
12.309030 4.418662
7.954079 10.890838
8.577927 4.427333
4.748600 12.632495
9.161444 4.363024
4.593433 9.511021
5.716629 12.298038
4.986849 14.173624
8.026939 10.281376
7.373873 10.548169
8.837061 4.217916
3.690620 13.732521
8.846306 5.574554
9.069443 4.206635
12.340780 4.067214
8.825584 5.481276
5.265079 8.718967
9.161444 4.363024
4.593433 9.511021
8.564694 4.461957
8.577927 4.427333
4.593433 9.511021
8.837061 4.217916
3.690620 13.732521
9.069443 4.206635
12.340780 4.067214
4.593433 9.511021
5.461131 7.875944
8.306993 5.113043
4.720504 12.594981
8.837061 4.217916
8.774092 4.340473
8.746553 4.473961
8.431349 4.513236
8.890603 4.356347
3.690620 13.732521
9.069443 4.206635
4.656476 8.265942
5.265079 8.718967
8.564694 4.461957
8.577927 4.427333
8.837061 4.217916
9.069443 4.206635
12.340780 4.067214
5.461131 7.875944
8.306993 5.113043
8.837061 4.217916
8.774092 4.340473
8.431349 4.513236
9.069443 4.206635
4.656476 8.265942
8.306993 5.113043
8.774092 4.340473
4.485257 9.083447
8.395898 4.565019
4.040312 9.414694
8.572237 4.440194
4.656476 8.265942
3.607464 13.506945
8.564694 4.461957
8.577927 4.427333
8.837061 4.217916
9.069443 4.206635
12.340780 4.067214
5.461131 7.875944
8.306993 5.113043
8.837061 4.217916
8.774092 4.340473
8.431349 4.513236
9.069443 4.206635
8.306993 5.113043
8.774092 4.340473
4.485257 9.083447
8.395898 4.565019
4.040312 9.414694
4.656476 8.265942
3.607464 13.506945
4.663981 8.240672
4.485257 9.083447
8.564694 4.461957
8.577927 4.427333
8.837061 4.217916
9.069443 4.206635
8.837061 4.217916
8.431349 4.513236
9.069443 4.206635
4.485257 9.083447
3.607464 13.506945
4.663981 8.240672
4.485257 9.083447
4.656476 8.265942
8.392129 4.565614
3.974010 9.229244
8.232693 4.951409
12.332088 3.945316
8.845722 4.210784
7.897150 4.968612
5.062653 7.824201
8.725015 4.330293
8.577927 4.427333
9.069443 4.206635
8.431349 4.513236
4.485257 9.083447
4.663981 8.240672
4.485257 9.083447
4.656476 8.265942
8.392129 4.565614
3.974010 9.229244
8.232693 4.951409
12.332088 3.945316
8.845722 4.210784
7.897150 4.968612
5.062653 7.824201
8.725015 4.330293
5.008784 7.970445
7.897150 4.968612
3.972662 9.229934
12.332552 3.943460
3.461973 13.496045
8.577927 4.427333
9.069443 4.206635
4.485257 9.083447
4.485257 9.083447
4.656476 8.265942
8.392129 4.565614
3.974010 9.229244
8.232693 4.951409
12.332088 3.945316
8.845722 4.210784
7.897150 4.968612
5.062653 7.824201
8.725015 4.330293
5.008784 7.970445
3.972662 9.229934
3.461973 13.496045
5.151050 7.643629
7.763874 5.047997
4.663981 8.240672
12.647439 3.917793
8.577927 4.427333
4.485257 9.083447
4.656476 8.265942
8.392129 4.565614
8.232693 4.951409
12.332088 3.945316
8.845722 4.210784
7.897150 4.968612
5.062653 7.824201
8.725015 4.330293
5.008784 7.970445
3.972662 9.229934
3.461973 13.496045
5.151050 7.643629
7.763874 5.047997
4.663981 8.240672
12.647439 3.917793
9.077959 4.135222
4.010913 9.196573
3.972662 9.229934
8.577927 4.427333
4.656476 8.265942
8.392129 4.565614
8.232693 4.951409
12.332088 3.945316
8.845722 4.210784
7.897150 4.968612
5.062653 7.824201
8.725015 4.330293
5.008784 7.970445
3.972662 9.229934
3.461973 13.496045
5.151050 7.643629
7.763874 5.047997
12.647439 3.917793
9.077959 4.135222
3.972662 9.229934
4.683435 8.208828
4.010913 9.196573
4.298359 9.060761
8.577927 4.427333
4.656476 8.265942
8.392129 4.565614
12.332088 3.945316
8.845722 4.210784
7.897150 4.968612
5.062653 7.824201
8.725015 4.330293
3.972662 9.229934
3.461973 13.496045
5.151050 7.643629
7.763874 5.047997
12.647439 3.917793
9.077959 4.135222
3.972662 9.229934
4.010913 9.196573
4.298359 9.060761
7.951865 4.895766
4.949352 8.022895
4.683435 8.208828
4.656476 8.265942
8.392129 4.565614
8.845722 4.210784
8.725015 4.330293
3.972662 9.229934
3.461973 13.496045
5.151050 7.643629
7.763874 5.047997
9.077959 4.135222
3.972662 9.229934
4.298359 9.060761
7.951865 4.895766
4.949352 8.022895
4.683435 8.208828
7.550864 5.305321
13.083550 3.605585
9.344972 3.870163
7.589720 5.178515
5.274597 7.619737
4.017036 9.130010
