14.651825 11.671144
11.296805 16.369041
6.405043 6.620966
5.255961 10.098165
9.912590 10.883839
9.406246 6.082013
12.145707 15.703590
12.527454 11.137450
11.526011 3.540010
13.196675 16.017828
12.145707 15.703590
12.772181 10.914244
12.343978 13.671395
6.842959 7.503510
6.405043 6.620966
10.476851 15.830220
14.162697 10.755003
6.928425 8.707791
12.240794 14.787276
9.831409 18.549339
6.405043 6.620966
5.255961 10.098165
9.912590 10.883839
9.406246 6.082013
11.526011 3.540010
12.772181 10.914244
12.343978 13.671395
6.842959 7.503510
6.405043 6.620966
10.476851 15.830220
14.162697 10.755003
6.928425 8.707791
9.831409 18.549339
6.387290 6.286701
9.667489 10.320303
7.245380 7.015888
6.648295 7.167829
9.988758 9.550604
6.405043 6.620966
6.458093 6.771031
6.405043 6.620966
5.255961 10.098165
9.406246 6.082013
11.526011 3.540010
6.842959 7.503510
6.405043 6.620966
6.387290 6.286701
7.245380 7.015888
6.648295 7.167829
6.405043 6.620966
6.458093 6.771031
7.168118 6.874406
6.579931 6.196918
6.048100 10.415765
6.716437 10.934457
12.878249 5.352814
6.469436 6.798968
6.373314 6.328468
9.059584 4.188266
6.842959 7.503510
6.405043 6.620966
5.255961 10.098165
9.406246 6.082013
11.526011 3.540010
6.405043 6.620966
6.387290 6.286701
6.405043 6.620966
6.458093 6.771031
6.579931 6.196918
6.048100 10.415765
6.469436 6.798968
6.373314 6.328468
9.059584 4.188266
6.743393 6.230087
11.664750 3.697145
3.624749 10.594974
7.273343 6.488431
10.272666 4.754007
9.214744 4.249037
12.613696 4.521052
6.405043 6.620966
5.255961 10.098165
11.526011 3.540010
6.387290 6.286701
6.405043 6.620966
6.579931 6.196918
6.373314 6.328468
9.059584 4.188266
6.743393 6.230087
3.624749 10.594974
9.214744 4.249037
3.093083 10.313754
8.550776 4.667839
3.686494 9.743965
10.738297 3.031177
10.797640 3.621183
5.194479 10.112906
6.427619 6.262934
6.579931 6.196918
9.062699 4.162901
