4.612523 14.607949
10.999976 5.855405
11.011154 12.649359
10.439879 7.302469
9.584029 6.784148
10.806860 2.572613
14.651610 11.713626
5.149678 14.748247
10.026271 7.054033
12.274447 6.042000
10.439879 7.302469
4.612523 14.607949
12.529059 4.763556
12.092172 6.299744
9.396369 6.269115
14.995971 9.973712
12.854712 12.806988
9.627681 5.675089
11.610293 9.209012
11.011154 12.649359
4.612523 14.607949
10.999976 5.855405
9.584029 6.784148
10.806860 2.572613
10.026271 7.054033
12.274447 6.042000
4.612523 14.607949
12.529059 4.763556
12.092172 6.299744
9.396369 6.269115
9.627681 5.675089
11.598215 4.592144
4.288993 14.634697
3.783639 14.409940
9.396369 6.269115
4.502270 14.550002
4.630564 14.513615
10.561049 5.254227
12.061328 6.741204
4.244637 14.257933
10.999976 5.855405
10.806860 2.572613
12.529059 4.763556
9.396369 6.269115
9.627681 5.675089
11.598215 4.592144
4.288993 14.634697
3.783639 14.409940
9.396369 6.269115
4.630564 14.513615
10.561049 5.254227
4.244637 14.257933
9.071490 5.629145
4.105980 14.373963
8.785599 4.933564
11.071620 5.640423
4.255825 14.417960
10.561049 5.254227
9.144776 5.781271
4.142432 14.202665
10.806860 2.572613
12.529059 4.763556
11.598215 4.592144
3.783639 14.409940
10.561049 5.254227
4.244637 14.257933
9.071490 5.629145
4.105980 14.373963
8.785599 4.933564
4.255825 14.417960
4.142432 14.202665
3.993274 14.347198
10.806860 2.572613
9.071490 5.629145
4.244637 14.257933
3.321578 13.812513
8.837069 4.969997
8.092925 4.925588
8.360564 4.678111
11.847406 3.317159
10.806860 2.572613
12.529059 4.763556
11.598215 4.592144
8.785599 4.933564
10.806860 2.572613
3.321578 13.812513
8.837069 4.969997
8.092925 4.925588
8.360564 4.678111
11.847406 3.317159
7.734661 5.057613
3.350433 13.705023
3.383163 13.782664
3.216600 14.123524
3.363663 14.230759
8.108924 5.036843
3.613800 14.157096
8.718245 4.328189
8.170607 4.710454
10.400915 3.257038
