12.620099 15.262062
15.091915 12.572216
9.892282 12.256757
9.624099 15.706100
10.783739 12.057442
10.184314 13.294053
10.794683 7.186926
11.699834 5.700383
12.119259 17.008575
17.223257 10.962963
12.774654 11.515893
10.783739 12.057442
12.092947 16.997627
10.783739 12.057442
11.901999 13.292559
10.399063 4.278758
6.788342 6.824220
6.499127 10.230543
5.930455 7.189027
10.769257 6.735099
9.892282 12.256757
9.624099 15.706100
10.783739 12.057442
10.794683 7.186926
11.699834 5.700383
10.783739 12.057442
10.399063 4.278758
6.788342 6.824220
6.499127 10.230543
5.930455 7.189027
10.769257 6.735099
9.624099 15.706100
6.664616 8.488932
11.055595 3.237239
6.139822 9.843958
10.399063 4.278758
10.301928 3.822155
9.362073 3.931816
5.532531 7.213900
9.117122 15.950323
10.399063 4.278758
6.788342 6.824220
6.499127 10.230543
5.930455 7.189027
6.664616 8.488932
11.055595 3.237239
6.139822 9.843958
10.399063 4.278758
10.301928 3.822155
9.362073 3.931816
5.532531 7.213900
6.291774 6.605147
6.793028 6.833836
10.451715 3.208346
10.399063 4.278758
10.337070 4.016058
10.399063 4.278758
11.055219 3.226685
10.309079 3.328542
11.147273 3.010339
6.788342 6.824220
5.930455 7.189027
11.055595 3.237239
6.139822 9.843958
10.301928 3.822155
9.362073 3.931816
5.532531 7.213900
6.291774 6.605147
10.451715 3.208346
10.337070 4.016058
11.055219 3.226685
10.309079 3.328542
11.147273 3.010339
6.284628 6.418230
9.493217 4.120453
11.664868 2.916124
10.612707 3.101972
5.758599 7.073197
6.592463 6.115385
9.540056 4.073627
5.930455 7.189027
10.301928 3.822155
9.362073 3.931816
5.532531 7.213900
6.291774 6.605147
10.451715 3.208346
10.337070 4.016058
11.055219 3.226685
10.309079 3.328542
11.147273 3.010339
6.284628 6.418230
9.493217 4.120453
11.664868 2.916124
10.612707 3.101972
5.758599 7.073197
6.592463 6.115385
11.147273 3.010339
6.580119 6.355289
10.301928 3.822155
9.336853 4.145091
