10.218144 7.730354
7.900066 7.683892
9.643710 3.954973
8.979311 11.583563
13.672678 17.117233
14.200191 4.712894
10.526176 3.430346
8.163362 5.286571
14.265100 10.401329
16.564384 10.329042
11.901484 17.335629
11.216349 17.408464
11.131241 11.285776
10.351436 4.444842
9.510890 3.394758
13.729918 11.085292
9.728371 3.698680
7.640803 7.200199
14.200191 4.712894
11.570251 10.862086
7.900066 7.683892
9.643710 3.954973
8.979311 11.583563
14.200191 4.712894
10.526176 3.430346
8.163362 5.286571
10.351436 4.444842
9.510890 3.394758
9.728371 3.698680
7.640803 7.200199
14.200191 4.712894
10.351436 4.444842
11.199512 5.836364
10.450959 5.292059
7.902022 7.686434
9.441783 5.734495
7.354791 5.636452
11.253724 4.904328
9.728371 3.698680
6.006059 14.157863
7.900066 7.683892
9.643710 3.954973
10.526176 3.430346
8.163362 5.286571
9.510890 3.394758
9.728371 3.698680
7.640803 7.200199
9.441783 5.734495
7.354791 5.636452
9.728371 3.698680
6.006059 14.157863
10.589591 3.394770
10.526176 3.430346
8.258622 7.329873
10.090784 6.070005
9.349228 4.413912
10.237863 4.291968
10.228094 3.353958
9.728371 3.698680
10.580234 3.144882
9.643710 3.954973
10.526176 3.430346
8.163362 5.286571
9.510890 3.394758
9.728371 3.698680
7.640803 7.200199
7.354791 5.636452
9.728371 3.698680
6.006059 14.157863
10.589591 3.394770
10.526176 3.430346
9.349228 4.413912
10.228094 3.353958
9.728371 3.698680
10.580234 3.144882
10.192981 3.474904
7.593591 5.366462
10.415462 3.265698
10.127492 3.643317
8.762505 4.374197
9.643710 3.954973
8.163362 5.286571
9.510890 3.394758
7.354791 5.636452
9.349228 4.413912
10.228094 3.353958
10.580234 3.144882
7.593591 5.366462
10.415462 3.265698
10.127492 3.643317
8.762505 4.374197
5.689121 13.798046
7.086194 5.624411
10.417975 3.272565
9.349228 4.413912
9.254105 4.350026
9.337422 3.417486
3.736195 12.875232
10.855937 3.156897
8.472969 5.475063
