10.678427 17.068262
13.197496 5.034575
11.371937 17.163309
13.373251 12.071270
7.447606 12.476761
13.832694 8.841862
11.753939 8.776355
5.552617 9.554157
14.597998 7.388367
12.780039 3.951996
11.715718 8.737041
12.782215 10.589475
9.895864 12.286296
13.798225 8.244167
13.489892 8.067405
8.307830 12.845253
12.879684 10.047238
14.110832 13.000668
14.773922 10.864286
11.673429 3.802752
10.678427 17.068262
13.197496 5.034575
7.447606 12.476761
11.753939 8.776355
5.552617 9.554157
14.597998 7.388367
12.780039 3.951996
11.715718 8.737041
9.895864 12.286296
13.798225 8.244167
13.489892 8.067405
8.307830 12.845253
11.673429 3.802752
9.620430 6.732735
9.617130 5.746352
14.312793 7.606550
7.447606 12.476761
5.396378 9.422878
11.715718 8.737041
11.113889 7.585332
13.197496 5.034575
7.447606 12.476761
5.552617 9.554157
12.780039 3.951996
9.895864 12.286296
11.673429 3.802752
9.620430 6.732735
9.617130 5.746352
7.447606 12.476761
5.396378 9.422878
10.150064 7.207809
14.176262 4.951303
10.118856 6.817307
7.348706 12.233038
13.197496 5.034575
9.981769 7.054127
10.279050 5.797113
4.808833 10.030786
11.876883 4.132903
4.517430 11.414675
13.197496 5.034575
5.552617 9.554157
12.780039 3.951996
11.673429 3.802752
9.620430 6.732735
9.617130 5.746352
5.396378 9.422878
14.176262 4.951303
13.197496 5.034575
9.981769 7.054127
10.279050 5.797113
4.808833 10.030786
11.876883 4.132903
4.517430 11.414675
4.229588 8.345732
3.339526 9.948024
11.468891 6.041972
13.358642 5.321061
6.317959 10.003773
8.098470 4.943654
13.197496 5.034575
12.780039 3.951996
11.673429 3.802752
9.620430 6.732735
9.617130 5.746352
5.396378 9.422878
14.176262 4.951303
13.197496 5.034575
10.279050 5.797113
4.808833 10.030786
11.876883 4.132903
4.517430 11.414675
4.229588 8.345732
3.339526 9.948024
8.098470 4.943654
4.229588 8.345732
3.756314 10.633569
4.399288 8.834665
10.279050 5.797113
14.176262 4.951303
12.780039 3.951996
11.673429 3.802752
14.176262 4.951303
11.876883 4.132903
4.229588 8.345732
3.339526 9.948024
8.098470 4.943654
4.229588 8.345732
3.756314 10.633569
4.399288 8.834665
14.176262 4.951303
8.055706 4.933413
9.617130 5.746352
4.061371 8.659105
3.339526 9.948024
3.554251 10.341137
10.414449 4.922150
3.884825 9.078374
4.834105 9.127753
11.876883 4.132903
12.780039 3.951996
11.673429 3.802752
4.229588 8.345732
3.339526 9.948024
8.098470 4.943654
4.229588 8.345732
3.756314 10.633569
8.055706 4.933413
4.061371 8.659105
3.339526 9.948024
3.554251 10.341137
10.414449 4.922150
3.884825 9.078374
11.173485 2.371100
8.304931 4.717146
10.414449 4.922150
8.055706 4.933413
13.802577 3.309190
11.666932 4.847911
4.050798 8.654843
11.673429 3.802752
4.229588 8.345732
3.339526 9.948024
8.098470 4.943654
4.229588 8.345732
8.055706 4.933413
4.061371 8.659105
3.339526 9.948024
3.884825 9.078374
11.173485 2.371100
8.304931 4.717146
8.055706 4.933413
13.802577 3.309190
11.666932 4.847911
4.050798 8.654843
8.188065 4.733044
3.842900 9.195964
3.185950 9.864731
4.203751 8.310685
11.205866 2.356920
3.339526 9.948024
8.055706 4.933413
3.884825 9.078374
11.173485 2.371100
8.304931 4.717146
8.055706 4.933413
13.802577 3.309190
8.188065 4.733044
3.842900 9.195964
3.185950 9.864731
4.203751 8.310685
11.205866 2.356920
8.074263 4.821800
8.188065 4.733044
7.827496 5.073473
8.906931 4.690805
3.967040 8.520167
11.140434 2.441413
8.188065 4.733044
4.653193 8.260568
8.055706 4.933413
3.884825 9.078374
11.173485 2.371100
8.304931 4.717146
8.055706 4.933413
3.842900 9.195964
3.185950 9.864731
4.203751 8.310685
11.205866 2.356920
8.074263 4.821800
8.188065 4.733044
3.967040 8.520167
8.188065 4.733044
4.653193 8.260568
11.139091 2.440230
7.822907 5.073080
8.781478 4.273189
8.073279 4.821904
10.626324 2.653632
10.384512 3.141561
8.055706 4.933413
11.173485 2.371100
8.304931 4.717146
3.185950 9.864731
4.203751 8.310685
11.205866 2.356920
8.074263 4.821800
3.967040 8.520167
8.188065 4.733044
4.653193 8.260568
11.139091 2.440230
7.822907 5.073080
8.781478 4.273189
10.626324 2.653632
10.384512 3.141561
11.082500 2.496661
3.782070 8.969132
8.519456 4.473471
8.781478 4.273189
10.613393 2.800877
8.055706 4.933413
8.304931 4.717146
3.185950 9.864731
4.203751 8.310685
11.205866 2.356920
8.074263 4.821800
3.967040 8.520167
8.188065 4.733044
4.653193 8.260568
7.822907 5.073080
10.626324 2.653632
10.384512 3.141561
11.082500 2.496661
3.782070 8.969132
8.519456 4.473471
10.613393 2.800877
3.185950 9.864731
7.822907 5.073080
8.790314 4.259815
8.519456 4.473471
8.055706 4.933413
3.185950 9.864731
4.203751 8.310685
11.205866 2.356920
8.074263 4.821800
3.967040 8.520167
8.188065 4.733044
4.653193 8.260568
10.626324 2.653632
10.384512 3.141561
11.082500 2.496661
3.782070 8.969132
10.613393 2.800877
3.185950 9.864731
8.790314 4.259815
8.519456 4.473471
8.877161 4.195785
8.790314 4.259815
7.671391 5.109537
8.440172 4.694751
