9.916041 3.778853
12.553334 4.345340
4.673001 10.927156
12.343419 4.870158
4.960628 12.281888
13.501881 9.139166
9.787588 10.531278
8.923830 15.667139
9.523495 9.904046
9.713472 10.294489
7.171994 9.223745
9.523495 9.904046
4.565598 11.021318
4.352019 10.161600
4.960628 12.281888
5.096678 10.704674
12.978812 6.542845
9.523495 9.904046
9.544203 11.725944
13.563613 9.061660
9.916041 3.778853
12.553334 4.345340
4.673001 10.927156
12.343419 4.870158
4.960628 12.281888
7.171994 9.223745
4.565598 11.021318
4.352019 10.161600
4.960628 12.281888
5.096678 10.704674
12.978812 6.542845
4.281809 9.803327
9.218975 9.688739
4.892508 10.732534
14.083021 8.927093
8.663131 8.924712
4.927355 11.134488
12.606477 4.890643
4.719612 9.059662
7.881216 9.356639
9.916041 3.778853
12.553334 4.345340
12.343419 4.870158
7.171994 9.223745
4.565598 11.021318
4.352019 10.161600
12.978812 6.542845
4.281809 9.803327
9.218975 9.688739
8.663131 8.924712
12.606477 4.890643
4.719612 9.059662
7.881216 9.356639
3.954807 9.236163
9.217537 5.122775
4.133031 9.586416
7.171994 9.223745
4.281809 9.803327
12.440363 4.932987
13.564457 4.039604
9.916041 3.778853
12.553334 4.345340
12.343419 4.870158
7.171994 9.223745
4.281809 9.803327
8.663131 8.924712
4.719612 9.059662
7.881216 9.356639
3.954807 9.236163
9.217537 5.122775
4.133031 9.586416
7.171994 9.223745
4.281809 9.803327
13.564457 4.039604
4.097188 9.062346
9.869596 4.305623
10.222196 4.579158
6.904371 5.717907
4.848774 8.073057
9.203238 4.002475
9.916041 3.778853
12.553334 4.345340
3.954807 9.236163
9.217537 5.122775
13.564457 4.039604
4.097188 9.062346
9.869596 4.305623
10.222196 4.579158
6.904371 5.717907
4.848774 8.073057
9.203238 4.002475
4.710876 9.057414
3.935132 9.532935
4.212755 8.905655
4.634972 9.107738
3.959343 9.342987
5.659709 8.234247
3.995844 9.452344
5.018575 8.541047
12.436620 4.241241
