12.219349 13.868675
11.428632 4.451499
11.056860 15.871993
13.667970 7.372784
9.326238 6.049716
7.612972 10.573038
9.937248 6.884578
9.923196 7.494548
6.437458 9.309489
12.379468 16.376619
9.369873 6.514596
9.125308 8.975833
12.219349 13.868675
12.349984 6.220774
9.923196 7.494548
12.219349 13.868675
13.667970 7.372784
12.836282 7.530619
12.325635 6.516028
11.363833 4.533058
11.428632 4.451499
13.667970 7.372784
9.326238 6.049716
7.612972 10.573038
9.937248 6.884578
9.923196 7.494548
6.437458 9.309489
9.369873 6.514596
9.125308 8.975833
12.349984 6.220774
13.667970 7.372784
12.325635 6.516028
11.363833 4.533058
9.393678 7.047665
12.397738 6.321880
7.544072 10.511392
11.428632 4.451499
12.289346 4.260448
8.511800 11.153649
9.801673 7.190663
11.428632 4.451499
9.326238 6.049716
7.612972 10.573038
9.937248 6.884578
6.437458 9.309489
9.369873 6.514596
9.125308 8.975833
12.349984 6.220774
11.363833 4.533058
9.393678 7.047665
7.544072 10.511392
11.428632 4.451499
12.289346 4.260448
8.511800 11.153649
12.274445 2.822653
6.418690 10.473596
11.493120 4.514363
11.428632 4.451499
11.878345 5.801853
12.289346 4.260448
11.428632 4.451499
9.326238 6.049716
6.437458 9.309489
9.369873 6.514596
9.125308 8.975833
11.363833 4.533058
7.544072 10.511392
11.428632 4.451499
12.289346 4.260448
12.274445 2.822653
6.418690 10.473596
11.493120 4.514363
11.428632 4.451499
12.289346 4.260448
11.617531 4.665294
7.324488 10.313991
6.418690 10.473596
7.784518 10.033491
11.363833 4.533058
9.940072 4.973695
11.428632 4.451499
9.326238 6.049716
6.437458 9.309489
9.125308 8.975833
11.363833 4.533058
12.289346 4.260448
12.274445 2.822653
6.418690 10.473596
11.428632 4.451499
12.289346 4.260448
7.324488 10.313991
6.418690 10.473596
7.784518 10.033491
11.363833 4.533058
9.940072 4.973695
9.195150 3.727249
8.241072 8.220547
6.054627 9.619289
11.363833 4.533058
12.991203 3.757116
11.428632 4.451499
9.326238 6.049716
6.437458 9.309489
9.125308 8.975833
11.363833 4.533058
12.274445 2.822653
11.428632 4.451499
11.363833 4.533058
9.940072 4.973695
9.195150 3.727249
8.241072 8.220547
6.054627 9.619289
11.363833 4.533058
11.525969 2.793068
9.188762 6.278403
6.413897 8.988845
6.066049 9.625589
9.125308 8.975833
8.887482 4.009570
11.492587 3.412768
9.326238 6.049716
6.437458 9.309489
9.125308 8.975833
12.274445 2.822653
9.195150 3.727249
8.241072 8.220547
6.054627 9.619289
11.525969 2.793068
9.188762 6.278403
6.413897 8.988845
8.887482 4.009570
11.492587 3.412768
6.035277 9.080960
12.274445 2.822653
5.969436 7.609295
8.773284 3.846197
9.512676 4.146005
6.124163 9.538610
11.539239 3.057679
12.553297 3.212601
12.274445 2.822653
9.195150 3.727249
11.525969 2.793068
9.188762 6.278403
8.887482 4.009570
11.492587 3.412768
12.274445 2.822653
5.969436 7.609295
8.773284 3.846197
9.512676 4.146005
11.539239 3.057679
5.971077 9.159520
12.274521 2.823578
10.977198 2.934498
9.030139 3.735846
11.628731 2.756581
11.952502 2.513687
9.045625 3.662059
8.419074 8.132256
5.087939 7.129339
9.195150 3.727249
11.525969 2.793068
8.887482 4.009570
11.492587 3.412768
5.969436 7.609295
8.773284 3.846197
11.539239 3.057679
10.977198 2.934498
9.030139 3.735846
11.628731 2.756581
11.952502 2.513687
9.045625 3.662059
5.087939 7.129339
12.027623 2.637879
5.379332 7.842605
11.637179 2.826861
11.628731 2.756581
11.113717 2.840056
5.969436 7.609295
10.870780 2.960638
9.195150 3.727249
8.887482 4.009570
11.492587 3.412768
8.773284 3.846197
10.977198 2.934498
9.030139 3.735846
11.952502 2.513687
9.045625 3.662059
5.087939 7.129339
11.113717 2.840056
10.870780 2.960638
11.499708 2.700319
9.030139 3.735846
11.278790 2.801658
5.328650 7.456772
5.087939 7.129339
12.035559 2.559090
11.473935 2.733384
11.494443 2.776204
9.147617 3.555476
8.773284 3.846197
10.977198 2.934498
9.030139 3.735846
11.952502 2.513687
9.045625 3.662059
5.087939 7.129339
11.113717 2.840056
10.870780 2.960638
11.499708 2.700319
9.030139 3.735846
11.278790 2.801658
5.087939 7.129339
11.473935 2.733384
9.147617 3.555476
5.088555 7.131132
5.087939 7.129339
5.087939 7.129339
10.870780 2.960638
11.691438 2.559507
11.934116 2.506326
8.773284 3.846197
9.030139 3.735846
9.045625 3.662059
5.087939 7.129339
11.113717 2.840056
10.870780 2.960638
11.499708 2.700319
9.030139 3.735846
11.278790 2.801658
11.473935 2.733384
9.147617 3.555476
11.691438 2.559507
11.934116 2.506326
10.937090 2.927153
5.402558 6.923971
5.087939 7.129339
11.106239 2.871280
5.087939 7.129339
8.773284 3.846197
10.973115 2.908171
8.773284 3.846197
9.030139 3.735846
9.045625 3.662059
10.870780 2.960638
11.499708 2.700319
9.030139 3.735846
11.278790 2.801658
11.473935 2.733384
9.147617 3.555476
11.691438 2.559507
11.934116 2.506326
10.937090 2.927153
5.402558 6.923971
11.106239 2.871280
8.773284 3.846197
10.973115 2.908171
11.152051 2.811801
11.278790 2.801658
11.932864 2.509796
5.083467 7.106587
