1.399882 15.085340
4.520451 22.940540
1.229877 31.861221
1.495514 15.205237
4.743349 18.396929
1.329512 19.837217
5.843904 17.432789
1.262862 32.162460
1.280947 26.090212
4.450016 22.765078
4.480281 22.836138
4.773133 18.336594
4.440912 18.673235
5.864247 17.054705
1.296193 32.602207
1.902095 15.119713
1.854615 15.081386
1.235914 31.340078
1.329512 19.837217
5.909251 17.469257
1.399882 15.085340
4.520451 22.940540
1.229877 31.861221
1.495514 15.205237
5.843904 17.432789
4.450016 22.765078
4.440912 18.673235
5.864247 17.054705
1.296193 32.602207
1.235914 31.340078
5.909251 17.469257
1.317509 26.296358
4.440912 18.673235
1.388700 15.253497
1.902095 15.119713
5.016185 15.065467
4.484844 17.640980
1.853773 15.068346
1.366305 33.083466
1.248701 15.430918
1.229877 31.861221
1.495514 15.205237
4.450016 22.765078
4.440912 18.673235
5.864247 17.054705
1.296193 32.602207
1.235914 31.340078
5.909251 17.469257
1.317509 26.296358
1.388700 15.253497
5.016185 15.065467
1.248701 15.430918
1.327268 18.822206
1.824273 15.029958
4.741282 23.353067
1.884663 15.051619
5.539923 23.808273
5.349697 17.212069
4.843589 17.366570
4.590765 15.017062
1.229877 31.861221
1.495514 15.205237
4.450016 22.765078
4.440912 18.673235
5.864247 17.054705
1.296193 32.602207
1.235914 31.340078
1.317509 26.296358
1.388700 15.253497
5.016185 15.065467
1.248701 15.430918
1.327268 18.822206
5.539923 23.808273
5.349697 17.212069
4.590765 15.017062
1.896886 15.024506
2.383201 15.147918
3.447057 15.156093
5.915860 17.323641
1.727908 15.045207
1.229877 31.861221
1.495514 15.205237
4.450016 22.765078
4.440912 18.673235
1.296193 32.602207
1.388700 15.253497
1.327268 18.822206
5.539923 23.808273
4.590765 15.017062
1.896886 15.024506
2.383201 15.147918
3.447057 15.156093
6.256454 24.650528
1.228806 15.041588
7.084933 17.979073
5.020637 15.001489
7.223336 24.899651
1.254981 26.481333
3.292236 15.021081
5.052100 16.569998
