1.54244 2.86583e-75 6.22968e-39 
1.3149 2.75234e-20 5.15361e-05 
1.23003 0.0997224 7.0912e-35 
1.69257 1.58077e-44 4.23686e-171 
1.42954 6.78456e-57 1.54157e-05 
1.7166 3.70749e-21 4.52669e-06 
1.48981 9.99417e-101 4.75979e-36 
1.3895 3.78634e-132 0.000733056 
1.36333 2.3341e-38 9.60588e-93 
1.41708 1.07551e-84 1.07079e-53 
1.39476 2.33209e-65 2.37824e-06 
1.43332 2.54108e-32 0.00036022 
1.70259 4.45853e-72 1.77069e-94 
1.0486 6.44087e-16 7.15126e-46 
1.84544 2.48505e-09 4.51299e-108 
1.53762 3.49023e-25 2.53081e-10 
1.3549 2.78014e-104 4.86488e-47 
1.48802 4.22675e-29 3.13116e-08 
1.52269 0.000204497 1.4664e-52 
1.59869 6.65293e-12 1.54131e-55 
1.72051 0.0801225 5.54656e-44 
1.31729 1.74404e-61 1.27384e-127 
1.23213 2.13857e-14 1.64077e-16 
1.36448 0.266461 1.42831e-13 
1.50608 2.86943e-34 8.74363e-154 
1.62315 1.53009e-06 1.39468e-258 
1.77473 3.63565e-30 1.59933e-121 
1.2363 3.99436e-24 5.04027e-14 
1.72019 0.00747939 2.62834e-19 
1.33066 3.35975e-18 6.58428e-24 
1.38992 1.7538e-13 1.98275e-37 
1.25305 1.14722e-88 4.70531e-51 
1.64721 1.04858e-12 1.84587e-07 
1.45205 2.85412e-47 3.59804e-101 
1.51471 2.37442e-05 1.33098e-62 
1.53762 8.19704e-52 3.74635e-23 
1.74934 3.12933e-25 7.94411e-135 
1.42406 7.39674e-16 1.3413e-30 
1.5713 4.3822e-11 7.88514e-58 
1.42361 1.47193e-28 8.19165e-18 
1.81118 8.48804e-10 5.37314e-15 
1.34842 1.19194e-223 1.25044e-66 
1.56562 3.17254e-08 0.00548373 
1.4478 2.79436e-54 7.65288e-49 
1.13978 4.48338e-22 1.36351e-33 
1.53193 7.57532e-11 1.58577e-42 
1.28771 4.83215e-21 1.33267e-29 
1.39733 2.50113e-48 5.50299e-29 
1.41162 3.88453e-55 3.10568e-65 
1.6155 6.57982e-93 8.9339e-11 
1.22513 2.56551e-23 3.59584e-80 
1.6926 8.38e-46 5.17543e-59 
1.32959 1.4628e-69 8.56415e-22 
1.27501 0.000456526 2.41725e-110 
1.55441 1.30894e-26 7.90764e-27 
1.361 1.09767e-35 1.3013e-72 
1.26907 0.805178 2.50455e-42 
1.29549 2.98478e-06 0.16141 
1.30613 1.67094e-151 2.67464e-12 
1.68567 5.69568e-28 1.21954e-27 
1.47688 2.66954e-37 1.15973e-86 
1.60491 3.36621e-58 6.68825e-15 
1.47581 2.45458e-41 3.87433e-60 
1.28828 2.6448e-31 1.34749e-74 
1.522 3.3618e-17 1.26719e-40 
1.62975 3.70882e-82 2.81168e-11 
1.35237 5.16008e-07 1.00982e-20 
2.04194 5.13214e-19 8.66269e-20 
1.67921 8.00354e-08 2.1704e-32 
1.62818 6.82385e-15 4.51144e-25 
1.57589 3.94366e-64 2.03399e-09 
1.17465 7.39681e-67 0.349266 
1.31556 1.12503e-08 3.31989e-86 
1.3881 1.79891e-119 4.81849e-71 
1.54653 1.18543e-42 1.03706e-12 
1.61773 0.000149863 6.62902e-22 
1.40034 9.6065e-50 6.93833e-07 
1.45219 2.94839e-17 1.18394e-08 
1.4796 2.46423e-40 1.07572e-25 
1.81668 5.78425e-33 1.13271e-16 
1.72842 1.99803e-139 1.22735e-77 
1.0242 5.33893e-98 1.6781 
1.44685 6.83772e-114 1.95355e-38 
1.62305 0.00564475 7.83524e-32 
1.43752 4.78053e-174 2.40859e-18 
1.69499 1.12979e-39 0.0266806 
1.90827 3.33597e-77 0.0114203 
1.340289 0.000000 0.000000 
1.229727 0.000000 0.000000 
1.400223 0.000000 0.000000 
1.465956 0.000000 0.000000 
1.335610 0.000000 0.000000 
1.308645 0.000000 0.000000 
1.431894 0.000000 0.000000 
1.350358 0.000000 0.000000 
1.407428 0.000000 0.000000 
1.279813 0.000000 0.000001 
1.145362 0.000000 0.000000 
1.336131 0.000000 0.000000 
1.543781 0.000000 0.000000 
1.17817 1.04272e-11 2.11543e-38 
1.28637 2.06185e-125 6.41952e-125 
1.45372 1.77036e-27 4.4605e-40 
1.28767 1.34137e-29 1.34672e-116 
1.48617 4.62674e-21 8.1702e-27 
1.48197 4.13279e-63 3.496e-09 
1.25467 0.00115934 5.05448e-34 
1.47145 2.58803e-64 1.89542e-105 
1.58494 1.825e-30 2.97236e-55 
1.49831 1.6443e-168 0.000277354 
1.46399 1.81419e-72 2.86924e-66 
1.45261 3.62761e-07 8.04368e-17 
1.51857 1.18133e-31 7.20061e-20 
1.27042 0.000225489 2.76647e-13 
1.24963 5.55402e-10 1.03723e-17 
1.63289 5.04722e-06 1.14072e-84 
1.37877 3.546e-24 2.22688e-09 
1.5414 1.12951e-83 2.69996e-34 
1.59404 4.2277e-47 3.24166e-91 
1.78544 3.15921e-22 3.1575e-39 
1.70832 6.44149e-92 1.43466e-11 
1.71843 9.5804e-60 9.03277e-79 
1.26445 2.20336e-14 2.31392e-37 
1.6276 3.78832e-81 6.08469e-13 
1.80107 1.75478e-52 1.41128e-35 
1.89314 4.39998e-38 3.28766e-30 
1.76993 2.11024e-234 3.66548e-22 
1.44262 1.51807e-10 1.5517e-82 
1.34394 1.77659e-160 3.09676e-16 
1.12135 1.62893e-06 6.16665e-50 
1.43436 5.33452e-67 1.68752e-08 
1.54976 1.28244e-05 0.00132299 
1.33734 8.44284e-46 1.50922e-41 
1.53091 3.72741e-88 7.94499e-23 
1.78168 5.91435e-19 8.90357e-102 
1.59846 6.61247e-39 3.79201e-28 
1.44441 3.10113e-18 2.01698e-05 
1.48168 3.45393e-35 7.13659e-14 
1.40041 0.0407369 2.11683e-54 
1.14848 1.14507e-77 1.48266e-268 
1.3984 5.81128e-26 2.74669e-63 
1.53322 1.60746e-112 3.27628e-06 
1.25787 3.00618e-75 0.0353145 
1.31029 2.54277e-48 5.72263e-10 
1.66652 6.02094e-12 2.61833e-32 
1.41614 3.37721e-17 6.15236e-49 
1.6274 4.85666e-45 3.2365e-21 
1.18801 3.60451e-57 0.746678 
1.60556 1.09196e-17 4.08519e-18 
1.44141 1.17957 8.35837e-46 
1.52196 3.54974e-28 1.97268e-141 
1.69579 5.9355e-32 0.444155 
1.53928 9.28495e-09 2.08185e-43 
1.50622 0.388813 2.13921e-19 
1.58234 2.75681e-23 1.38086e-56 
1.21379 4.96518e-27 9.21857e-07 
1.57289 1.45537e-42 7.46787e-148 
1.58633 1.84898e-21 1.26458e-10 
1.20041 1.32488e-60 1.44672e-113 
1.67144 1.43725e-99 2.12146e-176 
1.5326 9.1561e-20 0.16365 
1.20934 1.5736e-69 3.62532e-45 
1.64462 1.17322e-40 1.48047e-20 
1.50248 1.79604e-09 2.22568e-27 
1.85482 7.09416e-05 6.53024e-25 
1.59295 7.44173e-08 3.27283e-12 
1.89253 4.41373e-15 2.36896e-51 
1.26247 1.53867e-16 8.21898e-62 
1.75859 1.75425e-14 1.5411e-07 
1.35937 3.12574e-107 1.1818e-15 
1.4828 9.50442e-34 7.45933e-70 
1.78268 8.53811e-36 7.75001e-47 
1.75484 6.76075e-13 9.55672e-32 
1.38511 0.0943609 2.60772e-07 
1.40329 2.21403e-13 5.26264e-05 
1.27457 3.47898e-37 4.55339e-15 
1.46139 3.31443e-25 2.71576e-74 
1.52023 6.63335e-53 1.71166e-67 
1.39163 4.05269e-138 1.19912e-23 
1.50072 2.60849e-08 1.63221e-73 
1.32675 3.54264e-96 9.2659e-90 
1.4711 0.00201221 0.0111474 
1.69374 5.57865e-42 3.71088e-58 
1.20423 5.52008e-123 1.99032e-25 
1.59132 4.3754e-51 0.00393522 
1.4104 0.015348 2.63209e-29 
1.61269 4.17296e-55 2.76727e-95 
1.263800 0.000000 0.000000 
1.207351 0.000000 0.000000 
1.350607 0.000000 0.000000 
1.901390 0.000000 0.000000 
1.189408 0.000000 0.000000 
1.005120 0.000000 0.000000 
1.017502 0.000000 0.000000 
1.016242 0.000000 0.000000 
1.013899 0.000000 0.000000 
1.012361 0.000000 0.000000 
1.009606 0.000000 0.000000 
1.006505 0.000000 0.000000 
1.011388 0.000000 0.000000 
1.75025 2.37404e-41 1.98801e-36 
1.65772 2.89142e-33 1.35478e-69 
1.50735 3.39372e-21 8.95506e-08 
1.34757 7.20535e-272 1.75202e-11 
1.64324 1.17483e-17 4.41699e-73 
1.44639 2.0501e-06 1.01993e-85 
1.75816 5.4433e-122 1.09296e-33 
1.27064 1.04523e-36 9.7776e-59 
1.58734 9.081e-10 2.24913e-20 
1.57832 1.00473e-48 1.40647e-43 
1.90657 1.02674e-66 1.29166e-48 
1.34112 2.81574e-12 2.19824e-06 
1.48773 9.28654e-29 3.34429e-08 
1.57535 2.23645e-27 7.86854e-63 
1.51112 2.44935e-07 1.36957e-168 
1.39022 7.25892e-102 5.31575e-134 
1.32358 1.95788e-153 1.23765e-28 
1.40724 3.71958e-15 7.55756e-48 
1.52106 0.0732052 3.39002e-88 
1.5063 1.43133e-08 9.06538e-78 
1.36102 3.05802e-46 1.53459e-41 
1.64759 1.99723e-26 1.60112e-116 
1.70392 0.618644 0.0937936 
1.47207 5.37058e-140 8.05909e-39 
1.3098 1.69334e-32 5.45743e-30 
1.51251 4.45443e-10 1.60758e-64 
1.71296 8.93054e-09 4.49044e-15 
1.69689 2.89596e-11 1.19355e-17 
1.26851 1.77914e-44 7.03891e-16 
1.76412 1.50611e-14 0.0181237 
1.20539 1.45273e-19 7.07404e-06 
1.56888 3.89789e-31 1.23755e-09 
1.43549 0.00613076 5.83824e-28 
1.17579 4.89275e-60 8.53621e-17 
1.65281 1.57281e-20 1.44781e-56 
1.36978 4.96217e-14 1.50326e-67 
1.63303 6.78472e-188 7.28224e-50 
1.37218 3.4933e-20 0.0010171 
1.86003 7.39298e-51 2.05905e-12 
1.78281 2.82708e-94 3.22897e-75 
1.561 0.0569696 1.46318e-18 
1.40963 0.00216323 3.04841e-40 
1.65959 3.88152e-76 3.29666e-14 
1.35158 1.23901e-90 3.22584e-20 
1.61208 1.85598e-56 6.24949e-26 
1.60348 2.80753e-38 5.03373e-46 
1.14967 2.80336e-53 3.41847e-13 
1.43943 6.06835e-132 6.19087e-23 
1.45451 5.35538e-65 5.32869e-98 
1.3924 9.54482e-90 1.09009e-14 
1.34886 6.46792e-83 0.604309 
1.3337 1.24014e-10 2.28822e-60 
1.57529 0.00037591 4.75115e-30 
1.58422 1.82374e-07 3.38552e-07 
1.27766 2.29774e-23 0.992805 
1.11867 1.29025e-62 7.58251e-55 
1.37544 1.34039e-16 7.8408e-36 
1.40133 1.80939e-35 1.25798e-10 
1.43113 4.07397e-05 5.47331e-148 
1.5305 4.62201e-47 2.35657e-135 
1.65809 2.8956e-40 1.38539e-05 
1.82711 1.61586e-12 0.0839347 
1.25607 3.43073e-05 2.06472e-22 
1.66236 1.87395e-22 1.31031e-34 
1.36401 9.79058e-55 2.31714e-108 
1.36262 3.68749e-39 1.99599e-31 
1.38224 1.73627e-52 0.00204476 
1.55021 3.58897e-24 4.4072e-82 
1.26179 7.3291e-72 1.20059e-99 
1.37794 3.2533e-71 2.41551e-32 
1.74982 4.03333e-06 0.00026774 
1.17135 0.854609 3.19848e-52 
1.53763 1.23066e-43 1.04187e-26 
1.5113 3.3481e-112 7.11384e-247 
1.38373 1.52802e-18 6.6518e-24 
1.60202 3.98408e-26 3.01257e-44 
1.6251 3.11264e-34 6.73594e-91 
1.40732 7.43483e-31 8.76744e-12 
1.70343 2.34592e-16 0.000139274 
1.46191 0.00132119 8.81948e-25 
1.29781 2.83067e-86 4.46618e-10 
1.41512 2.41639e-60 2.55274e-21 
1.61031 1.50244e-108 9.88186e-116 
1.59011 1.27033e-13 3.54245e-53 
1.1731 9.23634e-78 7.08558e-19 
1.35203 2.58103e-25 9.28632e-38 
1.66897 4.28142e-29 4.44434e-09 
1.003428 0.000000 0.000000 
1.014185 0.000000 0.000000 
1.004196 0.000000 0.000000 
1.005332 0.000000 0.000000 
1.012583 0.000000 0.000000 
1.011180 0.000000 0.000000 
1.014513 0.000000 0.000000 
1.003333 0.000000 0.000000 
1.005734 0.000000 0.000000 
1.018331 0.000000 0.000000 
1.025069 0.000000 0.000000 
1.004604 0.000000 0.000000 
1.007258 0.000000 0.000000 
0.904799 0.990564 4.46051e-37 
1.65337 7.46229e-06 4.70079e-46 
1.41858 1.83172e-16 1.60219e-51 
1.65191 5.10765e-30 4.20841e-31 
1.29546 3.45183e-09 1.77371e-08 
1.62778 1.50086e-13 0.0450694 
1.25228 2.56171e-11 2.7614e-78 
1.21888 4.5086e-36 2.46161e-96 
1.39004 8.97545e-59 4.29915e-05 
1.13408 5.75279e-27 3.88588e-19 
1.6833 5.37622e-07 9.68822e-08 
1.15166 6.41217e-230 3.8294e-125 
1.29754 2.74812e-49 7.3321e-61 
1.35391 2.47309e-23 4.64318e-89 
1.76451 3.99433e-44 1.77349e-12 
1.64329 1.55657e-24 6.01353e-11 
1.62578 5.42399e-48 8.48331e-41 
1.58982 1.4948e-39 8.11876e-10 
1.34748 3.35063e-10 5.94992e-108 
1.44253 4.0667e-34 1.30338e-20 
1.20929 1.12293e-54 5.15665e-58 
1.4967 7.82118e-67 1.44163e-35 
1.49951 2.25293e-22 1.56515e-29 
1.69205 1.07648e-32 1.04068e-28 
1.78952 2.13876e-60 4.19271e-53 
1.44043 9.30157e-88 4.23303e-70 
1.73875 3.52712e-149 4.44798e-48 
1.66304 4.22069e-14 1.233e-43 
1.91531 5.74332e-42 2.10757e-100 
1.356 9.63182e-19 8.51029e-34 
1.52034 4.31922e-29 2.75981e-13 
1.53649 1.41607e-21 3.58438e-22 
1.44637 2.28829e-05 6.09037e-33 
1.33212 0.00021302 8.20073e-31 
1.35036 2.59848e-78 1.8622e-166 
1.30879 4.45876e-66 3.60984e-122 
1.3825 0.00796752 2.79477e-18 
1.63897 1.8105e-09 0.0189298 
1.40262 0.231008 2.04221e-83 
1.52805 1.29425e-93 1.07212e-34 
1.61807 9.6484e-50 1.69408e-137 
1.22633 1.1138e-36 7.22346e-42 
1.24271 0.0867639 4.61459e-75 
1.50665 5.44979e-15 0.000524713 
1.657 8.70511e-58 1.56594e-06 
1.76862 1.12466e-37 1.7205e-68 
2.02033 2.93649e-07 1.90183e-81 
1.44465 3.86736e-15 4.06756e-05 
1.70695 6.56931e-192 9.07733e-113 
1.6707 2.03288e-99 4.57228e-21 
1.82216 1.50614e-23 2.4152e-11 
1.62162 6.5553e-71 2.41541e-07 
1.6801 3.47495e-80 1.10324e-11 
1.20297 0.00141591 4.63638e-20 
1.16588 2.11754e-97 5.23356e-16 
1.39477 6.6965e-130 3.08821e-06 
1.62475 5.03952e-08 6.95115e-51 
1.49628 8.27762e-144 8.97539e-14 
1.56701 3.09832e-20 0.195486 
1.66223 8.14281e-05 5.83513e-25 
1.40642 0.00246908 4.61765e-23 
1.71573 1.40447e-40 2.1491e-09 
1.53381 2.82296e-113 4.59016e-162 
1.55098 1.51919e-51 1.29835e-17 
1.12531 2.70159e-121 7.75561e-27 
1.83019 1.22622e-11 6.10106e-63 
1.5786 1.28835e-06 5.70609e-17 
1.26448 9.24463e-46 7.65263e-16 
1.69217 0.0657477 9.78024e-73 
1.25111 3.8376e-104 2.19843e-90 
1.719 2.19392e-27 0.00503526 
1.36664 9.61536e-17 4.79291e-26 
1.58839 1.92553e-19 3.84694e-24 
1.36696 1.96139e-72 0.61689 
1.38746 2.55944e-20 7.32211e-15 
1.51667 3.05872e-17 1.1364e-65 
1.28114 7.55696e-26 3.53885e-222 
1.68574 5.40496e-53 2.11781e-44 
1.2364 1.9661e-31 5.53792e-48 
1.23478 2.229e-28 5.57354e-28 
1.62136 4.62128e-86 2.90935e-38 
1.63997 3.9843e-63 0.00123368 
1.49608 1.16884e-42 7.75361e-09 
1.38818 6.26307e-11 1.12718e-59 
0.148758 1.80594e-13 1.38179 
1.77867 4.02695e-74 3.38412e-39 
1.48195 6.58316e-34 8.02577e-55 
0.001526 0.000000 1.424613 
0.003127 0.000000 1.459554 
0.009465 0.000002 1.449058 
0.008461 0.000000 1.430015 
0.005412 0.000000 1.446017 
0.004585 0.000000 1.450745 
0.008014 0.000000 1.415388 
0.000343 0.000000 1.441527 
0.003994 0.000000 1.461176 
0.005036 0.000000 1.417774 
0.002598 0.000000 1.295796 
0.566371 0.000000 1.140941 
1.162011 0.000000 0.000462 
1.35741 1.64786e-23 2.53993e-35 
1.61951 9.35948e-54 6.99272e-31 
1.52984 7.49065e-11 7.84466e-13 
0.736915 1.2197 2.6695e-73 
1.73906 0.218054 1.04856e-32 
1.54952 3.45478e-22 4.31824e-11 
1.31909 1.77417e-103 4.00856e-60 
1.33513 9.78843e-48 2.20197e-52 
1.70889 2.73834e-13 1.93895e-22 
1.23334 8.59128e-41 1.2085e-43 
1.80343 2.31809e-25 6.60569e-09 
1.61548 3.69761e-16 4.01891e-59 
1.80889 1.0841e-178 1.3392e-07 
1.52737 6.46622e-05 0.00146218 
1.64363 1.23244e-58 3.42115e-24 
1.27605 2.65416e-136 6.80186e-65 
1.46343 1.64809e-24 7.93062e-10 
1.69188 2.52661e-11 0.406925 
1.54659 2.04905e-68 3.45716e-27 
1.77581 8.48948e-12 3.24e-103 
1.54551 7.08036e-114 3.88385e-16 
1.38807 5.49875e-30 0.0935234 
1.57871 3.17187e-41 1.4021e-19 
1.4794 3.46958e-119 2.50855e-18 
1.58472 2.2974e-214 4.59114e-23 
1.57255 9.29518e-56 2.98997e-55 
1.23422 0.228406 2.4961e-121 
1.43603 6.19725e-31 1.02886e-105 
1.65967 3.56057e-37 1.74229e-88 
1.43449 4.88068e-70 0.0123423 
1.38146 1.5267e-16 1.13517e-76 
1.35715 1.10907e-104 1.13098e-127 
1.1734 1.28194e-44 4.65164e-07 
1.31776 4.91985e-08 2.55401e-42 
1.7129 8.55525e-50 3.47341e-40 
1.3102 1.78364e-65 2.55466e-34 
1.70891 8.30186e-40 5.72061e-26 
1.53077 2.66068e-32 9.13398e-34 
1.76451 6.98238e-74 4.80549e-64 
1.41737 3.80795e-31 1.7906e-08 
1.41937 1.73826e-63 2.5307e-12 
1.47063 5.51698e-21 1.11171e-49 
1.04758 0.000121366 6.35083e-83 
1.63778 4.39672e-48 1.28535e-16 
1.23533 4.63711e-46 7.99651e-06 
1.84622 3.70844e-06 4.83565e-13 
1.65409 2.49558e-28 5.92952e-11 
1.55511 1.28696e-15 0.00576745 
1.74552 3.00072e-27 0.000428948 
1.4102 0.0033427 2.15663e-151 
1.53264 1.60794e-73 2.05356e-05 
1.3426 0.0217642 9.96108e-21 
1.53933 6.94939e-06 4.49054e-53 
1.7277 7.20692e-13 6.88804e-15 
1.41552 8.68095e-94 3.6552e-70 
1.55498 5.11389e-134 7.05538e-67 
1.72637 1.30703e-37 4.82673e-28 
1.43502 9.78972e-18 7.38516e-57 
1.44612 8.16277e-08 6.61872e-97 
1.56239 3.93939e-60 7.02675e-25 
1.17971 5.54996e-90 0.702922 
1.50912 0.0137221 2.97817e-15 
1.70765 6.10518e-07 3.66131e-26 
1.51689 5.66217e-27 2.04609e-06 
1.38064 4.70435e-18 4.37955e-215 
1.51546 6.57117e-15 5.55594e-86 
1.51754 1.39306e-19 4.07453e-79 
1.3734 5.52539e-24 6.27024e-94 
1.5974 4.26979e-05 3.3159e-116 
1.31113 2.96298e-81 2.27886e-39 
1.48148 9.03494e-97 3.8046e-21 
1.11368 6.69745e-35 3.66373e-38 
1.47612 4.92161e-160 4.18748e-47 
1.70144 6.55011e-14 2.73495e-142 
1.47625 8.78948e-10 2.40119e-31 
1.37034 2.10256e-35 2.88164e-17 
1.62466 3.37996e-19 4.08252e-185 
1.30977 2.04936e-33 1.53377e-49 
1.26687 6.01143e-86 1.11711e-45 
1.51824 3.95567e-43 1.00128e-09 
1.45047 0.00148054 1.01416e-36 
1.53683 1.27959e-51 1.17545e-44 
1.69515 2.43846e-10 1.52172e-29 
1.50594 7.7965e-58 5.74618e-19 
1.20498 3.51799e-21 0.0222363 
1.77835 4.24207e-77 0.000163669 
1.18561 3.52044e-09 7.53405e-14 
0.575711 1.194356 0.000000 
0.000177 1.268468 0.000000 
0.007603 1.254088 0.000000 
0.000176 1.258774 0.000000 
0.000176 1.263142 0.000000 
1.003584 0.000000 0.000000 
1.012785 0.000000 0.000000 
1.014833 0.000000 0.000000 
1.010182 0.000000 0.000000 
1.012930 0.000000 0.000000 
1.020069 0.000000 0.000000 
1.039874 0.000000 0.000000 
1.011053 0.000000 0.000000 
1.26069 1.81546e-69 9.30176e-35 
1.52782 1.40476e-15 6.58762e-19 
1.55307 1.79072e-06 4.78655e-67 
1.48744 1.30443e-31 9.57308e-05 
1.8464 3.47921e-96 2.78535e-93 
1.45674 5.64273e-33 2.56124e-23 
1.56064 2.89713e-39 8.61589e-49 
1.72228 1.27365e-88 3.72152e-56 
1.58327 1.93087e-60 4.32079e-17 
1.52762 7.13602e-113 1.05031e-85 
1.4365 2.42328e-16 2.40742e-75 
1.88636 7.82035e-12 2.73072e-126 
1.5972 7.96131e-23 5.27379e-14 
1.62994 1.00841e-36 2.8815e-10 
1.45947 1.96462e-81 1.83861e-33 
1.30303 1.40556e-20 4.41569e-15 
1.48261 0.0238487 4.09657e-09 
1.34816 0.274486 4.10401e-38 
1.72803 1.25332e-07 1.20554e-26 
1.86109 1.00588e-18 5.31138e-18 
1.64225 5.65006e-93 8.03213e-105 
1.45805 2.96925e-26 2.16481e-12 
1.39244 9.37672e-06 9.79777e-20 
1.44811 2.75087e-08 9.95235e-41 
1.28057 9.07599e-41 1.6929e-50 
1.28682 2.2397e-79 0.111671 
1.60972 1.36625e-10 0.0121536 
1.41072 7.02272e-30 2.61766e-06 
1.5327 1.4541e-09 4.89762e-319 
1.38182 3.205e-22 7.33166e-31 
1.4877 4.90521e-157 5.83259e-29 
1.33449 5.81475e-26 1.53477e-11 
1.31857 0.000133737 1.93733e-21 
1.71652 3.03852e-47 1.12616e-15 
1.50693 6.69759e-36 2.79673e-27 
1.28242 8.07769e-15 5.86421e-16 
1.52166 3.06613e-11 9.78585e-42 
1.57023 2.6691e-45 2.90966e-77 
1.74345 0.00547853 1.0896e-38 
1.36168 7.16203e-135 2.95069e-72 
1.47733 6.14579e-177 5.83244e-32 
1.65893 1.40739e-72 2.889e-07 
1.77196 4.67006e-43 0.0421184 
0.121794 8.70256e-36 1.31821 
1.41179 7.36561e-34 2.12177e-174 
1.59656 9.08718e-24 4.83988e-24 
1.76451 5.84026e-25 1.10782e-53 
1.53848 1.42011e-44 7.03302e-11 
1.70655 3.0317e-17 1.37989e-103 
1.33852 6.83027e-86 1.66959e-111 
1.25057 0.000575013 3.23864e-25 
1.12995 3.53285e-58 2.34394e-08 
1.7062 2.24881e-63 4.68693e-12 
1.52321 5.48528e-66 2.66909e-32 
1.56006 0.106205 7.35446e-87 
1.40431 2.13003e-53 3.91429e-124 
1.33273 1.67e-21 6.2731e-63 
1.75369 5.52042e-14 0.000534555 
1.59587 0.000185823 1.50821e-42 
1.23472 6.87888e-320 6.42326e-153 
1.29391 1.39413e-55 3.32163e-37 
1.67451 2.03062e-109 0.00110641 
1.31329 1.39265e-27 3.1879e-06 
1.28813 1.09524e-12 3.87076e-46 
1.68696 2.4397e-129 2.54011e-25 
1.62952 6.65325e-124 1.37063e-95 
1.58671 1.01357e-74 1.52289e-51 
1.31961 1.03126e-49 4.58145e-22 
1.58807 1.42704e-16 2.96365e-80 
1.56193 2.92625e-51 8.36324e-59 
1.54831 5.19927e-30 1.00581e-29 
1.20701 0.0166238 3.36093e-47 
1.70023 5.15696e-49 2.82651e-09 
1.33149 8.50754e-101 1.97916e-13 
0.281977 1.17582 7.42527e-36 
1.56498 2.4228e-41 0.00570721 
1.50516 2.22655e-10 3.43773e-65 
1.33514 1.28962e-13 6.30814e-62 
1.63897 1.32152e-19 2.6709e-17 
1.32861 3.45447e-07 2.9109e-05 
1.50268 7.788e-29 3.29111e-69 
1.37583 1.29826e-08 1.12208e-07 
1.53172 1.31333e-05 9.56111e-21 
1.46617 4.23406e-59 0.300409 
1.58097 1.98005e-18 4.07516e-45 
1.6053 3.01149e-38 1.12354e-139 
1.43934 2.96637e-68 2.299e-57 
1.233589 0.000125 0.000000 
1.835486 0.000000 0.000000 
1.374484 0.000000 0.000000 
1.324464 0.000000 0.000000 
1.189735 0.000000 0.000000 
1.277784 0.000000 0.000000 
1.295049 0.000000 0.000000 
1.293791 0.000000 0.000000 
1.253297 0.000000 0.000000 
1.563916 0.000000 0.000000 
1.258735 0.000000 0.000000 
1.448142 0.000000 0.000000 
1.338625 0.000000 0.000000 
1.54171 1.54212e-09 3.50221e-35 
1.59662 9.94203e-90 4.05959e-10 
1.48832 0.0160831 1.41046e-18 
1.51187 0.931065 9.19006e-22 
1.71647 1.94589e-59 3.63745e-12 
1.43156 2.55584e-47 6.46276e-38 
1.47987 1.3092e-54 9.157e-14 
1.34428 7.92128e-11 0.346081 
1.45205 3.87376e-76 2.14319e-62 
1.23747 2.8331e-19 9.06862e-196 
1.22728 9.93264e-05 1.42595e-49 
1.50877 9.5358e-24 1.07149e-52 
1.5338 2.0625e-45 2.09052e-39 
1.28604 4.01621e-30 4.12682e-46 
1.79791 5.25214e-33 4.30793e-19 
1.71675 1.22455e-83 1.96846e-24 
1.73359 2.12966e-27 9.49013e-166 
1.39821 1.29177e-39 8.09126e-33 
1.59662 1.32994e-24 1.60898e-28 
1.44025 7.36164e-22 2.2399e-09 
1.3927 3.94717e-38 1.39915e-47 
1.43373 6.25254e-35 9.27352e-27 
1.32556 0.374924 2.86811e-43 
1.49427 4.30152e-16 6.84376e-05 
1.59345 1.96555e-163 1.20238e-107 
1.40457 1.20499e-79 5.28527e-42 
1.23354 1.3374e-22 4.07923e-06 
1.83092 0.000276381 1.05056e-10 
1.43159 1.94139e-42 1.91244e-11 
1.5333 6.49167e-09 2.83332e-17 
1.72348 1.54701e-72 7.21621e-07 
1.50718 5.21221e-69 4.28409e-41 
1.24651 2.2838e-82 0.980289 
1.5806 2.73572e-11 6.8781e-140 
1.39994 2.6468e-129 4.05579e-98 
1.65244 1.09885e-67 1.06813e-72 
1.4916 7.77882e-26 2.42195e-102 
1.49644 3.37687e-05 2.89088e-54 
1.57916 1.49117e-06 7.48631e-60 
1.6885 1.84855e-23 3.239e-15 
1.78478 1.15788e-250 2.05343e-75 
1.68655 2.64464e-10 2.0145e-08 
1.24592 0.000540551 2.34415e-44 
1.51169 7.07558e-116 6.12034e-13 
1.93532 9.91028e-36 8.27092e-51 
1.22944 3.56424e-51 6.8594e-126 
1.15442 4.22238e-20 2.60884e-22 
1.48004 2.15546e-32 5.50705e-21 
1.78446 8.41898e-99 5.45486e-16 
1.42752 0.00243614 3.50917e-60 
1.34638 1.45445e-31 1.90107e-55 
1.20571 1.91616e-136 3.11161e-90 
1.38651 3.97054e-28 7.16552e-161 
1.72861 2.48406e-36 1.09366e-30 
1.74014 1.8606e-18 0.129002 
1.7345 5.15958e-57 8.9229e-80 
1.5225 9.20122e-21 4.39224e-17 
1.44076 1.67163e-62 0.0126655 
1.30628 5.22575e-14 9.25832e-28 
1.43759 9.52336e-08 2.7725e-83 
1.20022 1.89233e-64 8.05093e-57 
1.50871 5.35346e-12 7.26831e-122 
1.1677 2.74443e-51 1.68858e-24 
1.44674 1.81884e-61 0.000767436 
1.54647 0.0221172 8.24812e-32 
1.62866 1.08797e-100 1.81447e-06 
1.53376 7.10439e-45 6.2391e-08 
1.27082 5.39567e-117 5.07103e-26 
1.42112 1.22525e-12 1.07011e-13 
1.62887 4.68064e-186 0.00314785 
1.59393 2.71509e-54 3.19067e-29 
1.58977 1.48611e-48 3.21362e-36 
1.43282 1.15255e-29 1.02116e-08 
1.21097 3.31643e-17 4.75599e-23 
1.77029 1.15316e-91 2.22357e-33 
1.3632 1.06066e-104 7.02308e-77 
1.26252 2.011e-17 5.63846e-69 
1.30879 3.30652e-40 0.000277575 
1.34236 0.0657424 1.13619e-05 
1.58723 1.03745e-42 2.54982e-114 
1.79757 1.90932e-13 1.65808e-14 
1.4765 1.68665e-15 0.055325 
1.67126 1.55814e-26 4.96822e-20 
1.65047 5.35856e-06 1.9449e-65 
1.55599 2.80256e-08 1.03069e-67 
1.12997 7.42636e-15 3.4018e-37 
1.44905 6.64786e-07 1.49879e-90 
1.361886 0.000000 0.000000 
1.278178 0.000000 0.000000 
1.358315 0.000000 0.000000 
1.706563 0.000000 0.000000 
1.195681 0.000000 0.000000 
1.148695 0.000000 0.000000 
1.090313 0.000000 0.000000 
1.170000 0.000000 0.000000 
1.462057 0.000000 0.000000 
1.774981 0.000000 0.000001 
1.303687 0.000000 0.000000 
1.427158 0.000000 0.000000 
1.319161 0.000000 0.000000 
1.43193 7.35162e-40 1.5545e-33 
1.37125 2.86588e-26 0.00685363 
1.56404 5.27856e-164 8.20458e-96 
1.09531 2.85192e-31 5.14868e-49 
1.95956 7.58507e-174 2.35464e-78 
1.29711 9.6155e-17 0.199476 
1.45373 2.16672e-06 1.61858e-53 
1.70579 3.70232e-56 5.83758e-26 
1.78683 2.14453e-30 6.01308e-27 
1.74186 2.67327e-09 0.000121281 
1.31336 2.05077e-05 1.23319e-50 
1.50309 1.49556e-36 3.33908e-35 
1.6074 7.80443e-53 4.44207e-101 
1.58266 1.15119e-13 1.24673e-21 
1.43916 5.7394e-33 6.49075e-14 
1.54538 3.39844e-20 4.42887e-25 
1.57862 9.84255e-58 4.8881e-16 
1.54819 3.44266e-40 0.00365858 
1.8155 6.58163e-69 6.91111e-41 
1.48036 3.1413e-90 1.85404e-13 
1.54302 6.20571e-43 1.25527e-34 
1.33019 1.4823e-28 1.4672e-64 
1.29479 1.40808e-17 4.11539e-118 
1.83228 1.99614e-14 5.87024e-113 
1.36645 1.0538e-104 2.56972e-93 
1.45487 4.43267e-103 8.21517e-109 
1.57665 1.13964e-15 0.000235543 
1.46297 9.09536e-13 0.0402302 
1.52098 2.17406e-20 1.90126e-58 
1.61513 2.1969e-119 4.81747e-68 
1.5435 2.45867e-63 1.82661e-09 
1.48931 0.000134704 7.30654e-47 
1.22609 3.58141e-16 1.2951e-20 
1.15798 9.2335e-24 3.33315e-58 
1.37462 0.00295327 1.02737e-23 
1.36265 5.21277e-09 7.22016e-69 
1.21379 8.52151e-19 0.00127123 
1.4392 2.18053e-45 8.1045e-81 
1.76892 4.81455e-50 6.72313e-20 
1.358 4.74909e-74 1.50736e-08 
1.35282 0.0288006 4.5729e-64 
1.35784 1.97239e-125 2.72351e-55 
1.74275 2.39126e-08 1.36369e-14 
1.47402 1.35223e-71 9.22669e-84 
1.40448 5.77458e-08 1.0643e-45 
1.69604 9.99742e-53 1.12138e-75 
1.16265 1.81104e-11 4.88632e-17 
1.6622 0.319716 3.9114e-29 
2.03514 2.28189e-38 1.16238e-22 
1.27013 4.10239e-22 0.240818 
1.28457 7.58799e-89 2.60135e-60 
1.25488 3.89877e-44 3.89914e-11 
1.59231 7.26391e-07 4.8863e-42 
0.580461 1.48332 1.55129e-15 
1.32815 7.75081e-215 8.90942e-19 
1.68551 1.3334e-29 1.48826e-88 
1.46395 9.12581e-61 4.63552e-09 
1.69844 4.03833e-48 6.6811e-12 
1.75417 1.23395e-25 3.94122e-05 
1.26718 7.94444e-36 9.35483e-43 
1.22401 2.39196e-13 2.62467e-06 
1.35417 0.000981437 3.30825e-269 
1.88453 2.93874e-58 4.05911e-28 
1.55296 2.84694e-10 6.94923e-164 
1.44019 2.95254e-65 1.14156e-17 
1.24358 1.23335e-84 1.45059e-27 
1.46155 2.2503e-23 3.64155e-38 
1.57704 8.22757e-22 2.63633e-07 
1.56115 6.75542e-12 1.11931e-167 
0.174691 5.96708e-12 1.5674 
1.33408 1.32605e-81 4.46951e-22 
1.73386 4.73376e-47 5.81567e-18 
1.50352 0.165436 1.28747e-07 
1.35408 0.00697626 2.06356e-129 
1.6973 5.01913e-67 3.55973e-137 
1.73828 7.26143e-95 1.65139e-30 
1.48834 2.63281e-42 2.34744e-10 
1.2929 4.49307e-19 4.60737e-31 
1.46019 7.60473e-06 1.17705e-10 
1.48457 2.61184e-143 2.11365e-12 
1.88568 1.0086e-33 7.74212e-45 
1.25888 3.81535e-110 1.30772e-06 
1.64456 2.58976e-79 3.24925e-72 
1.62546 1.2334e-34 5.8215e-33 
1.41437 5.41716e-25 6.75656e-40 
1.36629 0.000152991 1.45386e-36 
1.48381 4.19788e-27 2.6019e-52 
1.545613 0.000000 0.000000 
1.377863 0.000000 0.000000 
1.418496 0.000000 0.000000 
1.412375 0.000000 0.000000 
1.203855 0.000000 0.000000 
0.000854 0.000000 1.496260 
0.002550 0.000000 1.443895 
0.000964 0.000000 1.435816 
0.002649 0.000000 1.433081 
0.007406 0.000000 1.477000 
1.006347 0.000000 0.000000 
1.008311 0.000000 0.000000 
1.014379 0.000000 0.000000 
1.40076 2.43505e-171 5.67965e-33 
1.74271 0.063727 1.30017e-99 
1.60928 1.07191e-97 3.7697e-25 
1.25644 0.382389 1.52163e-135 
1.46298 8.74559e-13 1.7948e-84 
1.66243 3.70145e-37 2.62598e-42 
1.59141 3.41965e-05 3.40094e-44 
1.73456 4.22881e-48 8.63464e-17 
1.32591 5.73029e-66 0.170917 
1.40557 7.25684e-14 8.8652e-14 
0.944131 1.36238 1.79621e-07 
1.34409 6.2809e-57 1.62229e-40 
1.54628 4.43454e-40 2.17609e-47 
1.53263 8.24476e-74 0.000926714 
1.51475 3.02677e-116 0.625149 
1.58453 4.10201e-07 8.51239e-05 
1.33407 2.55484e-12 2.92212e-37 
1.53998 0.000807819 2.08743e-59 
1.73345 7.92717e-20 7.03158e-74 
1.67696 2.59113e-54 2.64315e-17 
1.28416 4.27441e-85 2.26328e-35 
1.3376 2.15215e-09 1.21536e-27 
1.31434 5.82891e-51 3.06074e-118 
1.44713 1.30902e-20 6.16398e-13 
1.3464 9.62378e-82 0.0149248 
1.36887 1.34056e-31 1.87748e-115 
1.44194 1.49047e-06 1.1608e-13 
1.32347 3.35041e-21 2.06567e-15 
0.208165 2.3876e-08 1.44872 
1.64287 0.000173705 2.15473e-30 
1.59958 1.22601e-46 1.88976e-91 
1.63923 6.01292e-32 3.09196e-18 
1.3657 1.56164e-26 1.82064e-126 
1.37485 1.04465e-52 6.4299e-10 
1.21224 8.72898e-31 2.33836e-60 
1.4197 7.78831e-63 7.5322e-172 
1.71341 3.81682e-43 3.80198e-12 
1.67139 6.24938e-09 2.08372e-45 
1.64113 1.46444e-39 0.00252581 
1.68499 1.0459e-05 2.27519e-21 
1.61741 1.3325e-151 5.11953e-98 
1.63125 0.0186515 1.08108e-76 
1.59077 5.48892e-05 1.16846e-26 
1.78848 9.36477e-18 2.0833e-64 
1.28734 1.19337e-59 2.32447e-51 
1.4522 6.63572e-55 3.91494e-34 
1.45821 2.19614e-13 3.29086e-11 
1.86906 9.30029e-198 6.22834e-06 
1.39099 1.40124e-24 1.62222e-49 
1.17421 5.96796e-15 1.95774e-07 
1.6732 2.68729e-24 8.46882e-53 
1.75334 0.00301622 3.98555e-68 
1.34453 1.82031e-87 2.5405e-108 
1.48781 5.20484e-36 2.62713e-29 
1.71752 2.07105e-18 1.4304e-09 
1.24313 2.12257e-11 8.55435e-32 
1.24562 2.1845e-105 3.36893e-43 
1.47713 5.95068e-30 4.73364e-50 
1.32713 1.39651e-127 3.62276e-64 
1.50723 6.2446e-79 5.98862e-39 
1.66022 2.81051e-25 0.0650306 
1.23588 4.82666e-124 1.49424e-22 
1.30914 8.75081e-11 1.66452e-158 
1.64707 1.02367e-60 4.30064e-24 
1.33936 5.81975e-17 2.6458e-06 
1.18171 4.09893e-22 5.78919e-29 
1.63137 2.1591e-74 3.44055e-57 
1.68714 5.76902e-23 2.05096e-05 
1.4324 0.220324 1.45787e-19 
1.5417 7.53468e-16 4.86765e-89 
1.36758 9.75847e-91 6.49828e-34 
1.73915 1.52871e-27 3.94982e-69 
1.74105 5.73433e-45 1.17375e-18 
1.68319 1.20613e-45 6.50189e-72 
1.308 1.46986e-138 4.75012e-26 
1.28878 2.88246e-33 0.000315801 
1.34268 8.49532e-29 4.63138e-09 
1.95559 5.22868e-67 2.05911e-10 
1.63671 7.68345e-35 3.48214e-81 
1.38526 3.61551e-38 2.19636e-203 
1.75602 8.47312e-19 3.00987e-38 
1.35289 4.41152e-99 7.2391e-16 
1.15273 1.68568e-10 2.8098e-08 
1.43215 2.05325e-08 1.80765e-14 
1.38439 1.34728e-15 4.16254e-23 
1.5247 6.33058e-42 6.83645e-55 
1.63787 2.903e-70 5.18175e-21 
0.001864 1.571571 0.000000 
0.000168 1.571797 0.000000 
0.001321 1.512975 0.000000 
0.001347 1.545627 0.000000 
0.005265 1.548224 0.000000 
0.001357 1.519647 0.000000 
0.012277 1.569769 0.000000 
0.000609 1.526744 0.000000 
0.001231 1.541778 0.000000 
0.001341 1.536812 0.000000 
0.006570 0.000407 1.436657 
0.000041 0.004164 1.420272 
0.000013 0.003652 1.449337 
1.5679 9.07911e-21 2.50783e-31 
1.55005 6.27946e-43 5.60407e-61 
1.64784 3.12287e-32 3.34448e-24 
1.15693 5.09663e-53 1.50103e-55 
1.63363 8.17244e-32 2.23976e-91 
1.51919 6.10725e-06 2.21142e-12 
2.07308 6.78049e-72 5.06656e-17 
1.48443 1.03392e-16 5.14807e-27 
1.55108 1.12129e-62 2.10427e-160 
1.6943 4.33317e-206 0.00156484 
1.69286 1.1794e-06 1.85337e-50 
1.39157 0.0016986 9.09273e-38 
1.48854 0.095129 1.26264e-30 
1.49283 3.95634e-20 5.35351e-29 
1.76044 2.38204e-186 1.92021e-46 
1.42304 1.05974e-52 0.0243022 
1.73947 3.45983e-61 3.40402e-70 
1.36719 7.38544e-05 5.4557e-39 
1.69754 0.0641654 2.3468e-142 
1.36767 5.30169e-09 3.08394e-80 
1.70058 0.000204831 4.81545e-43 
1.54072 0.00817796 0.0113769 
1.7469 1.33024e-48 1.69825e-07 
1.63166 1.26966e-24 1.49624e-48 
1.35895 6.16784e-38 3.90492e-225 
1.47086 2.78856e-23 2.86756e-84 
1.35321 7.06845e-34 9.27872e-28 
1.91886 8.55708e-86 5.82302e-10 
1.44705 1.16721e-106 2.25068e-32 
1.46038 2.25304e-125 3.16163e-12 
1.26086 7.10926e-102 1.02528e-21 
1.15239 4.43543e-14 6.90329e-45 
1.26453 2.16728e-74 7.14222e-73 
1.56664 1.64705e-08 6.4156e-54 
1.74709 8.33771e-58 9.61569e-14 
1.65014 1.67338e-26 8.13521e-87 
1.18873 1.19033e-77 2.85916e-103 
1.43204 1.92644e-89 1.33929e-41 
1.38735 2.1025e-15 4.42584e-08 
1.63845 4.19552e-41 2.17506e-11 
1.1096 1.34239e-14 2.47e-108 
1.5612 4.22781e-115 4.71705e-57 
1.46854 9.75806e-29 5.02925e-15 
1.45732 2.71048e-142 0.00321664 
1.72406 0.00230203 3.70518e-16 
1.45861 5.94136e-71 1.43644e-177 
1.28404 1.56938e-22 4.00112e-28 
1.34365 3.51673e-65 5.36532e-113 
1.43765 5.86009e-11 2.26758e-121 
1.60744 8.37623e-55 0.16651 
1.83706 3.53634e-11 0.861604 
1.46375 5.14928e-50 3.1177e-64 
1.37093 2.32228e-162 2.26524e-23 
1.09638 6.26921e-19 2.9111e-22 
1.53797 2.62334e-21 8.11079e-18 
1.38922 3.98966e-36 1.01498e-59 
1.78487 3.11541e-80 3.18483e-07 
1.45029 2.89725e-16 1.15124e-15 
1.5689 2.63293e-05 1.9662e-05 
1.64057 7.8519e-08 9.38128e-05 
1.34774 3.42821e-46 1.00386e-36 
1.19297 0.9386 9.82381e-68 
1.42973 1.07611e-23 3.1453e-40 
1.62314 6.11234e-59 6.43297e-19 
1.15244 4.92712e-07 9.03085e-96 
1.1492 4.17785e-18 1.00842e-19 
1.97627 2.25726e-12 7.2517e-21 
1.4613 1.8696e-121 7.99708e-36 
1.45217 1.4388e-27 6.26546e-26 
1.60293 2.79031e-10 2.12192e-06 
1.5587 1.90565e-09 2.82894e-47 
1.41496 2.72191e-34 5.95687e-126 
1.43379 5.57218e-42 0.00024653 
1.44152 2.32766e-37 6.90409e-52 
1.55583 3.2202e-29 1.84589e-13 
1.29595 7.47898e-45 3.50006e-77 
1.26944 1.38255e-13 1.06237 
1.47559 8.97374e-26 1.57717e-18 
1.49039 1.06686e-68 2.75465e-25 
1.52998 9.96457e-96 4.97441e-06 
1.32184 7.13386e-39 3.35818e-33 
1.22737 0.532092 1.03589e-10 
1.54777 1.1154e-30 2.09657e-74 
1.39116 1.57977e-47 5.17756e-35 
1.45784 7.81801e-12 5.90419e-09 
1.34404 8.64574e-18 1.85454e-63 
1.53064 3.70097e-91 1.74533e-09 
1.002595 0.000000 0.000000 
1.003077 0.000000 0.000000 
1.003595 0.000000 0.000000 
1.027705 0.000000 0.000000 
1.016739 0.000000 0.000000 
1.021036 0.000000 0.000000 
1.015699 0.000000 0.000000 
1.027517 0.000000 0.000000 
1.008118 0.000000 0.000000 
1.024220 0.000000 0.000000 
1.014966 0.000000 0.000000 
1.012433 0.000000 0.000000 
1.009379 0.000000 0.000000 
1.44221 3.18154e-64 7.75225e-32 
1.64906 1.032e-10 8.05067e-41 
1.68725 9.25602e-57 6.32758e-33 
1.72819 0.0834436 2.28151e-34 
1.54225 1.98987e-08 2.01545e-49 
1.50446 1.38303e-09 3.89623e-17 
1.3848 1.54735e-32 1.54626e-116 
1.54285 7.56711e-36 1.17716e-23 
1.45833 2.36427e-28 2.1182e-29 
1.44335 2.24079e-10 1.77974e-81 
1.4469 5.79092e-82 4.38177e-37 
1.57375 4.71858e-24 0.0024177 
1.28115 6.71037e-44 1.4993e-39 
1.24887 1.62946e-61 1.67152e-56 
1.29277 2.72143e-17 6.4889e-135 
1.44072 7.04277e-05 2.07452e-10 
1.56144 5.62538e-52 1.70321e-60 
1.30373 5.5064e-15 1.63698e-42 
1.21255 8.52057e-21 3.49978e-19 
1.33191 8.54668e-111 9.61617e-64 
1.71291 5.45245e-23 3.71202e-05 
1.30434 3.4199e-137 1.09102e-35 
1.86992 4.34879e-85 5.48837e-50 
1.39672 0.000551829 4.4062e-59 
1.55521 1.94715e-25 1.61285e-22 
1.65627 1.2477e-22 4.49742e-06 
1.41205 2.17659e-18 1.12731e-11 
1.4904 4.17285e-13 8.41469e-25 
1.67011 1.05298e-06 3.53114e-16 
1.22219 2.01215e-41 1.64643e-12 
1.64528 3.96111e-132 1.53309e-15 
1.4941 0.291535 6.24676e-116 
1.46724 4.00114e-64 0.00973039 
1.334 5.19303e-67 3.11406e-13 
1.56328 6.91879e-51 2.11571e-95 
1.50213 1.46173e-40 1.47628e-09 
1.39051 1.58544e-05 1.93038e-08 
1.41649 5.76426e-07 7.97547e-12 
1.67243 5.21811e-31 1.81859e-19 
1.58393 7.31678e-92 2.35909e-75 
1.36124 4.48976e-29 5.94929e-44 
1.47071 5.06918e-25 1.0486e-06 
1.33501 3.45115e-30 3.44897e-27 
2.02403 4.89458e-15 1.85975e-55 
1.23552 1.46563e-39 3.84344e-05 
1.24579 2.42354e-16 1.25281e-42 
1.25826 2.68195e-47 0.00047192 
0.39189 1.48211 1.00085e-13 
1.68611 5.02097e-122 5.81698e-78 
0.864209 5.7581e-17 1.47099 
1.44623 2.61552e-37 4.54097e-21 
1.59405 6.43189e-150 2.00203e-45 
1.31144 3.82741e-27 0.614298 
1.54673 1.02437e-105 4.56712e-18 
1.62252 7.60605e-38 2.70712e-51 
1.16287 1.49208e-12 5.90336e-74 
1.35889 1.82412e-11 1.36822e-25 
1.52545 5.70125e-46 1.56002e-14 
1.86827 3.53675e-59 4.15694e-66 
1.74261 1.04353e-19 0.130693 
1.47942 8.03034e-08 1.66363e-53 
1.59098 4.64422e-19 7.31257e-08 
1.46759 4.95319e-14 1.43264e-47 
1.64337 4.44008e-53 4.81288e-09 
1.85048 1.14601e-253 8.56761e-68 
1.24345 6.57709e-166 6.20875e-102 
1.67422 1.3821e-21 3.47741e-38 
1.30595 3.06887e-35 1.72545e-126 
1.61589 0.0584419 9.49146e-34 
1.38428 0.00243384 4.8256e-85 
1.56274 0.000494734 2.24847e-28 
1.25574 1.96209e-75 4.11998e-11 
1.59849 0.00798522 5.76564e-69 
1.75423 8.83244e-06 1.23944e-179 
1.83755 7.53412e-09 4.99936e-30 
1.59182 1.32384e-94 0.0471558 
1.69385 1.13955e-42 1.9451e-23 
1.38115 2.55763e-27 1.18546e-106 
1.11069 6.1393e-34 2.29168e-07 
1.50637 1.67684e-78 3.1015e-17 
1.29644 1.04436e-101 7.23263e-264 
1.37334 1.81885e-49 0.000289111 
1.43974 1.49134e-71 9.40127e-158 
1.77184 5.50569e-12 1.14873e-21 
1.39118 4.94493e-90 1.53288e-88 
1.56146 1.47817e-54 1.86633e-26 
1.53958 2.27194e-69 7.7563e-91 
0.001739 1.433550 0.000000 
0.007056 1.403474 0.000000 
0.000851 1.397945 0.000000 
0.005066 1.431581 0.000000 
0.013944 1.426084 0.000000 
1.005740 0.000000 0.000000 
1.007591 0.000000 0.000000 
1.003614 0.000000 0.000000 
1.005193 0.000000 0.000000 
1.010268 0.000000 0.000000 
1.501458 0.000000 0.326905 
0.020012 0.000000 1.830798 
0.080027 0.000000 1.918983 
1.6794 3.90843e-08 3.2477e-30 
1.43374 1.75692e-70 2.90012e-26 
1.48354 2.98475e-45 0.00100501 
1.17161 2.13641e-33 1.82484e-79 
1.23709 0.626316 0.071541 
1.55265 8.60679e-10 2.68863e-32 
1.38999 2.26968e-06 4.84977e-25 
1.50297 2.29385e-21 7.54556e-34 
1.66922 4.15692e-80 3.66105e-42 
1.4328 1.31538e-54 1.23211e-13 
1.42433 0.00838821 2.17624e-44 
1.45482 4.68027e-24 1.35761e-52 
1.65308 5.19227e-43 6.86532e-05 
1.39485 8.58563e-124 6.26357e-53 
1.47324 5.88488e-21 1.72919e-14 
1.44102 0.0454904 2.25242e-19 
1.41571 4.20202e-49 1.50772e-49 
1.42075 0.200814 5.29334e-07 
1.58739 1.57767e-05 2.65697e-82 
1.68608 2.35592e-30 1.1221e-61 
1.3005 3.51075e-141 7.66709e-09 
1.28376 6.31168e-44 2.48665e-36 
1.56923 9.88124e-06 1.68468e-47 
1.25454 6.52252e-35 4.66873e-22 
1.61598 9.61574e-26 2.33317e-46 
1.52555 3.62787e-92 3.23194e-12 
1.35528 2.20161e-79 1.12465e-28 
1.4102 3.45712e-88 1.37415e-58 
1.33502 0.00236588 2.62269e-06 
1.60023 7.32668e-16 3.06757e-31 
1.58851 6.38677e-65 1.96509e-25 
1.59459 2.26418e-18 3.18529e-103 
1.68653 2.51788e-106 1.45951e-11 
1.62921 1.85385e-99 1.30911e-16 
1.51383 1.70964e-13 3.53576e-62 
1.79098 1.84821e-71 3.83959e-105 
1.69321 1.8608e-200 3.36991e-17 
1.836 4.37561e-36 5.79075e-08 
1.5958 1.94041e-15 2.08006e-57 
1.63288 7.79024e-27 9.50611e-162 
1.46547 3.18795e-29 6.15073e-50 
1.49597 6.99008e-39 1.91404e-93 
1.40495 2.03644e-57 1.1859e-34 
1.20809 1.18229e-59 4.54567e-134 
1.62914 0.000748671 2.98044e-40 
1.45141 1.01948e-53 1.12789e-70 
1.32206 1.53641e-09 2.82843e-10 
1.41851 1.46409e-38 4.12357e-14 
1.61116 7.0005e-20 2.42057e-96 
1.62843 1.55775e-14 3.79999e-123 
1.47297 2.23251e-12 6.25625e-13 
1.65254 1.26541e-49 2.30636e-171 
1.38899 1.68517e-68 2.00349e-113 
1.65411 3.50007e-22 8.77682e-30 
1.23766 1.01944e-40 1.26712e-07 
1.4594 4.74825e-83 4.85525e-38 
1.45551 1.08622e-61 0.0243043 
1.6063 7.52619e-25 4.26e-15 
1.70778 1.58896e-63 5.56637e-37 
1.41883 1.2598e-27 3.84599e-21 
1.58767 1.39225e-129 1.17085e-05 
1.11046 2.33034e-32 2.25253e-210 
1.68867 4.12823e-41 1.39227e-19 
1.63683 7.2423e-110 1.2428e-65 
1.63162 2.59806e-14 1.06684e-20 
1.27884 3.98404e-28 1.53037e-16 
1.27182 1.80855e-11 1.05179e-74 
1.34577 3.06946e-31 0.373664 
1.88513 8.9526e-37 4.18054e-27 
1.66018 1.77419e-10 3.48943e-05 
1.20995 2.74686e-47 3.73468e-43 
1.1728 7.41676e-23 2.71579e-24 
1.41189 0.000142089 0.000274506 
1.46499 1.0954e-151 0.0117542 
0.658744 1.22493 1.13515e-72 
1.32512 1.39099e-95 1.15909e-66 
1.43407 6.82332e-18 8.57309e-11 
1.90962 8.5534e-12 1.19441e-09 
1.18803 1.96803e-19 3.50305e-55 
1.64201 2.67372e-07 4.64184e-23 
1.45085 2.65863e-186 1.97006e-87 
1.58876 1.3411e-74 1.6797e-39 
1.87651 0.000268681 4.00684e-18 
1.54778 1.43313e-16 1.44756e-140 
1.20177 3.85791e-09 0.00185239 
1.42895 1.20496e-07 0.836466 
1.71446 3.51196e-52 4.57808e-84 
1.331361 0.000000 0.000000 
1.132931 0.000000 0.000000 
1.307757 0.000000 0.000000 
1.525588 0.000000 0.000000 
1.374574 0.000000 0.000000 
1.448393 0.000000 0.000000 
1.083190 0.000000 0.000000 
1.342848 0.000000 0.000000 
1.712297 0.000000 0.000000 
1.417602 0.000000 0.000000 
1.399687 0.000000 0.000000 
1.538510 0.000000 0.000000 
1.356715 0.000000 0.000000 
1.53917 5.62066e-36 1.01153e-29 
1.91159 7.7952e-21 6.22076e-16 
1.21492 5.46838e-75 0.318571 
1.6677 1.15975e-31 5.03366e-28 
1.2508 5.41652e-17 7.16904e-133 
1.51202 1.31845e-61 1.20644e-07 
1.49333 7.4421e-60 4.87176e-106 
1.54435 2.09404e-18 4.82566e-71 
1.37094 2.28077e-68 0.000611774 
1.27255 2.97188e-33 1.11851e-44 
1.55529 0.0174452 2.29751e-08 
1.40989 1.1096e-06 9.63545e-68 
1.34652 5.70094e-13 2.68827e-36 
1.2946 3.66664e-146 2.69758e-41 
1.61966 8.50076e-14 5.23773e-112 
1.91703 4.66863e-88 7.92058e-07 
1.60699 1.04194e-42 5.13429e-18 
1.55632 4.86412e-10 1.53431e-14 
1.34742 2.04456e-100 4.31339e-33 
1.58715 4.50621e-12 6.55646e-25 
1.58491 1.86352e-90 1.11175e-160 
1.632 1.80019e-25 2.81715e-14 
1.37611 1.11227e-70 0.000255139 
1.11766 3.25262e-55 0.158497 
1.24019 7.41989e-50 3.12875e-87 
1.98638 0.0400693 2.00435e-37 
1.60136 4.70674e-37 2.22857e-47 
1.47787 4.11805e-22 2.61118e-06 
1.46986 9.14919e-52 1.60742e-27 
1.38295 3.80137e-09 1.36568e-118 
1.62552 4.2127e-62 7.53212e-20 
1.38687 4.03465e-19 5.78247e-85 
1.67619 3.21336e-24 9.22888e-96 
1.32317 1.56892e-47 0.0564778 
1.18801 0.000711575 1.42908e-50 
1.64226 1.69704e-44 4.23256e-23 
1.48672 3.00076e-42 2.2935e-26 
1.25183 6.12039e-18 3.88076e-66 
1.49889 2.19069e-57 4.33162e-217 
1.51844 6.34196e-40 0.00332665 
1.44027 1.9403e-13 3.54718e-05 
1.45395 1.87915e-98 0.0167306 
1.43175 3.20978e-48 1.11576e-142 
1.40625 9.78103e-121 4.42564e-61 
1.33877 4.50688e-134 6.90685e-11 
1.38648 5.2125e-78 8.17687e-37 
1.44601 1.25741e-15 4.33805e-06 
1.46984 9.31637e-28 1.18149e-11 
1.51016 1.62683e-26 1.40321e-78 
1.13953 6.18526e-25 2.99689e-10 
1.3983 1.12634e-05 7.18715e-63 
1.72353 1.10481e-109 1.81039e-09 
1.26948 4.33247e-23 0.000101602 
1.6355 1.30134e-10 9.33069e-12 
1.43976 1.11278e-07 9.3775e-76 
1.5591 7.96809e-110 4.33555e-34 
1.57107 4.24854e-11 1.4575e-08 
1.37646 8.9143e-20 4.54832e-22 
1.76666 1.1429e-45 2.79697e-17 
1.55005 1.14797e-82 1.08607e-80 
1.88373 1.71907e-73 3.7677e-93 
1.3421 1.87295e-229 9.2729e-60 
1.48617 1.76467e-29 6.76116e-21 
1.19597 1.01077e-14 3.45809e-13 
1.30655 2.42528e-86 1.69752e-21 
1.51557 0.224512 1.02115e-15 
1.52937 3.68304e-65 1.76947e-164 
1.81155 2.61024e-32 6.54296e-53 
1.2852 0.00532821 5.28803e-33 
1.7402 9.05159e-16 2.0539e-45 
1.53609 2.1454e-21 6.0824e-41 
1.44684 1.56019e-09 1.30515e-54 
1.40669 3.99383e-38 1.01386e-52 
1.6133 2.11621e-147 1.6741e-16 
1.72205 1.00436e-30 2.24398e-43 
1.23842 0.392584 5.94729e-13 
1.38732 3.80315e-35 1.49842e-72 
1.19512 4.41138e-05 0.704966 
1.33345 1.20892e-39 7.24084e-31 
1.85375 0.000203021 5.15427e-19 
1.62762 6.58712e-172 2.29096e-39 
1.8831 2.61984e-53 3.42422e-48 
1.65823 9.12655e-07 5.36725e-24 
1.37632 4.68683e-08 5.31082e-26 
1.73959 8.45806e-29 7.73974e-58 
1.28014 1.01507 4.49432e-31 
1.62933 1.18694e-05 2.52241e-99 
1.389174 0.000000 0.000000 
1.621306 0.000000 0.000000 
1.745457 0.000000 0.000000 
1.458712 0.000000 0.000000 
1.240878 0.000000 0.000000 
1.371883 0.000000 0.000000 
1.194781 0.000000 0.000000 
1.416376 0.000000 0.000000 
1.371880 0.000000 0.000000 
1.310764 0.000000 0.000000 
1.360876 0.000000 0.000000 
1.151870 0.000000 0.000000 
1.513991 0.000000 0.000000 
1.55211 1.20511e-134 3.41555e-29 
1.49591 6.21653e-225 8.8263e-08 
1.76251 1.71778e-39 1.14323e-35 
1.2094 8.89131e-69 0.00261245 
1.33227 1.65662e-38 8.13698e-159 
1.67924 2.19342e-15 9.79044e-68 
1.46493 2.04007e-18 9.30608e-23 
1.55485 1.40162e-77 0.00132755 
1.74449 2.53466e-28 8.33933e-79 
1.82 5.0223e-27 1.98611e-13 
1.17059 4.28502e-52 3.75286e-16 
1.55185 5.05704e-70 0.0890676 
1.90797 2.01055e-58 1.12042e-33 
1.42936 3.12904e-88 5.76569e-25 
1.31804 2.31646e-10 7.67522e-168 
1.47407 8.13438e-15 1.39442e-06 
1.44732 1.17536e-08 3.54801e-19 
1.65345 9.74844e-163 3.39263e-58 
1.65313 3.72133e-82 6.27985e-13 
1.43829 3.83389e-66 4.65919e-21 
1.60012 0.214625 2.9351e-26 
1.4887 5.69271e-83 3.59007e-123 
1.42127 2.19714e-112 8.14367e-110 
1.67562 1.79674e-13 1.39476e-81 
1.46406 1.3145e-26 7.59264e-70 
1.67019 1.58078e-34 2.82043e-92 
1.66702 1.35717e-33 1.69385e-14 
1.36255 3.34706e-37 1.79446e-65 
1.54701 5.82017e-108 5.93882e-38 
1.44263 4.09419e-08 1.43452e-22 
1.2293 1.12922e-55 2.93041e-53 
1.20095 2.09182e-05 2.67108e-60 
1.27852 2.72184e-60 8.63457e-14 
1.33311 2.14239e-12 9.91505e-10 
1.391 1.31697e-31 3.58638e-140 
1.40647 8.62751e-91 1.85921e-05 
1.47719 2.96285e-09 0.000425707 
1.52371 6.29307e-13 2.18076e-17 
1.53852 2.1826e-11 0.464989 
1.44987 4.1491e-06 4.00578e-132 
1.77287 6.82927e-119 1.06889e-08 
1.69929 0.0024446 3.15073e-37 
1.65688 9.59717e-07 4.46262e-88 
1.25408 1.3917e-19 3.57809e-56 
1.94748 0.0466069 2.44857e-18 
1.6434 5.65713e-168 6.54761e-43 
1.12314 8.04242e-77 1.1927e-16 
1.1952 3.08532e-57 1.5177e-47 
1.69969 1.06344e-17 5.59538e-100 
1.56023 5.69286e-05 1.81375e-21 
1.73143 1.7829e-21 9.55581e-64 
1.46839 4.59168e-51 2.08284e-39 
1.85157 1.43075e-32 1.40209e-57 
1.31288 4.17745e-21 4.89336e-32 
1.82682 4.77167e-17 6.96767e-05 
1.67272 2.87036e-42 6.43467e-112 
1.2761 6.66896e-54 1.3092e-49 
1.46084 2.78088e-43 7.75139e-29 
1.43346 5.96344e-128 3.86001e-27 
1.54967 9.13844e-25 3.97933e-06 
1.66322 7.0198e-16 1.14023e-11 
1.36575 9.92966e-72 5.52768e-41 
1.42521 6.35104e-14 2.52837e-08 
1.7579 8.87766e-45 0.0647947 
1.31623 0.00074679 4.98479e-33 
1.29148 2.04402e-47 1.3046e-75 
1.41905 9.70484e-36 5.34986e-42 
1.81045 1.78493e-29 1.28121e-49 
1.75342 1.28726e-22 7.61752e-98 
1.40053 7.04228e-23 2.92144e-20 
1.27472 5.02464e-07 3.85864e-07 
1.33249 1.84552e-25 4.56997e-24 
1.24992 8.15308e-24 7.61235e-73 
1.56857 5.77727e-49 3.0942e-11 
0.196436 1.08131e-11 1.66936 
1.27741 3.34922e-30 1.46876e-214 
1.34187 0.674595 1.26928e-10 
1.33132 7.8215e-41 1.97488e-86 
1.39374 0.00645496 0.0160655 
1.53885 5.2111e-64 1.13175e-45 
1.35138 1.48842 4.15814e-15 
1.47927 9.32226e-08 3.0293e-10 
1.19871 6.19338e-46 9.66552e-35 
1.12908 7.12699e-103 3.40682e-52 
1.5432 0.000172761 1.01009e-44 
1.20015 6.37655e-19 2.83872e-30 
1.52551 2.66712e-96 1.09433e-25 
1.335939 0.000000 0.000000 
1.551101 0.000000 0.000000 
0.130748 0.000000 1.728218 
1.129390 0.000000 0.000000 
1.553145 0.000000 0.000000 
0.001635 0.000000 1.741706 
0.003346 0.000000 1.795554 
0.004807 0.000000 1.819122 
0.205290 0.000000 1.761645 
0.001595 0.000000 1.799836 
1.002958 0.000000 0.000000 
1.000925 0.000000 0.000000 
1.016061 0.000000 0.000000 
1.27124 4.25799e-19 9.23309e-29 
1.4127 2.68438e-34 0.788971 
1.58969 3.83393e-22 1.19425e-54 
1.76642 0.0235738 7.529e-54 
1.52507 1.05552e-39 4.37722e-05 
1.53473 5.48574e-56 0.0130432 
1.39347 4.57938e-58 5.17938e-133 
1.49923 3.19239e-11 2.13358e-27 
1.73809 3.23627e-48 4.36963e-274 
1.26891 7.68216e-81 3.66941e-139 
1.3373 1.82501e-114 7.38366e-122 
1.52923 1.75724e-30 6.83175e-16 
2.07393 2.29962e-62 0.00688475 
1.49346 5.45708e-26 8.37018e-176 
1.69137 5.14211e-17 2.11864e-47 
1.53875 8.02233e-98 5.58817e-99 
1.77005 1.91973e-28 3.54644e-83 
1.96281 1.31009e-46 6.26386e-46 
1.32966 1.36145e-72 0.507294 
1.38107 9.57698e-53 8.2519e-67 
1.64055 6.56213e-10 2.03952e-15 
1.36997 1.25632e-42 1.69104e-60 
1.38526 1.47325e-05 0.0732928 
1.4992 5.13442e-07 2.02899e-11 
1.30758 8.88307e-16 1.93612e-06 
1.47963 2.04138e-53 6.07202e-66 
1.39231 0.828374 1.34569e-05 
1.46934 1.75665e-164 2.50799e-33 
1.55939 1.91911e-07 2.72835e-10 
1.37829 7.85475e-10 1.37841e-23 
1.63122 9.9467e-92 2.42606e-23 
1.48255 5.16591e-14 0.0423493 
1.41444 1.40183e-38 4.94139e-31 
1.16197 6.97111e-18 1.06659e-74 
1.5629 1.48249e-20 3.11986e-52 
1.47023 2.38389e-29 6.14468e-43 
1.38381 7.33808e-61 4.66837e-79 
1.15749 2.48672e-21 1.28724e-21 
1.51484 7.95386e-41 8.06233e-26 
1.22509 2.61515e-78 3.25269e-69 
1.23731 1.12415e-35 1.69648e-105 
1.23338 6.38752e-24 1.6498e-36 
1.99397 2.47788e-37 9.04931e-49 
1.20663 4.18239e-135 7.58445e-21 
1.31026 1.98477e-08 7.65075e-95 
1.57372 2.99199e-58 1.10588e-40 
1.36441 1.08964e-18 1.43433e-34 
1.55045 1.12324e-32 4.23949e-22 
1.36867 2.0506e-50 2.16181e-44 
1.63872 3.1626e-67 8.83937e-27 
1.53388 2.19656e-31 9.45285e-58 
1.64175 4.98061e-33 6.94359e-07 
1.64892 8.22573e-200 1.14328e-05 
1.40254 2.32531e-74 1.79824e-59 
1.27535 0.00150069 1.02973e-08 
1.88347 1.34964e-44 2.2494e-62 
1.42125 0.340274 9.07655e-15 
1.46866 8.41003e-16 8.25072e-12 
1.35121 1.97679e-65 1.5757e-29 
1.66088 2.18318e-27 4.15851e-18 
1.39148 8.01728e-25 8.95984e-40 
1.20753 3.22728e-06 1.27478e-09 
1.40273 1.64621e-109 3.21261e-19 
1.83123 1.68163e-19 2.96086e-38 
1.49336 2.47731e-06 2.36598e-17 
1.38482 7.49951e-05 7.39866e-90 
1.43075 6.22508e-09 9.12176e-17 
1.32649 4.73164e-85 1.25971e-07 
1.55131 6.49871e-12 8.12386e-20 
1.49525 1.47481e-13 5.55977e-82 
1.30495 6.01638e-127 0.000380691 
1.38662 1.72991e-103 1.39562e-112 
1.30845 0.0977026 7.38315e-31 
1.65985 7.32957e-11 1.3588e-12 
1.56484 0.0639159 1.74072e-72 
1.60765 5.35989e-15 4.35108e-13 
1.41017 1.4021e-12 2.01884e-50 
1.688 5.32158e-89 0.00103217 
1.35988 1.66021e-23 4.86473e-11 
1.78091 7.46807e-71 2.3191e-08 
1.34648 0.00219798 4.63004e-14 
1.6859 9.66258e-159 4.21279e-93 
1.88556 4.55453e-42 7.6911e-33 
1.61416 0.00019701 7.25397e-25 
1.31055 7.83085e-27 5.26339e-161 
1.41638 3.31342e-121 2.69285e-36 
1.77283 6.61706e-46 1.08312e-41 
1.002425 0.000000 0.000000 
1.014971 0.000000 0.000000 
1.025940 0.000000 0.000000 
1.000915 0.000000 0.000000 
1.004025 0.000000 0.000000 
1.002840 0.000000 0.000000 
1.006118 0.000000 0.000000 
1.007916 0.000000 0.000000 
1.005459 0.000000 0.000000 
1.006889 0.000000 0.000000 
1.010148 0.000000 0.000000 
1.013049 0.000000 0.000000 
1.016537 0.000000 0.000000 
1.59227 1.5041e-59 3.25626e-27 
1.60706 2.24402e-06 8.16779e-84 
1.33863 1.26068e-16 1.73785e-13 
1.27741 1.259e-35 1.2526e-206 
1.38719 2.72176e-05 0.420837 
1.92945 5.5784e-21 0.00288189 
1.19116 2.36488e-186 1.67615e-21 
1.16604 5.56399e-69 2.33751e-11 
1.28371 2.74428e-50 2.8619e-42 
1.73294 0.014703 2.90649e-126 
1.5819 1.45728e-53 3.26086e-35 
1.41008 1.68268e-08 2.53633e-12 
1.42888 5.51643e-66 0.078249 
1.45516 0.00444865 1.13359e-08 
1.48173 1.51055e-27 5.87497e-20 
1.54886 5.54465e-24 4.7228e-23 
1.41655 5.1544e-25 3.17762e-47 
1.74325 5.89018e-12 2.24204e-24 
1.73638 1.08488e-08 8.23234e-63 
1.4095 3.49345e-89 2.68131e-14 
1.43003 3.96426e-78 3.39864e-45 
1.68607 4.46947e-49 7.85507e-34 
1.54227 1.21974e-13 3.32191e-06 
1.28835 1.13995e-10 1.60526e-98 
1.8924 1.08189e-99 0.082635 
1.43603 4.57273e-05 1.65125e-39 
1.27582 2.7374e-110 2.40763e-19 
1.47986 1.83537e-19 1.59419e-26 
1.75419 1.96869e-20 7.56445e-31 
1.40094 1.35004e-15 3.05147e-09 
1.37103 4.11964e-43 1.94424e-59 
1.71271 2.77518e-22 2.71756e-43 
1.55554 5.00141e-56 1.81323e-36 
1.46701 8.16457e-44 6.94454e-107 
1.42496 1.86316e-18 1.10314e-28 
1.50454 1.1631e-60 7.45016e-73 
1.58479 5.61398e-20 6.68642e-10 
1.50637 3.93455e-94 0.000332162 
1.1376 9.44816e-126 2.21479e-07 
1.71917 6.00545e-64 9.28107e-136 
1.50594 2.52389e-28 3.24539e-16 
1.31507 0.000268333 2.54614e-06 
1.28086 4.37593e-26 1.50336e-44 
1.78206 2.96163e-16 6.67723e-24 
1.21526 2.07943e-85 0.001444 
1.52377 1.60487e-134 7.65959e-05 
1.65939 3.66736e-07 3.786e-40 
1.3905 1.59239e-09 9.93402e-32 
1.48936 1.05838e-32 4.97555e-51 
1.76304 1.69966e-26 7.8096e-26 
1.63845 2.4561e-31 8.45012e-30 
1.62312 2.39998e-75 2.40246e-12 
1.61418 6.3192e-48 1.37773e-37 
1.43156 1.38501e-45 1.18706e-69 
1.60178 1.67769e-204 2.62304e-05 
1.25378 4.17045e-10 4.78093e-175 
1.39909 2.16132e-23 2.23543e-90 
1.72962 1.93786e-119 6.43139e-18 
1.44444 1.49037e-41 5.37539e-49 
1.25096 1.1781e-150 0.774582 
1.47543 4.62829e-41 6.08838e-11 
1.70866 3.572e-39 0.0135415 
1.49321 0.0395513 1.81545e-79 
1.65159 9.70502e-18 2.40855e-20 
1.51586 0.325247 7.03261e-116 
1.64512 1.62403e-36 2.28628e-124 
1.5888 6.2249e-80 7.06324e-80 
1.39431 1.63121e-106 1.34988e-56 
1.73064 3.65998e-51 1.04126e-99 
1.2157 4.8056e-57 2.00266e-162 
1.66854 2.72886e-73 1.6665e-07 
1.68218 8.19768e-15 1.37041e-51 
1.49971 0.156815 1.03591e-15 
1.58281 1.92632e-34 4.41919e-87 
1.33168 5.45323e-06 1.46097e-16 
1.17255 1.43193e-68 4.07596e-54 
1.59306 1.08953e-12 1.28916e-14 
1.36934 1.88003e-11 3.50637e-08 
1.84586 0.00097767 2.13369e-34 
0.638387 1.31759 1.30312e-54 
1.57303 1.44831e-38 7.70231e-61 
1.38535 6.28272e-31 1.19547e-76 
1.43944 4.94139e-29 2.08883e-22 
1.12376 1.29594e-07 1.78752e-66 
1.24709 3.01765e-14 1.02705e-32 
1.47296 1.13751e-95 1.92632e-17 
1.52303 1.1312e-33 2.58465e-68 
0.001393 1.407616 0.000000 
0.017123 1.414274 0.000000 
0.000588 1.397977 0.000000 
0.001070 1.411812 0.000000 
0.003442 1.454469 0.000000 
0.587502 1.208874 0.000000 
0.571642 1.172845 0.000000 
0.568079 1.158287 0.000000 
0.013043 1.340865 0.000000 
1.243539 0.052210 0.000000 
0.023930 1.431189 0.000000 
0.013701 1.410576 0.000000 
0.014257 1.415071 0.000000 
1.52495 7.50124e-07 1.15697e-27 
1.61196 2.60526e-55 9.38847e-54 
2.00663 2.29058e-93 5.48114e-08 
1.54181 1.93537e-39 7.19819e-77 
1.57926 1.81269e-21 0.0519431 
1.40187 5.80948e-115 8.34691e-53 
1.46284 2.05424e-49 0.000121679 
1.47163 4.31194e-33 3.53863e-32 
1.69403 6.69741e-161 2.67879e-28 
1.31549 0.570797 0.149592 
1.41935 3.28084e-46 4.28726e-10 
1.40555 1.20893e-18 3.39157e-29 
1.83402 1.64113e-56 4.19425e-42 
1.62218 8.13817e-19 2.1873e-26 
1.61586 1.0851e-05 7.35724e-24 
1.51155 2.06723e-30 1.42124e-44 
1.724 2.04354e-82 1.06111e-87 
1.81058 0.0589165 5.7914e-177 
1.39382 2.41695e-141 5.84374e-07 
1.60386 4.18245e-08 1.34869e-06 
1.29666 6.46519e-53 1.5362e-21 
1.19205 4.25227e-25 4.08427e-21 
1.03005 2.74491e-42 1.93494e-113 
1.80981 5.89445e-16 4.70783e-73 
1.29518 1.83891e-20 4.04615e-101 
0.280005 1.37419 5.64066e-12 
1.6367 3.89546e-15 1.29842e-12 
1.29242 2.49382e-14 8.16998e-38 
1.5285 1.0605e-12 2.71532e-82 
1.69638 0.0176973 1.77243e-119 
1.35503 2.78891e-12 6.4772e-37 
1.55055 1.79879e-193 7.25358e-17 
1.18847 0.000205003 4.80634e-41 
1.26592 1.09063e-116 5.16278e-09 
1.42056 4.5464e-96 6.62701e-11 
1.6384 2.55848e-06 1.16752e-25 
1.69065 1.01126e-52 2.97041e-136 
1.37353 1.48697e-13 8.25056e-20 
1.46582 1.48971e-16 5.57318e-228 
1.49814 4.63305e-29 1.75448e-148 
1.49769 1.72358e-72 1.01996e-31 
1.29563 5.93396e-20 9.56978e-36 
1.3102 1.50334e-67 6.04374e-14 
1.13813 2.31631e-09 4.47344e-34 
1.49242 2.73075e-64 3.11457e-22 
1.44187 1.71386e-34 1.95064e-90 
1.44546 0.00296521 4.25703e-06 
1.39237 1.33501e-07 5.46568e-66 
1.44448 1.09061e-14 2.98365e-47 
1.60525 1.09523e-27 1.16086e-49 
1.49988 4.67906e-37 1.79642e-49 
1.48167 3.66623e-70 2.60852e-130 
1.5754 6.47592e-18 1.19668e-104 
2.01776 1.77412e-32 0.000260222 
1.99965 5.48468e-09 4.4576e-58 
1.54558 9.44614e-77 1.29619e-60 
1.40773 2.07203e-25 0.00799379 
1.66839 1.65416e-109 6.27517e-75 
1.30651 4.4133e-83 1.61741e-15 
1.5826 1.03213e-124 5.52303e-16 
1.13303 3.61823e-24 9.28927e-35 
1.50552 1.9205e-28 3.46279e-55 
1.38526 3.69512e-45 3.43109e-83 
1.76385 7.86697e-89 8.04757e-18 
1.33713 1.01053e-10 1.58863e-43 
1.56402 0.00186754 0.00191239 
1.47454 1.35147e-50 0.00576232 
1.39211 8.0284e-48 6.23736e-31 
1.54677 2.2664e-61 1.36453e-09 
1.37123 4.45228e-75 3.78621e-62 
1.74967 2.17249e-35 2.16256e-18 
1.4014 1.98906e-23 3.52971e-13 
1.35135 0.155008 0.401556 
1.35171 4.40165e-100 3.82647e-58 
1.53379 2.86374e-38 1.12293e-98 
1.31001 1.73028e-62 5.04468e-25 
1.58898 1.12106e-212 1.71916e-14 
1.31485 1.18245e-58 8.20401e-39 
1.77382 4.19136e-43 7.64001e-19 
1.75381 4.83577e-10 2.08145e-05 
1.29592 6.87048e-32 1.05654e-11 
1.34079 2.41437e-05 3.95922e-46 
1.59153 7.1938e-05 6.95805e-70 
1.37168 1.13674e-26 6.45392e-08 
1.39536 4.62558e-40 1.6076e-23 
1.64356 2.33334e-22 8.1258e-68 
0.850832 1.11545e-11 1.45702 
0.004184 1.402664 0.000000 
0.012551 1.396217 0.000000 
0.006642 1.397100 0.000000 
0.005316 1.375665 0.000000 
0.004294 1.363010 0.000000 
1.003472 0.000000 0.000000 
1.002909 0.000000 0.000000 
1.025608 0.000000 0.000000 
1.008148 0.000000 0.000000 
1.008753 0.000000 0.000000 
0.000607 0.000000 1.716090 
0.002149 0.000000 1.692030 
0.014079 0.000000 1.725445 
1.29273 1.42564e-33 2.55909e-26 
1.20844 2.55819e-16 2.76676e-36 
1.53301 9.33503e-08 5.03995e-20 
1.55647 3.54887e-87 2.66407e-37 
1.47307 2.12117e-63 8.98053e-08 
1.55237 2.32436e-94 2.39696e-05 
1.40148 5.09081e-07 4.58247e-21 
1.36715 4.36616e-42 9.43752e-63 
1.30061 1.75602e-12 6.25534e-259 
1.62222 9.11738e-23 2.59352e-12 
1.27112 1.46478e-08 1.96588e-18 
1.59631 1.31145e-40 0.00040565 
1.52596 3.88861e-73 1.43588e-61 
1.32418 1.61151e-31 0.000564635 
1.48916 5.65825e-122 7.59035e-51 
1.46051 3.74885e-29 1.78494e-14 
1.64066 1.50422e-26 5.26768e-13 
1.44372 4.44897e-12 3.85285e-31 
1.60391 8.54034e-51 1.03427e-24 
1.45697 0.114752 4.3606e-09 
1.58674 9.86703e-55 2.13977e-17 
1.36055 8.23378e-07 1.20616e-100 
1.57005 9.01089e-150 6.88894e-11 
1.3598 1.09429 6.98446e-76 
1.81293 6.07526e-107 4.15791e-28 
1.77813 1.4514e-36 1.19848e-39 
1.23895 3.63028e-46 2.88316e-87 
1.50941 1.56346e-70 0.48268 
1.37975 4.66176e-38 1.40227e-57 
1.60065 3.88488e-19 1.55889e-08 
1.20366 5.42694e-189 5.75689e-23 
1.11255 2.44114e-44 4.76866e-24 
1.2855 5.04011e-49 7.1608e-65 
1.19623 4.55546e-86 4.15515e-28 
1.09677 7.72011e-15 0.674422 
1.36254 1.82279e-101 1.75814e-141 
1.88386 2.96109e-39 7.52422e-07 
1.2109 1.09445e-10 1.22653e-16 
1.08735 2.44918e-53 1.49098e-96 
1.36454 0.0181772 3.0302e-19 
1.6644 2.80635e-215 1.10494e-48 
1.28758 2.77422e-58 1.23931e-107 
1.47352 2.1003e-13 4.72983e-67 
1.36188 0.415841 3.48942e-06 
1.41559 3.25886e-20 4.81041e-180 
1.4873 0.00183321 6.49441e-30 
1.60459 6.52792e-28 3.5915e-14 
1.72577 3.89222e-06 1.87522e-45 
1.64104 1.01471e-24 2.25171e-41 
1.74173 1.4095e-80 1.29647e-59 
1.55115 2.81843e-60 1.68968e-132 
1.63334 3.2851e-05 1.41082e-43 
1.69324 3.39812e-10 0.177851 
1.55352 2.37631e-65 3.42319e-30 
1.49282 1.10866e-17 6.594e-40 
1.85468 2.64286e-18 0.0500546 
1.51327 0.000226192 3.40891e-121 
1.75514 1.26699e-15 2.23692e-06 
1.48598 6.72134e-48 2.14231e-21 
1.7668 3.07954e-135 9.01202e-112 
1.72233 1.34971e-08 6.45294e-52 
1.59303 5.2501e-24 5.36658e-35 
1.54389 3.03779e-14 7.08854e-26 
1.70458 2.84124e-34 1.1166e-46 
1.26982 0.000105141 1.97947e-163 
1.86657 1.13295e-21 1.7553e-09 
1.3521 0.022943 4.67372e-05 
1.31639 2.07815e-22 2.61993e-22 
1.64705 4.00959e-91 4.1994e-32 
1.38709 3.15096e-09 3.59786e-56 
1.50316 1.58749e-11 0.00217454 
1.48605 1.90429e-51 6.3179e-81 
1.40309 1.03025e-56 3.99302e-34 
1.68937 6.59468e-36 2.4492e-54 
1.29746 8.04175e-29 1.75165e-15 
1.45203 0.00185438 2.34899e-11 
1.38944 8.46482e-112 1.96154e-90 
1.40755 4.90575e-130 2.23798e-69 
1.53123 1.79011e-20 8.83188e-45 
1.6638 1.24685e-66 1.08438e-71 
1.14396 3.13548e-17 1.79074e-78 
1.21326 5.70665e-77 0.00787674 
1.86741 3.99e-32 6.06486e-10 
1.51914 4.32945e-43 1.90695e-38 
1.60793 1.77694e-76 2.32493e-12 
1.64261 2.08115e-25 5.09632e-84 
1.61724 2.05721e-30 2.1549e-16 
1.232852 0.000000 0.000000 
1.304018 0.000000 0.000000 
1.365188 0.000000 0.000000 
1.304632 0.000000 0.061389 
1.108795 0.000000 0.000000 
1.558607 0.000000 0.000000 
1.461872 0.000000 0.000000 
1.286559 0.000000 0.000000 
1.484597 0.000000 0.000000 
1.214548 0.000000 0.000000 
1.131536 0.000000 0.000000 
1.343044 0.000000 0.000000 
1.193856 0.000000 0.000000 
1.27491 3.84301e-115 7.70419e-26 
1.516 7.20174e-98 7.46978e-23 
1.62349 0.00120221 5.3522e-100 
1.42753 9.95279e-06 1.88312e-86 
1.76637 1.06495e-109 0.000623011 
1.58496 0.585869 8.64844e-137 
1.49325 0.00597485 1.9325e-27 
1.61064 6.57694e-229 3.8431e-74 
1.45218 2.21556e-70 5.98519e-92 
1.51619 5.45344e-78 1.59539e-07 
1.40939 1.06385e-10 9.64583e-49 
1.53735 2.59745e-07 2.86328e-17 
1.36091 7.06644e-09 1.23279e-11 
0.4703 6.66872e-188 1.46169 
1.41148 1.09731e-64 4.93788e-22 
1.62835 1.63393e-23 5.87585e-77 
1.57059 0.0259314 4.76776e-86 
1.61724 1.22512e-24 1.77147e-36 
1.61419 1.52668e-49 1.26869e-63 
1.23422 1.77936e-11 5.27979e-13 
0.450851 1.52315 6.80263e-118 
1.44175 7.16612e-50 3.34732e-21 
1.38519 8.72704e-19 9.03951e-55 
1.46434 4.65156e-05 1.60474e-26 
1.46218 4.5827e-53 0.00437349 
1.64618 1.60548e-55 7.28904e-47 
1.5648 1.64423e-34 1.3597e-80 
1.47307 7.31918e-16 7.02571e-60 
1.58618 5.49876e-62 6.64959e-168 
1.57334 2.43465e-102 4.47935e-15 
1.61634 0.120474 1.54766e-31 
1.53934 2.49477e-127 8.16384e-96 
1.77991 2.98726e-71 4.43002e-36 
1.65864 1.31871e-21 2.3191e-05 
1.49646 2.12074e-59 6.03432e-21 
1.48906 0.00016707 1.60544e-38 
1.30624 9.55349e-36 1.50544e-66 
1.39625 1.36434e-07 0.0147152 
1.42016 4.92647e-39 3.18512e-09 
1.41112 1.34654e-25 3.07541e-07 
1.56628 2.16883e-24 1.02482e-10 
1.40916 2.52492e-08 1.32244e-159 
1.32333 4.59963e-22 2.67593e-133 
1.19921 2.17526e-09 8.29827e-53 
1.3444 1.89387e-18 8.0318e-62 
1.18146 7.9706e-28 5.3899e-19 
1.55824 9.49245e-31 1.84204e-24 
1.59382 9.37439e-138 3.4123e-69 
1.44731 1.06518e-13 4.92574e-06 
1.56736 3.94929e-40 6.09776e-17 
1.69982 6.82818e-46 1.03339e-43 
1.29217 3.64494e-43 0.121625 
1.60531 2.41639e-26 1.51527e-65 
1.21064 3.82715e-33 4.98739e-45 
1.5314 1.17384e-15 4.70717e-28 
1.17082 6.17609e-13 3.75452e-24 
1.49143 3.75817e-160 2.42551e-30 
1.41306 1.44292e-62 1.72869e-18 
1.73291 1.95922e-20 3.24511e-08 
1.60828 2.36926e-93 7.04321e-14 
1.63949 7.30111e-37 5.66634e-112 
1.28221 2.35579e-06 6.23945e-35 
1.30135 1.25057e-67 6.61117e-10 
1.57227 1.17063e-46 1.05945e-08 
1.58999 1.74089e-31 4.00844e-32 
1.34873 1.62643e-38 1.33241e-06 
1.74293 2.59759e-86 2.33118e-46 
1.19496 1.23838e-05 1.1344e-29 
1.77455 2.343e-56 6.22783e-57 
1.42241 9.32142e-29 1.43974e-205 
1.80434 3.89327e-32 0.0012509 
1.35712 5.13542e-12 4.38525e-13 
1.40972 1.33481e-76 6.37111e-20 
1.39453 7.63394e-80 7.69753e-40 
1.19633 8.97545e-53 3.06098e-104 
1.39426 8.08975e-14 4.80104e-05 
1.84295 1.34237e-88 1.63122e-53 
1.30236 3.39722e-20 0.577577 
1.78334 1.43942e-16 4.22443e-40 
1.27455 8.30797e-124 9.91626e-15 
1.68801 1.15796e-41 1.4384e-41 
1.61527 3.4302e-17 3.01621e-73 
1.70131 2.56311e-44 8.38837e-34 
1.40007 6.23857e-15 0.0243829 
1.54284 2.16421e-10 7.42374e-12 
1.62215 2.41677e-29 9.42412e-16 
1.65275 0.007284 8.99271e-50 
1.486015 0.000000 0.000000 
1.378270 0.000000 0.000000 
1.629651 0.000000 0.000000 
1.535810 0.000000 0.000000 
1.574804 0.000000 0.000000 
1.291315 0.000000 0.000000 
1.568780 0.000000 0.000000 
1.105303 0.000000 0.000000 
1.562539 0.000000 0.000000 
1.482475 0.000000 0.000000 
1.471340 0.000000 0.000000 
1.727366 0.000000 0.000000 
1.244964 0.000000 0.000000 
1.55354 2.56933e-17 2.83067e-25 
1.15479 4.29622e-28 1.87865e-13 
1.55902 5.8767e-203 7.21359e-27 
1.29949 5.19229e-38 8.46166e-08 
1.45539 4.55901e-87 8.54045e-95 
1.87346 1.27515e-20 4.96302e-141 
1.35233 2.01045e-159 4.05994e-18 
1.48063 0.00471243 3.86264e-45 
1.38429 1.76752e-21 1.9134e-16 
1.40873 5.01382e-116 2.72877e-19 
1.51619 3.62279e-55 0.0142938 
1.41123 1.61093e-06 2.55094e-90 
1.63802 7.74177e-33 0.00102452 
1.39604 1.46545e-15 5.17382e-06 
1.58828 0.00189518 3.0243e-37 
1.01244 4.7076e-31 1.18713 
1.41711 7.0734e-76 2.43925e-21 
1.61915 4.68878e-73 1.13002e-245 
1.50334 2.92586e-14 6.58035e-35 
2.08384 1.48253e-12 8.18709e-64 
1.52358 2.81272e-13 9.89377e-18 
1.36699 1.30297e-102 2.39144e-05 
1.61866 4.86988e-16 1.00203e-155 
1.47728 1.46116e-19 4.34589e-31 
1.88726 5.81377e-17 2.16451e-29 
1.3723 1.7048e-96 8.10682e-40 
1.40091 1.40821e-18 5.55676e-09 
1.21984 8.08882e-49 1.79094e-14 
1.48875 2.68336e-25 1.64086e-15 
1.54286 3.71408e-84 2.28448e-38 
1.54904 5.34722e-44 1.00266e-22 
1.41893 4.35574e-23 0.000161313 
1.46757 4.94301e-79 4.25158e-12 
1.37267 9.01271e-27 4.7687e-51 
1.29248 2.26721e-59 2.32306e-54 
1.42526 7.08637e-09 2.7628e-22 
1.34024 4.72047e-46 1.28883e-130 
1.32489 3.13456e-92 6.59186e-14 
1.62113 5.78596e-11 6.2537e-83 
1.48604 0.0261455 4.04972e-33 
1.47642 2.79649e-65 4.94271e-10 
1.4877 1.95477e-35 3.26409e-08 
1.75993 4.0815e-06 1.03227e-28 
1.64993 6.78995e-25 0.000127264 
1.54869 8.05509e-47 5.20869e-25 
1.72752 6.59833e-58 1.2977e-80 
1.25415 7.71677e-185 1.20253e-20 
1.41937 3.4708e-53 1.08439e-70 
1.17906 4.18463e-07 1.23893e-43 
1.61614 9.01104e-24 1.38553e-57 
1.38429 0.000146079 3.43708e-11 
1.5023 1.28448e-42 1.03382e-61 
1.51659 1.55837e-121 1.31274e-27 
1.3344 0.0142968 1.28901e-19 
1.18691 2.09734e-69 2.91379e-48 
1.80412 2.7819e-11 4.29972e-40 
1.67701 1.20245e-14 4.01025e-73 
1.6374 5.79073e-107 1.18874e-10 
1.70417 6.9918e-05 1.90819e-41 
1.51751 6.41623e-34 1.65966e-06 
1.63714 1.5113e-05 1.51306e-51 
1.25012 2.21887e-40 0.00239909 
1.8476 1.05927e-07 7.32354e-46 
1.43361 5.69919e-39 9.76011e-66 
1.34054 6.92723e-51 1.17807e-35 
1.84356 0.201273 7.94576e-24 
1.66788 6.12828e-22 1.63759e-101 
1.23139 1.84444e-42 3.91232e-59 
1.8838 1.11304e-62 2.07836e-89 
0.961452 0.740441 0.0300476 
1.45194 9.94217e-128 4.97037e-106 
1.77758 1.37602e-29 8.11526e-56 
1.55187 5.11229e-37 9.73605e-10 
1.26414 2.10166e-51 0.642469 
1.5079 3.02818e-28 5.46682e-174 
1.5142 4.96524e-08 7.39596e-13 
1.25289 4.82316e-19 1.07303e-68 
1.514 4.2173e-35 2.81364e-124 
1.53127 1.6032e-09 4.29517e-07 
1.69686 8.8939e-136 5.52549e-76 
1.23656 0.311701 1.30901e-30 
1.81754 5.04614e-31 5.11166e-17 
1.42417 1.82761e-67 1.51479e-32 
1.17558 1.75603e-60 1.87308e-47 
1.42331 3.58803e-10 3.1358e-110 
1.54431 2.60259e-80 9.27689e-77 
1.42869 2.55555e-12 0.146314 
1.231488 0.000000 0.000000 
1.460706 0.000000 0.000000 
1.276220 0.000000 0.000000 
1.605607 0.000000 0.000000 
1.540556 0.000000 0.000000 
1.015315 0.000000 0.000000 
1.014595 0.000000 0.000000 
0.893631 0.000000 0.798583 
1.132699 0.000000 0.506669 
0.331009 0.000000 1.169718 
1.087789 0.000000 0.000002 
1.113183 0.000000 0.000000 
1.148626 0.000000 0.062703 
