1.54171 1.54212e-09 3.50221e-35 
1.59662 9.94203e-90 4.05959e-10 
1.48832 0.0160831 1.41046e-18 
1.51187 0.931065 9.19006e-22 
1.71647 1.94589e-59 3.63745e-12 
1.43156 2.55584e-47 6.46276e-38 
1.47987 1.3092e-54 9.157e-14 
1.34428 7.92128e-11 0.346081 
1.45205 3.87376e-76 2.14319e-62 
1.23747 2.8331e-19 9.06862e-196 
1.22728 9.93264e-05 1.42595e-49 
1.50877 9.5358e-24 1.07149e-52 
1.5338 2.0625e-45 2.09052e-39 
1.28604 4.01621e-30 4.12682e-46 
1.79791 5.25214e-33 4.30793e-19 
1.71675 1.22455e-83 1.96846e-24 
1.73359 2.12966e-27 9.49013e-166 
1.39821 1.29177e-39 8.09126e-33 
1.59662 1.32994e-24 1.60898e-28 
1.44025 7.36164e-22 2.2399e-09 
1.3927 3.94717e-38 1.39915e-47 
1.43373 6.25254e-35 9.27352e-27 
1.32556 0.374924 2.86811e-43 
1.49427 4.30152e-16 6.84376e-05 
1.59345 1.96555e-163 1.20238e-107 
1.40457 1.20499e-79 5.28527e-42 
1.23354 1.3374e-22 4.07923e-06 
1.83092 0.000276381 1.05056e-10 
1.43159 1.94139e-42 1.91244e-11 
1.5333 6.49167e-09 2.83332e-17 
1.72348 1.54701e-72 7.21621e-07 
1.50718 5.21221e-69 4.28409e-41 
1.24651 2.2838e-82 0.980289 
1.5806 2.73572e-11 6.8781e-140 
1.39994 2.6468e-129 4.05579e-98 
1.65244 1.09885e-67 1.06813e-72 
1.4916 7.77882e-26 2.42195e-102 
1.49644 3.37687e-05 2.89088e-54 
1.57916 1.49117e-06 7.48631e-60 
1.6885 1.84855e-23 3.239e-15 
1.78478 1.15788e-250 2.05343e-75 
1.68655 2.64464e-10 2.0145e-08 
1.24592 0.000540551 2.34415e-44 
1.51169 7.07558e-116 6.12034e-13 
1.93532 9.91028e-36 8.27092e-51 
1.22944 3.56424e-51 6.8594e-126 
1.15442 4.22238e-20 2.60884e-22 
1.48004 2.15546e-32 5.50705e-21 
1.78446 8.41898e-99 5.45486e-16 
1.42752 0.00243614 3.50917e-60 
1.34638 1.45445e-31 1.90107e-55 
1.20571 1.91616e-136 3.11161e-90 
1.38651 3.97054e-28 7.16552e-161 
1.72861 2.48406e-36 1.09366e-30 
1.74014 1.8606e-18 0.129002 
1.7345 5.15958e-57 8.9229e-80 
1.5225 9.20122e-21 4.39224e-17 
1.44076 1.67163e-62 0.0126655 
1.30628 5.22575e-14 9.25832e-28 
1.43759 9.52336e-08 2.7725e-83 
1.20022 1.89233e-64 8.05093e-57 
1.50871 5.35346e-12 7.26831e-122 
1.1677 2.74443e-51 1.68858e-24 
1.44674 1.81884e-61 0.000767436 
1.54647 0.0221172 8.24812e-32 
1.62866 1.08797e-100 1.81447e-06 
1.53376 7.10439e-45 6.2391e-08 
1.27082 5.39567e-117 5.07103e-26 
1.42112 1.22525e-12 1.07011e-13 
1.62887 4.68064e-186 0.00314785 
1.59393 2.71509e-54 3.19067e-29 
1.58977 1.48611e-48 3.21362e-36 
1.43282 1.15255e-29 1.02116e-08 
1.21097 3.31643e-17 4.75599e-23 
1.77029 1.15316e-91 2.22357e-33 
1.3632 1.06066e-104 7.02308e-77 
1.26252 2.011e-17 5.63846e-69 
1.30879 3.30652e-40 0.000277575 
1.34236 0.0657424 1.13619e-05 
1.58723 1.03745e-42 2.54982e-114 
1.79757 1.90932e-13 1.65808e-14 
1.4765 1.68665e-15 0.055325 
1.67126 1.55814e-26 4.96822e-20 
1.65047 5.35856e-06 1.9449e-65 
1.55599 2.80256e-08 1.03069e-67 
1.12997 7.42636e-15 3.4018e-37 
1.44905 6.64786e-07 1.49879e-90 
1.361886 0.000000 0.000000 
1.278178 0.000000 0.000000 
1.358315 0.000000 0.000000 
1.706563 0.000000 0.000000 
1.195681 0.000000 0.000000 
1.148695 0.000000 0.000000 
1.090313 0.000000 0.000000 
1.170000 0.000000 0.000000 
1.462057 0.000000 0.000000 
1.774981 0.000000 0.000001 
1.303687 0.000000 0.000000 
1.427158 0.000000 0.000000 
1.319161 0.000000 0.000000 
