1.5679 9.07911e-21 2.50783e-31 
1.55005 6.27946e-43 5.60407e-61 
1.64784 3.12287e-32 3.34448e-24 
1.15693 5.09663e-53 1.50103e-55 
1.63363 8.17244e-32 2.23976e-91 
1.51919 6.10725e-06 2.21142e-12 
2.07308 6.78049e-72 5.06656e-17 
1.48443 1.03392e-16 5.14807e-27 
1.55108 1.12129e-62 2.10427e-160 
1.6943 4.33317e-206 0.00156484 
1.69286 1.1794e-06 1.85337e-50 
1.39157 0.0016986 9.09273e-38 
1.48854 0.095129 1.26264e-30 
1.49283 3.95634e-20 5.35351e-29 
1.76044 2.38204e-186 1.92021e-46 
1.42304 1.05974e-52 0.0243022 
1.73947 3.45983e-61 3.40402e-70 
1.36719 7.38544e-05 5.4557e-39 
1.69754 0.0641654 2.3468e-142 
1.36767 5.30169e-09 3.08394e-80 
1.70058 0.000204831 4.81545e-43 
1.54072 0.00817796 0.0113769 
1.7469 1.33024e-48 1.69825e-07 
1.63166 1.26966e-24 1.49624e-48 
1.35895 6.16784e-38 3.90492e-225 
1.47086 2.78856e-23 2.86756e-84 
1.35321 7.06845e-34 9.27872e-28 
1.91886 8.55708e-86 5.82302e-10 
1.44705 1.16721e-106 2.25068e-32 
1.46038 2.25304e-125 3.16163e-12 
1.26086 7.10926e-102 1.02528e-21 
1.15239 4.43543e-14 6.90329e-45 
1.26453 2.16728e-74 7.14222e-73 
1.56664 1.64705e-08 6.4156e-54 
1.74709 8.33771e-58 9.61569e-14 
1.65014 1.67338e-26 8.13521e-87 
1.18873 1.19033e-77 2.85916e-103 
1.43204 1.92644e-89 1.33929e-41 
1.38735 2.1025e-15 4.42584e-08 
1.63845 4.19552e-41 2.17506e-11 
1.1096 1.34239e-14 2.47e-108 
1.5612 4.22781e-115 4.71705e-57 
1.46854 9.75806e-29 5.02925e-15 
1.45732 2.71048e-142 0.00321664 
1.72406 0.00230203 3.70518e-16 
1.45861 5.94136e-71 1.43644e-177 
1.28404 1.56938e-22 4.00112e-28 
1.34365 3.51673e-65 5.36532e-113 
1.43765 5.86009e-11 2.26758e-121 
1.60744 8.37623e-55 0.16651 
1.83706 3.53634e-11 0.861604 
1.46375 5.14928e-50 3.1177e-64 
1.37093 2.32228e-162 2.26524e-23 
1.09638 6.26921e-19 2.9111e-22 
1.53797 2.62334e-21 8.11079e-18 
1.38922 3.98966e-36 1.01498e-59 
1.78487 3.11541e-80 3.18483e-07 
1.45029 2.89725e-16 1.15124e-15 
1.5689 2.63293e-05 1.9662e-05 
1.64057 7.8519e-08 9.38128e-05 
1.34774 3.42821e-46 1.00386e-36 
1.19297 0.9386 9.82381e-68 
1.42973 1.07611e-23 3.1453e-40 
1.62314 6.11234e-59 6.43297e-19 
1.15244 4.92712e-07 9.03085e-96 
1.1492 4.17785e-18 1.00842e-19 
1.97627 2.25726e-12 7.2517e-21 
1.4613 1.8696e-121 7.99708e-36 
1.45217 1.4388e-27 6.26546e-26 
1.60293 2.79031e-10 2.12192e-06 
1.5587 1.90565e-09 2.82894e-47 
1.41496 2.72191e-34 5.95687e-126 
1.43379 5.57218e-42 0.00024653 
1.44152 2.32766e-37 6.90409e-52 
1.55583 3.2202e-29 1.84589e-13 
1.29595 7.47898e-45 3.50006e-77 
1.26944 1.38255e-13 1.06237 
1.47559 8.97374e-26 1.57717e-18 
1.49039 1.06686e-68 2.75465e-25 
1.52998 9.96457e-96 4.97441e-06 
1.32184 7.13386e-39 3.35818e-33 
1.22737 0.532092 1.03589e-10 
1.54777 1.1154e-30 2.09657e-74 
1.39116 1.57977e-47 5.17756e-35 
1.45784 7.81801e-12 5.90419e-09 
1.34404 8.64574e-18 1.85454e-63 
1.53064 3.70097e-91 1.74533e-09 
1.002595 0.000000 0.000000 
1.003077 0.000000 0.000000 
1.003595 0.000000 0.000000 
1.027705 0.000000 0.000000 
1.016739 0.000000 0.000000 
1.021036 0.000000 0.000000 
1.015699 0.000000 0.000000 
1.027517 0.000000 0.000000 
1.008118 0.000000 0.000000 
1.024220 0.000000 0.000000 
1.014966 0.000000 0.000000 
1.012433 0.000000 0.000000 
1.009379 0.000000 0.000000 
