1.17817 1.04272e-11 2.11543e-38 
1.28637 2.06185e-125 6.41952e-125 
1.45372 1.77036e-27 4.4605e-40 
1.28767 1.34137e-29 1.34672e-116 
1.48617 4.62674e-21 8.1702e-27 
1.48197 4.13279e-63 3.496e-09 
1.25467 0.00115934 5.05448e-34 
1.47145 2.58803e-64 1.89542e-105 
1.58494 1.825e-30 2.97236e-55 
1.49831 1.6443e-168 0.000277354 
1.46399 1.81419e-72 2.86924e-66 
1.45261 3.62761e-07 8.04368e-17 
1.51857 1.18133e-31 7.20061e-20 
1.27042 0.000225489 2.76647e-13 
1.24963 5.55402e-10 1.03723e-17 
1.63289 5.04722e-06 1.14072e-84 
1.37877 3.546e-24 2.22688e-09 
1.5414 1.12951e-83 2.69996e-34 
1.59404 4.2277e-47 3.24166e-91 
1.78544 3.15921e-22 3.1575e-39 
1.70832 6.44149e-92 1.43466e-11 
1.71843 9.5804e-60 9.03277e-79 
1.26445 2.20336e-14 2.31392e-37 
1.6276 3.78832e-81 6.08469e-13 
1.80107 1.75478e-52 1.41128e-35 
1.89314 4.39998e-38 3.28766e-30 
1.76993 2.11024e-234 3.66548e-22 
1.44262 1.51807e-10 1.5517e-82 
1.34394 1.77659e-160 3.09676e-16 
1.12135 1.62893e-06 6.16665e-50 
1.43436 5.33452e-67 1.68752e-08 
1.54976 1.28244e-05 0.00132299 
1.33734 8.44284e-46 1.50922e-41 
1.53091 3.72741e-88 7.94499e-23 
1.78168 5.91435e-19 8.90357e-102 
1.59846 6.61247e-39 3.79201e-28 
1.44441 3.10113e-18 2.01698e-05 
1.48168 3.45393e-35 7.13659e-14 
1.40041 0.0407369 2.11683e-54 
1.14848 1.14507e-77 1.48266e-268 
1.3984 5.81128e-26 2.74669e-63 
1.53322 1.60746e-112 3.27628e-06 
1.25787 3.00618e-75 0.0353145 
1.31029 2.54277e-48 5.72263e-10 
1.66652 6.02094e-12 2.61833e-32 
1.41614 3.37721e-17 6.15236e-49 
1.6274 4.85666e-45 3.2365e-21 
1.18801 3.60451e-57 0.746678 
1.60556 1.09196e-17 4.08519e-18 
1.44141 1.17957 8.35837e-46 
1.52196 3.54974e-28 1.97268e-141 
1.69579 5.9355e-32 0.444155 
1.53928 9.28495e-09 2.08185e-43 
1.50622 0.388813 2.13921e-19 
1.58234 2.75681e-23 1.38086e-56 
1.21379 4.96518e-27 9.21857e-07 
1.57289 1.45537e-42 7.46787e-148 
1.58633 1.84898e-21 1.26458e-10 
1.20041 1.32488e-60 1.44672e-113 
1.67144 1.43725e-99 2.12146e-176 
1.5326 9.1561e-20 0.16365 
1.20934 1.5736e-69 3.62532e-45 
1.64462 1.17322e-40 1.48047e-20 
1.50248 1.79604e-09 2.22568e-27 
1.85482 7.09416e-05 6.53024e-25 
1.59295 7.44173e-08 3.27283e-12 
1.89253 4.41373e-15 2.36896e-51 
1.26247 1.53867e-16 8.21898e-62 
1.75859 1.75425e-14 1.5411e-07 
1.35937 3.12574e-107 1.1818e-15 
1.4828 9.50442e-34 7.45933e-70 
1.78268 8.53811e-36 7.75001e-47 
1.75484 6.76075e-13 9.55672e-32 
1.38511 0.0943609 2.60772e-07 
1.40329 2.21403e-13 5.26264e-05 
1.27457 3.47898e-37 4.55339e-15 
1.46139 3.31443e-25 2.71576e-74 
1.52023 6.63335e-53 1.71166e-67 
1.39163 4.05269e-138 1.19912e-23 
1.50072 2.60849e-08 1.63221e-73 
1.32675 3.54264e-96 9.2659e-90 
1.4711 0.00201221 0.0111474 
1.69374 5.57865e-42 3.71088e-58 
1.20423 5.52008e-123 1.99032e-25 
1.59132 4.3754e-51 0.00393522 
1.4104 0.015348 2.63209e-29 
1.61269 4.17296e-55 2.76727e-95 
1.263800 0.000000 0.000000 
1.207351 0.000000 0.000000 
1.350607 0.000000 0.000000 
1.901390 0.000000 0.000000 
1.189408 0.000000 0.000000 
1.005120 0.000000 0.000000 
1.017502 0.000000 0.000000 
1.016242 0.000000 0.000000 
1.013899 0.000000 0.000000 
1.012361 0.000000 0.000000 
1.009606 0.000000 0.000000 
1.006505 0.000000 0.000000 
1.011388 0.000000 0.000000 
