1.52495 7.50124e-07 1.15697e-27 
1.61196 2.60526e-55 9.38847e-54 
2.00663 2.29058e-93 5.48114e-08 
1.54181 1.93537e-39 7.19819e-77 
1.57926 1.81269e-21 0.0519431 
1.40187 5.80948e-115 8.34691e-53 
1.46284 2.05424e-49 0.000121679 
1.47163 4.31194e-33 3.53863e-32 
1.69403 6.69741e-161 2.67879e-28 
1.31549 0.570797 0.149592 
1.41935 3.28084e-46 4.28726e-10 
1.40555 1.20893e-18 3.39157e-29 
1.83402 1.64113e-56 4.19425e-42 
1.62218 8.13817e-19 2.1873e-26 
1.61586 1.0851e-05 7.35724e-24 
1.51155 2.06723e-30 1.42124e-44 
1.724 2.04354e-82 1.06111e-87 
1.81058 0.0589165 5.7914e-177 
1.39382 2.41695e-141 5.84374e-07 
1.60386 4.18245e-08 1.34869e-06 
1.29666 6.46519e-53 1.5362e-21 
1.19205 4.25227e-25 4.08427e-21 
1.03005 2.74491e-42 1.93494e-113 
1.80981 5.89445e-16 4.70783e-73 
1.29518 1.83891e-20 4.04615e-101 
0.280005 1.37419 5.64066e-12 
1.6367 3.89546e-15 1.29842e-12 
1.29242 2.49382e-14 8.16998e-38 
1.5285 1.0605e-12 2.71532e-82 
1.69638 0.0176973 1.77243e-119 
1.35503 2.78891e-12 6.4772e-37 
1.55055 1.79879e-193 7.25358e-17 
1.18847 0.000205003 4.80634e-41 
1.26592 1.09063e-116 5.16278e-09 
1.42056 4.5464e-96 6.62701e-11 
1.6384 2.55848e-06 1.16752e-25 
1.69065 1.01126e-52 2.97041e-136 
1.37353 1.48697e-13 8.25056e-20 
1.46582 1.48971e-16 5.57318e-228 
1.49814 4.63305e-29 1.75448e-148 
1.49769 1.72358e-72 1.01996e-31 
1.29563 5.93396e-20 9.56978e-36 
1.3102 1.50334e-67 6.04374e-14 
1.13813 2.31631e-09 4.47344e-34 
1.49242 2.73075e-64 3.11457e-22 
1.44187 1.71386e-34 1.95064e-90 
1.44546 0.00296521 4.25703e-06 
1.39237 1.33501e-07 5.46568e-66 
1.44448 1.09061e-14 2.98365e-47 
1.60525 1.09523e-27 1.16086e-49 
1.49988 4.67906e-37 1.79642e-49 
1.48167 3.66623e-70 2.60852e-130 
1.5754 6.47592e-18 1.19668e-104 
2.01776 1.77412e-32 0.000260222 
1.99965 5.48468e-09 4.4576e-58 
1.54558 9.44614e-77 1.29619e-60 
1.40773 2.07203e-25 0.00799379 
1.66839 1.65416e-109 6.27517e-75 
1.30651 4.4133e-83 1.61741e-15 
1.5826 1.03213e-124 5.52303e-16 
1.13303 3.61823e-24 9.28927e-35 
1.50552 1.9205e-28 3.46279e-55 
1.38526 3.69512e-45 3.43109e-83 
1.76385 7.86697e-89 8.04757e-18 
1.33713 1.01053e-10 1.58863e-43 
1.56402 0.00186754 0.00191239 
1.47454 1.35147e-50 0.00576232 
1.39211 8.0284e-48 6.23736e-31 
1.54677 2.2664e-61 1.36453e-09 
1.37123 4.45228e-75 3.78621e-62 
1.74967 2.17249e-35 2.16256e-18 
1.4014 1.98906e-23 3.52971e-13 
1.35135 0.155008 0.401556 
1.35171 4.40165e-100 3.82647e-58 
1.53379 2.86374e-38 1.12293e-98 
1.31001 1.73028e-62 5.04468e-25 
1.58898 1.12106e-212 1.71916e-14 
1.31485 1.18245e-58 8.20401e-39 
1.77382 4.19136e-43 7.64001e-19 
1.75381 4.83577e-10 2.08145e-05 
1.29592 6.87048e-32 1.05654e-11 
1.34079 2.41437e-05 3.95922e-46 
1.59153 7.1938e-05 6.95805e-70 
1.37168 1.13674e-26 6.45392e-08 
1.39536 4.62558e-40 1.6076e-23 
1.64356 2.33334e-22 8.1258e-68 
0.850832 1.11545e-11 1.45702 
0.004184 1.402664 0.000000 
0.012551 1.396217 0.000000 
0.006642 1.397100 0.000000 
0.005316 1.375665 0.000000 
0.004294 1.363010 0.000000 
1.003472 0.000000 0.000000 
1.002909 0.000000 0.000000 
1.025608 0.000000 0.000000 
1.008148 0.000000 0.000000 
1.008753 0.000000 0.000000 
0.000607 0.000000 1.716090 
0.002149 0.000000 1.692030 
0.014079 0.000000 1.725445 
