0.904799 0.990564 4.46051e-37 
1.65337 7.46229e-06 4.70079e-46 
1.41858 1.83172e-16 1.60219e-51 
1.65191 5.10765e-30 4.20841e-31 
1.29546 3.45183e-09 1.77371e-08 
1.62778 1.50086e-13 0.0450694 
1.25228 2.56171e-11 2.7614e-78 
1.21888 4.5086e-36 2.46161e-96 
1.39004 8.97545e-59 4.29915e-05 
1.13408 5.75279e-27 3.88588e-19 
1.6833 5.37622e-07 9.68822e-08 
1.15166 6.41217e-230 3.8294e-125 
1.29754 2.74812e-49 7.3321e-61 
1.35391 2.47309e-23 4.64318e-89 
1.76451 3.99433e-44 1.77349e-12 
1.64329 1.55657e-24 6.01353e-11 
1.62578 5.42399e-48 8.48331e-41 
1.58982 1.4948e-39 8.11876e-10 
1.34748 3.35063e-10 5.94992e-108 
1.44253 4.0667e-34 1.30338e-20 
1.20929 1.12293e-54 5.15665e-58 
1.4967 7.82118e-67 1.44163e-35 
1.49951 2.25293e-22 1.56515e-29 
1.69205 1.07648e-32 1.04068e-28 
1.78952 2.13876e-60 4.19271e-53 
1.44043 9.30157e-88 4.23303e-70 
1.73875 3.52712e-149 4.44798e-48 
1.66304 4.22069e-14 1.233e-43 
1.91531 5.74332e-42 2.10757e-100 
1.356 9.63182e-19 8.51029e-34 
1.52034 4.31922e-29 2.75981e-13 
1.53649 1.41607e-21 3.58438e-22 
1.44637 2.28829e-05 6.09037e-33 
1.33212 0.00021302 8.20073e-31 
1.35036 2.59848e-78 1.8622e-166 
1.30879 4.45876e-66 3.60984e-122 
1.3825 0.00796752 2.79477e-18 
1.63897 1.8105e-09 0.0189298 
1.40262 0.231008 2.04221e-83 
1.52805 1.29425e-93 1.07212e-34 
1.61807 9.6484e-50 1.69408e-137 
1.22633 1.1138e-36 7.22346e-42 
1.24271 0.0867639 4.61459e-75 
1.50665 5.44979e-15 0.000524713 
1.657 8.70511e-58 1.56594e-06 
1.76862 1.12466e-37 1.7205e-68 
2.02033 2.93649e-07 1.90183e-81 
1.44465 3.86736e-15 4.06756e-05 
1.70695 6.56931e-192 9.07733e-113 
1.6707 2.03288e-99 4.57228e-21 
1.82216 1.50614e-23 2.4152e-11 
1.62162 6.5553e-71 2.41541e-07 
1.6801 3.47495e-80 1.10324e-11 
1.20297 0.00141591 4.63638e-20 
1.16588 2.11754e-97 5.23356e-16 
1.39477 6.6965e-130 3.08821e-06 
1.62475 5.03952e-08 6.95115e-51 
1.49628 8.27762e-144 8.97539e-14 
1.56701 3.09832e-20 0.195486 
1.66223 8.14281e-05 5.83513e-25 
1.40642 0.00246908 4.61765e-23 
1.71573 1.40447e-40 2.1491e-09 
1.53381 2.82296e-113 4.59016e-162 
1.55098 1.51919e-51 1.29835e-17 
1.12531 2.70159e-121 7.75561e-27 
1.83019 1.22622e-11 6.10106e-63 
1.5786 1.28835e-06 5.70609e-17 
1.26448 9.24463e-46 7.65263e-16 
1.69217 0.0657477 9.78024e-73 
1.25111 3.8376e-104 2.19843e-90 
1.719 2.19392e-27 0.00503526 
1.36664 9.61536e-17 4.79291e-26 
1.58839 1.92553e-19 3.84694e-24 
1.36696 1.96139e-72 0.61689 
1.38746 2.55944e-20 7.32211e-15 
1.51667 3.05872e-17 1.1364e-65 
1.28114 7.55696e-26 3.53885e-222 
1.68574 5.40496e-53 2.11781e-44 
1.2364 1.9661e-31 5.53792e-48 
1.23478 2.229e-28 5.57354e-28 
1.62136 4.62128e-86 2.90935e-38 
1.63997 3.9843e-63 0.00123368 
1.49608 1.16884e-42 7.75361e-09 
1.38818 6.26307e-11 1.12718e-59 
0.148758 1.80594e-13 1.38179 
1.77867 4.02695e-74 3.38412e-39 
1.48195 6.58316e-34 8.02577e-55 
0.001526 0.000000 1.424613 
0.003127 0.000000 1.459554 
0.009465 0.000002 1.449058 
0.008461 0.000000 1.430015 
0.005412 0.000000 1.446017 
0.004585 0.000000 1.450745 
0.008014 0.000000 1.415388 
0.000343 0.000000 1.441527 
0.003994 0.000000 1.461176 
0.005036 0.000000 1.417774 
0.002598 0.000000 1.295796 
0.566371 0.000000 1.140941 
1.162011 0.000000 0.000462 
