1.75025 2.37404e-41 1.98801e-36 
1.65772 2.89142e-33 1.35478e-69 
1.50735 3.39372e-21 8.95506e-08 
1.34757 7.20535e-272 1.75202e-11 
1.64324 1.17483e-17 4.41699e-73 
1.44639 2.0501e-06 1.01993e-85 
1.75816 5.4433e-122 1.09296e-33 
1.27064 1.04523e-36 9.7776e-59 
1.58734 9.081e-10 2.24913e-20 
1.57832 1.00473e-48 1.40647e-43 
1.90657 1.02674e-66 1.29166e-48 
1.34112 2.81574e-12 2.19824e-06 
1.48773 9.28654e-29 3.34429e-08 
1.57535 2.23645e-27 7.86854e-63 
1.51112 2.44935e-07 1.36957e-168 
1.39022 7.25892e-102 5.31575e-134 
1.32358 1.95788e-153 1.23765e-28 
1.40724 3.71958e-15 7.55756e-48 
1.52106 0.0732052 3.39002e-88 
1.5063 1.43133e-08 9.06538e-78 
1.36102 3.05802e-46 1.53459e-41 
1.64759 1.99723e-26 1.60112e-116 
1.70392 0.618644 0.0937936 
1.47207 5.37058e-140 8.05909e-39 
1.3098 1.69334e-32 5.45743e-30 
1.51251 4.45443e-10 1.60758e-64 
1.71296 8.93054e-09 4.49044e-15 
1.69689 2.89596e-11 1.19355e-17 
1.26851 1.77914e-44 7.03891e-16 
1.76412 1.50611e-14 0.0181237 
1.20539 1.45273e-19 7.07404e-06 
1.56888 3.89789e-31 1.23755e-09 
1.43549 0.00613076 5.83824e-28 
1.17579 4.89275e-60 8.53621e-17 
1.65281 1.57281e-20 1.44781e-56 
1.36978 4.96217e-14 1.50326e-67 
1.63303 6.78472e-188 7.28224e-50 
1.37218 3.4933e-20 0.0010171 
1.86003 7.39298e-51 2.05905e-12 
1.78281 2.82708e-94 3.22897e-75 
1.561 0.0569696 1.46318e-18 
1.40963 0.00216323 3.04841e-40 
1.65959 3.88152e-76 3.29666e-14 
1.35158 1.23901e-90 3.22584e-20 
1.61208 1.85598e-56 6.24949e-26 
1.60348 2.80753e-38 5.03373e-46 
1.14967 2.80336e-53 3.41847e-13 
1.43943 6.06835e-132 6.19087e-23 
1.45451 5.35538e-65 5.32869e-98 
1.3924 9.54482e-90 1.09009e-14 
1.34886 6.46792e-83 0.604309 
1.3337 1.24014e-10 2.28822e-60 
1.57529 0.00037591 4.75115e-30 
1.58422 1.82374e-07 3.38552e-07 
1.27766 2.29774e-23 0.992805 
1.11867 1.29025e-62 7.58251e-55 
1.37544 1.34039e-16 7.8408e-36 
1.40133 1.80939e-35 1.25798e-10 
1.43113 4.07397e-05 5.47331e-148 
1.5305 4.62201e-47 2.35657e-135 
1.65809 2.8956e-40 1.38539e-05 
1.82711 1.61586e-12 0.0839347 
1.25607 3.43073e-05 2.06472e-22 
1.66236 1.87395e-22 1.31031e-34 
1.36401 9.79058e-55 2.31714e-108 
1.36262 3.68749e-39 1.99599e-31 
1.38224 1.73627e-52 0.00204476 
1.55021 3.58897e-24 4.4072e-82 
1.26179 7.3291e-72 1.20059e-99 
1.37794 3.2533e-71 2.41551e-32 
1.74982 4.03333e-06 0.00026774 
1.17135 0.854609 3.19848e-52 
1.53763 1.23066e-43 1.04187e-26 
1.5113 3.3481e-112 7.11384e-247 
1.38373 1.52802e-18 6.6518e-24 
1.60202 3.98408e-26 3.01257e-44 
1.6251 3.11264e-34 6.73594e-91 
1.40732 7.43483e-31 8.76744e-12 
1.70343 2.34592e-16 0.000139274 
1.46191 0.00132119 8.81948e-25 
1.29781 2.83067e-86 4.46618e-10 
1.41512 2.41639e-60 2.55274e-21 
1.61031 1.50244e-108 9.88186e-116 
1.59011 1.27033e-13 3.54245e-53 
1.1731 9.23634e-78 7.08558e-19 
1.35203 2.58103e-25 9.28632e-38 
1.66897 4.28142e-29 4.44434e-09 
1.003428 0.000000 0.000000 
1.014185 0.000000 0.000000 
1.004196 0.000000 0.000000 
1.005332 0.000000 0.000000 
1.012583 0.000000 0.000000 
1.011180 0.000000 0.000000 
1.014513 0.000000 0.000000 
1.003333 0.000000 0.000000 
1.005734 0.000000 0.000000 
1.018331 0.000000 0.000000 
1.025069 0.000000 0.000000 
1.004604 0.000000 0.000000 
1.007258 0.000000 0.000000 
