1.55354 2.56933e-17 2.83067e-25 
1.15479 4.29622e-28 1.87865e-13 
1.55902 5.8767e-203 7.21359e-27 
1.29949 5.19229e-38 8.46166e-08 
1.45539 4.55901e-87 8.54045e-95 
1.87346 1.27515e-20 4.96302e-141 
1.35233 2.01045e-159 4.05994e-18 
1.48063 0.00471243 3.86264e-45 
1.38429 1.76752e-21 1.9134e-16 
1.40873 5.01382e-116 2.72877e-19 
1.51619 3.62279e-55 0.0142938 
1.41123 1.61093e-06 2.55094e-90 
1.63802 7.74177e-33 0.00102452 
1.39604 1.46545e-15 5.17382e-06 
1.58828 0.00189518 3.0243e-37 
1.01244 4.7076e-31 1.18713 
1.41711 7.0734e-76 2.43925e-21 
1.61915 4.68878e-73 1.13002e-245 
1.50334 2.92586e-14 6.58035e-35 
2.08384 1.48253e-12 8.18709e-64 
1.52358 2.81272e-13 9.89377e-18 
1.36699 1.30297e-102 2.39144e-05 
1.61866 4.86988e-16 1.00203e-155 
1.47728 1.46116e-19 4.34589e-31 
1.88726 5.81377e-17 2.16451e-29 
1.3723 1.7048e-96 8.10682e-40 
1.40091 1.40821e-18 5.55676e-09 
1.21984 8.08882e-49 1.79094e-14 
1.48875 2.68336e-25 1.64086e-15 
1.54286 3.71408e-84 2.28448e-38 
1.54904 5.34722e-44 1.00266e-22 
1.41893 4.35574e-23 0.000161313 
1.46757 4.94301e-79 4.25158e-12 
1.37267 9.01271e-27 4.7687e-51 
1.29248 2.26721e-59 2.32306e-54 
1.42526 7.08637e-09 2.7628e-22 
1.34024 4.72047e-46 1.28883e-130 
1.32489 3.13456e-92 6.59186e-14 
1.62113 5.78596e-11 6.2537e-83 
1.48604 0.0261455 4.04972e-33 
1.47642 2.79649e-65 4.94271e-10 
1.4877 1.95477e-35 3.26409e-08 
1.75993 4.0815e-06 1.03227e-28 
1.64993 6.78995e-25 0.000127264 
1.54869 8.05509e-47 5.20869e-25 
1.72752 6.59833e-58 1.2977e-80 
1.25415 7.71677e-185 1.20253e-20 
1.41937 3.4708e-53 1.08439e-70 
1.17906 4.18463e-07 1.23893e-43 
1.61614 9.01104e-24 1.38553e-57 
1.38429 0.000146079 3.43708e-11 
1.5023 1.28448e-42 1.03382e-61 
1.51659 1.55837e-121 1.31274e-27 
1.3344 0.0142968 1.28901e-19 
1.18691 2.09734e-69 2.91379e-48 
1.80412 2.7819e-11 4.29972e-40 
1.67701 1.20245e-14 4.01025e-73 
1.6374 5.79073e-107 1.18874e-10 
1.70417 6.9918e-05 1.90819e-41 
1.51751 6.41623e-34 1.65966e-06 
1.63714 1.5113e-05 1.51306e-51 
1.25012 2.21887e-40 0.00239909 
1.8476 1.05927e-07 7.32354e-46 
1.43361 5.69919e-39 9.76011e-66 
1.34054 6.92723e-51 1.17807e-35 
1.84356 0.201273 7.94576e-24 
1.66788 6.12828e-22 1.63759e-101 
1.23139 1.84444e-42 3.91232e-59 
1.8838 1.11304e-62 2.07836e-89 
0.961452 0.740441 0.0300476 
1.45194 9.94217e-128 4.97037e-106 
1.77758 1.37602e-29 8.11526e-56 
1.55187 5.11229e-37 9.73605e-10 
1.26414 2.10166e-51 0.642469 
1.5079 3.02818e-28 5.46682e-174 
1.5142 4.96524e-08 7.39596e-13 
1.25289 4.82316e-19 1.07303e-68 
1.514 4.2173e-35 2.81364e-124 
1.53127 1.6032e-09 4.29517e-07 
1.69686 8.8939e-136 5.52549e-76 
1.23656 0.311701 1.30901e-30 
1.81754 5.04614e-31 5.11166e-17 
1.42417 1.82761e-67 1.51479e-32 
1.17558 1.75603e-60 1.87308e-47 
1.42331 3.58803e-10 3.1358e-110 
1.54431 2.60259e-80 9.27689e-77 
1.42869 2.55555e-12 0.146314 
1.231488 0.000000 0.000000 
1.460706 0.000000 0.000000 
1.276220 0.000000 0.000000 
1.605607 0.000000 0.000000 
1.540556 0.000000 0.000000 
1.015315 0.000000 0.000000 
1.014595 0.000000 0.000000 
0.893631 0.000000 0.798583 
1.132699 0.000000 0.506669 
0.331009 0.000000 1.169718 
1.087789 0.000000 0.000002 
1.113183 0.000000 0.000000 
1.148626 0.000000 0.062703 
