1.26069 1.81546e-69 9.30176e-35 
1.52782 1.40476e-15 6.58762e-19 
1.55307 1.79072e-06 4.78655e-67 
1.48744 1.30443e-31 9.57308e-05 
1.8464 3.47921e-96 2.78535e-93 
1.45674 5.64273e-33 2.56124e-23 
1.56064 2.89713e-39 8.61589e-49 
1.72228 1.27365e-88 3.72152e-56 
1.58327 1.93087e-60 4.32079e-17 
1.52762 7.13602e-113 1.05031e-85 
1.4365 2.42328e-16 2.40742e-75 
1.88636 7.82035e-12 2.73072e-126 
1.5972 7.96131e-23 5.27379e-14 
1.62994 1.00841e-36 2.8815e-10 
1.45947 1.96462e-81 1.83861e-33 
1.30303 1.40556e-20 4.41569e-15 
1.48261 0.0238487 4.09657e-09 
1.34816 0.274486 4.10401e-38 
1.72803 1.25332e-07 1.20554e-26 
1.86109 1.00588e-18 5.31138e-18 
1.64225 5.65006e-93 8.03213e-105 
1.45805 2.96925e-26 2.16481e-12 
1.39244 9.37672e-06 9.79777e-20 
1.44811 2.75087e-08 9.95235e-41 
1.28057 9.07599e-41 1.6929e-50 
1.28682 2.2397e-79 0.111671 
1.60972 1.36625e-10 0.0121536 
1.41072 7.02272e-30 2.61766e-06 
1.5327 1.4541e-09 4.89762e-319 
1.38182 3.205e-22 7.33166e-31 
1.4877 4.90521e-157 5.83259e-29 
1.33449 5.81475e-26 1.53477e-11 
1.31857 0.000133737 1.93733e-21 
1.71652 3.03852e-47 1.12616e-15 
1.50693 6.69759e-36 2.79673e-27 
1.28242 8.07769e-15 5.86421e-16 
1.52166 3.06613e-11 9.78585e-42 
1.57023 2.6691e-45 2.90966e-77 
1.74345 0.00547853 1.0896e-38 
1.36168 7.16203e-135 2.95069e-72 
1.47733 6.14579e-177 5.83244e-32 
1.65893 1.40739e-72 2.889e-07 
1.77196 4.67006e-43 0.0421184 
0.121794 8.70256e-36 1.31821 
1.41179 7.36561e-34 2.12177e-174 
1.59656 9.08718e-24 4.83988e-24 
1.76451 5.84026e-25 1.10782e-53 
1.53848 1.42011e-44 7.03302e-11 
1.70655 3.0317e-17 1.37989e-103 
1.33852 6.83027e-86 1.66959e-111 
1.25057 0.000575013 3.23864e-25 
1.12995 3.53285e-58 2.34394e-08 
1.7062 2.24881e-63 4.68693e-12 
1.52321 5.48528e-66 2.66909e-32 
1.56006 0.106205 7.35446e-87 
1.40431 2.13003e-53 3.91429e-124 
1.33273 1.67e-21 6.2731e-63 
1.75369 5.52042e-14 0.000534555 
1.59587 0.000185823 1.50821e-42 
1.23472 6.87888e-320 6.42326e-153 
1.29391 1.39413e-55 3.32163e-37 
1.67451 2.03062e-109 0.00110641 
1.31329 1.39265e-27 3.1879e-06 
1.28813 1.09524e-12 3.87076e-46 
1.68696 2.4397e-129 2.54011e-25 
1.62952 6.65325e-124 1.37063e-95 
1.58671 1.01357e-74 1.52289e-51 
1.31961 1.03126e-49 4.58145e-22 
1.58807 1.42704e-16 2.96365e-80 
1.56193 2.92625e-51 8.36324e-59 
1.54831 5.19927e-30 1.00581e-29 
1.20701 0.0166238 3.36093e-47 
1.70023 5.15696e-49 2.82651e-09 
1.33149 8.50754e-101 1.97916e-13 
0.281977 1.17582 7.42527e-36 
1.56498 2.4228e-41 0.00570721 
1.50516 2.22655e-10 3.43773e-65 
1.33514 1.28962e-13 6.30814e-62 
1.63897 1.32152e-19 2.6709e-17 
1.32861 3.45447e-07 2.9109e-05 
1.50268 7.788e-29 3.29111e-69 
1.37583 1.29826e-08 1.12208e-07 
1.53172 1.31333e-05 9.56111e-21 
1.46617 4.23406e-59 0.300409 
1.58097 1.98005e-18 4.07516e-45 
1.6053 3.01149e-38 1.12354e-139 
1.43934 2.96637e-68 2.299e-57 
1.233589 0.000125 0.000000 
1.835486 0.000000 0.000000 
1.374484 0.000000 0.000000 
1.324464 0.000000 0.000000 
1.189735 0.000000 0.000000 
1.277784 0.000000 0.000000 
1.295049 0.000000 0.000000 
1.293791 0.000000 0.000000 
1.253297 0.000000 0.000000 
1.563916 0.000000 0.000000 
1.258735 0.000000 0.000000 
1.448142 0.000000 0.000000 
1.338625 0.000000 0.000000 
