1.6794 3.90843e-08 3.2477e-30 
1.43374 1.75692e-70 2.90012e-26 
1.48354 2.98475e-45 0.00100501 
1.17161 2.13641e-33 1.82484e-79 
1.23709 0.626316 0.071541 
1.55265 8.60679e-10 2.68863e-32 
1.38999 2.26968e-06 4.84977e-25 
1.50297 2.29385e-21 7.54556e-34 
1.66922 4.15692e-80 3.66105e-42 
1.4328 1.31538e-54 1.23211e-13 
1.42433 0.00838821 2.17624e-44 
1.45482 4.68027e-24 1.35761e-52 
1.65308 5.19227e-43 6.86532e-05 
1.39485 8.58563e-124 6.26357e-53 
1.47324 5.88488e-21 1.72919e-14 
1.44102 0.0454904 2.25242e-19 
1.41571 4.20202e-49 1.50772e-49 
1.42075 0.200814 5.29334e-07 
1.58739 1.57767e-05 2.65697e-82 
1.68608 2.35592e-30 1.1221e-61 
1.3005 3.51075e-141 7.66709e-09 
1.28376 6.31168e-44 2.48665e-36 
1.56923 9.88124e-06 1.68468e-47 
1.25454 6.52252e-35 4.66873e-22 
1.61598 9.61574e-26 2.33317e-46 
1.52555 3.62787e-92 3.23194e-12 
1.35528 2.20161e-79 1.12465e-28 
1.4102 3.45712e-88 1.37415e-58 
1.33502 0.00236588 2.62269e-06 
1.60023 7.32668e-16 3.06757e-31 
1.58851 6.38677e-65 1.96509e-25 
1.59459 2.26418e-18 3.18529e-103 
1.68653 2.51788e-106 1.45951e-11 
1.62921 1.85385e-99 1.30911e-16 
1.51383 1.70964e-13 3.53576e-62 
1.79098 1.84821e-71 3.83959e-105 
1.69321 1.8608e-200 3.36991e-17 
1.836 4.37561e-36 5.79075e-08 
1.5958 1.94041e-15 2.08006e-57 
1.63288 7.79024e-27 9.50611e-162 
1.46547 3.18795e-29 6.15073e-50 
1.49597 6.99008e-39 1.91404e-93 
1.40495 2.03644e-57 1.1859e-34 
1.20809 1.18229e-59 4.54567e-134 
1.62914 0.000748671 2.98044e-40 
1.45141 1.01948e-53 1.12789e-70 
1.32206 1.53641e-09 2.82843e-10 
1.41851 1.46409e-38 4.12357e-14 
1.61116 7.0005e-20 2.42057e-96 
1.62843 1.55775e-14 3.79999e-123 
1.47297 2.23251e-12 6.25625e-13 
1.65254 1.26541e-49 2.30636e-171 
1.38899 1.68517e-68 2.00349e-113 
1.65411 3.50007e-22 8.77682e-30 
1.23766 1.01944e-40 1.26712e-07 
1.4594 4.74825e-83 4.85525e-38 
1.45551 1.08622e-61 0.0243043 
1.6063 7.52619e-25 4.26e-15 
1.70778 1.58896e-63 5.56637e-37 
1.41883 1.2598e-27 3.84599e-21 
1.58767 1.39225e-129 1.17085e-05 
1.11046 2.33034e-32 2.25253e-210 
1.68867 4.12823e-41 1.39227e-19 
1.63683 7.2423e-110 1.2428e-65 
1.63162 2.59806e-14 1.06684e-20 
1.27884 3.98404e-28 1.53037e-16 
1.27182 1.80855e-11 1.05179e-74 
1.34577 3.06946e-31 0.373664 
1.88513 8.9526e-37 4.18054e-27 
1.66018 1.77419e-10 3.48943e-05 
1.20995 2.74686e-47 3.73468e-43 
1.1728 7.41676e-23 2.71579e-24 
1.41189 0.000142089 0.000274506 
1.46499 1.0954e-151 0.0117542 
0.658744 1.22493 1.13515e-72 
1.32512 1.39099e-95 1.15909e-66 
1.43407 6.82332e-18 8.57309e-11 
1.90962 8.5534e-12 1.19441e-09 
1.18803 1.96803e-19 3.50305e-55 
1.64201 2.67372e-07 4.64184e-23 
1.45085 2.65863e-186 1.97006e-87 
1.58876 1.3411e-74 1.6797e-39 
1.87651 0.000268681 4.00684e-18 
1.54778 1.43313e-16 1.44756e-140 
1.20177 3.85791e-09 0.00185239 
1.42895 1.20496e-07 0.836466 
1.71446 3.51196e-52 4.57808e-84 
1.331361 0.000000 0.000000 
1.132931 0.000000 0.000000 
1.307757 0.000000 0.000000 
1.525588 0.000000 0.000000 
1.374574 0.000000 0.000000 
1.448393 0.000000 0.000000 
1.083190 0.000000 0.000000 
1.342848 0.000000 0.000000 
1.712297 0.000000 0.000000 
1.417602 0.000000 0.000000 
1.399687 0.000000 0.000000 
1.538510 0.000000 0.000000 
1.356715 0.000000 0.000000 
