1.53917 5.62066e-36 1.01153e-29 
1.91159 7.7952e-21 6.22076e-16 
1.21492 5.46838e-75 0.318571 
1.6677 1.15975e-31 5.03366e-28 
1.2508 5.41652e-17 7.16904e-133 
1.51202 1.31845e-61 1.20644e-07 
1.49333 7.4421e-60 4.87176e-106 
1.54435 2.09404e-18 4.82566e-71 
1.37094 2.28077e-68 0.000611774 
1.27255 2.97188e-33 1.11851e-44 
1.55529 0.0174452 2.29751e-08 
1.40989 1.1096e-06 9.63545e-68 
1.34652 5.70094e-13 2.68827e-36 
1.2946 3.66664e-146 2.69758e-41 
1.61966 8.50076e-14 5.23773e-112 
1.91703 4.66863e-88 7.92058e-07 
1.60699 1.04194e-42 5.13429e-18 
1.55632 4.86412e-10 1.53431e-14 
1.34742 2.04456e-100 4.31339e-33 
1.58715 4.50621e-12 6.55646e-25 
1.58491 1.86352e-90 1.11175e-160 
1.632 1.80019e-25 2.81715e-14 
1.37611 1.11227e-70 0.000255139 
1.11766 3.25262e-55 0.158497 
1.24019 7.41989e-50 3.12875e-87 
1.98638 0.0400693 2.00435e-37 
1.60136 4.70674e-37 2.22857e-47 
1.47787 4.11805e-22 2.61118e-06 
1.46986 9.14919e-52 1.60742e-27 
1.38295 3.80137e-09 1.36568e-118 
1.62552 4.2127e-62 7.53212e-20 
1.38687 4.03465e-19 5.78247e-85 
1.67619 3.21336e-24 9.22888e-96 
1.32317 1.56892e-47 0.0564778 
1.18801 0.000711575 1.42908e-50 
1.64226 1.69704e-44 4.23256e-23 
1.48672 3.00076e-42 2.2935e-26 
1.25183 6.12039e-18 3.88076e-66 
1.49889 2.19069e-57 4.33162e-217 
1.51844 6.34196e-40 0.00332665 
1.44027 1.9403e-13 3.54718e-05 
1.45395 1.87915e-98 0.0167306 
1.43175 3.20978e-48 1.11576e-142 
1.40625 9.78103e-121 4.42564e-61 
1.33877 4.50688e-134 6.90685e-11 
1.38648 5.2125e-78 8.17687e-37 
1.44601 1.25741e-15 4.33805e-06 
1.46984 9.31637e-28 1.18149e-11 
1.51016 1.62683e-26 1.40321e-78 
1.13953 6.18526e-25 2.99689e-10 
1.3983 1.12634e-05 7.18715e-63 
1.72353 1.10481e-109 1.81039e-09 
1.26948 4.33247e-23 0.000101602 
1.6355 1.30134e-10 9.33069e-12 
1.43976 1.11278e-07 9.3775e-76 
1.5591 7.96809e-110 4.33555e-34 
1.57107 4.24854e-11 1.4575e-08 
1.37646 8.9143e-20 4.54832e-22 
1.76666 1.1429e-45 2.79697e-17 
1.55005 1.14797e-82 1.08607e-80 
1.88373 1.71907e-73 3.7677e-93 
1.3421 1.87295e-229 9.2729e-60 
1.48617 1.76467e-29 6.76116e-21 
1.19597 1.01077e-14 3.45809e-13 
1.30655 2.42528e-86 1.69752e-21 
1.51557 0.224512 1.02115e-15 
1.52937 3.68304e-65 1.76947e-164 
1.81155 2.61024e-32 6.54296e-53 
1.2852 0.00532821 5.28803e-33 
1.7402 9.05159e-16 2.0539e-45 
1.53609 2.1454e-21 6.0824e-41 
1.44684 1.56019e-09 1.30515e-54 
1.40669 3.99383e-38 1.01386e-52 
1.6133 2.11621e-147 1.6741e-16 
1.72205 1.00436e-30 2.24398e-43 
1.23842 0.392584 5.94729e-13 
1.38732 3.80315e-35 1.49842e-72 
1.19512 4.41138e-05 0.704966 
1.33345 1.20892e-39 7.24084e-31 
1.85375 0.000203021 5.15427e-19 
1.62762 6.58712e-172 2.29096e-39 
1.8831 2.61984e-53 3.42422e-48 
1.65823 9.12655e-07 5.36725e-24 
1.37632 4.68683e-08 5.31082e-26 
1.73959 8.45806e-29 7.73974e-58 
1.28014 1.01507 4.49432e-31 
1.62933 1.18694e-05 2.52241e-99 
1.389174 0.000000 0.000000 
1.621306 0.000000 0.000000 
1.745457 0.000000 0.000000 
1.458712 0.000000 0.000000 
1.240878 0.000000 0.000000 
1.371883 0.000000 0.000000 
1.194781 0.000000 0.000000 
1.416376 0.000000 0.000000 
1.371880 0.000000 0.000000 
1.310764 0.000000 0.000000 
1.360876 0.000000 0.000000 
1.151870 0.000000 0.000000 
1.513991 0.000000 0.000000 
