1.35741 1.64786e-23 2.53993e-35 
1.61951 9.35948e-54 6.99272e-31 
1.52984 7.49065e-11 7.84466e-13 
0.736915 1.2197 2.6695e-73 
1.73906 0.218054 1.04856e-32 
1.54952 3.45478e-22 4.31824e-11 
1.31909 1.77417e-103 4.00856e-60 
1.33513 9.78843e-48 2.20197e-52 
1.70889 2.73834e-13 1.93895e-22 
1.23334 8.59128e-41 1.2085e-43 
1.80343 2.31809e-25 6.60569e-09 
1.61548 3.69761e-16 4.01891e-59 
1.80889 1.0841e-178 1.3392e-07 
1.52737 6.46622e-05 0.00146218 
1.64363 1.23244e-58 3.42115e-24 
1.27605 2.65416e-136 6.80186e-65 
1.46343 1.64809e-24 7.93062e-10 
1.69188 2.52661e-11 0.406925 
1.54659 2.04905e-68 3.45716e-27 
1.77581 8.48948e-12 3.24e-103 
1.54551 7.08036e-114 3.88385e-16 
1.38807 5.49875e-30 0.0935234 
1.57871 3.17187e-41 1.4021e-19 
1.4794 3.46958e-119 2.50855e-18 
1.58472 2.2974e-214 4.59114e-23 
1.57255 9.29518e-56 2.98997e-55 
1.23422 0.228406 2.4961e-121 
1.43603 6.19725e-31 1.02886e-105 
1.65967 3.56057e-37 1.74229e-88 
1.43449 4.88068e-70 0.0123423 
1.38146 1.5267e-16 1.13517e-76 
1.35715 1.10907e-104 1.13098e-127 
1.1734 1.28194e-44 4.65164e-07 
1.31776 4.91985e-08 2.55401e-42 
1.7129 8.55525e-50 3.47341e-40 
1.3102 1.78364e-65 2.55466e-34 
1.70891 8.30186e-40 5.72061e-26 
1.53077 2.66068e-32 9.13398e-34 
1.76451 6.98238e-74 4.80549e-64 
1.41737 3.80795e-31 1.7906e-08 
1.41937 1.73826e-63 2.5307e-12 
1.47063 5.51698e-21 1.11171e-49 
1.04758 0.000121366 6.35083e-83 
1.63778 4.39672e-48 1.28535e-16 
1.23533 4.63711e-46 7.99651e-06 
1.84622 3.70844e-06 4.83565e-13 
1.65409 2.49558e-28 5.92952e-11 
1.55511 1.28696e-15 0.00576745 
1.74552 3.00072e-27 0.000428948 
1.4102 0.0033427 2.15663e-151 
1.53264 1.60794e-73 2.05356e-05 
1.3426 0.0217642 9.96108e-21 
1.53933 6.94939e-06 4.49054e-53 
1.7277 7.20692e-13 6.88804e-15 
1.41552 8.68095e-94 3.6552e-70 
1.55498 5.11389e-134 7.05538e-67 
1.72637 1.30703e-37 4.82673e-28 
1.43502 9.78972e-18 7.38516e-57 
1.44612 8.16277e-08 6.61872e-97 
1.56239 3.93939e-60 7.02675e-25 
1.17971 5.54996e-90 0.702922 
1.50912 0.0137221 2.97817e-15 
1.70765 6.10518e-07 3.66131e-26 
1.51689 5.66217e-27 2.04609e-06 
1.38064 4.70435e-18 4.37955e-215 
1.51546 6.57117e-15 5.55594e-86 
1.51754 1.39306e-19 4.07453e-79 
1.3734 5.52539e-24 6.27024e-94 
1.5974 4.26979e-05 3.3159e-116 
1.31113 2.96298e-81 2.27886e-39 
1.48148 9.03494e-97 3.8046e-21 
1.11368 6.69745e-35 3.66373e-38 
1.47612 4.92161e-160 4.18748e-47 
1.70144 6.55011e-14 2.73495e-142 
1.47625 8.78948e-10 2.40119e-31 
1.37034 2.10256e-35 2.88164e-17 
1.62466 3.37996e-19 4.08252e-185 
1.30977 2.04936e-33 1.53377e-49 
1.26687 6.01143e-86 1.11711e-45 
1.51824 3.95567e-43 1.00128e-09 
1.45047 0.00148054 1.01416e-36 
1.53683 1.27959e-51 1.17545e-44 
1.69515 2.43846e-10 1.52172e-29 
1.50594 7.7965e-58 5.74618e-19 
1.20498 3.51799e-21 0.0222363 
1.77835 4.24207e-77 0.000163669 
1.18561 3.52044e-09 7.53405e-14 
0.575711 1.194356 0.000000 
0.000177 1.268468 0.000000 
0.007603 1.254088 0.000000 
0.000176 1.258774 0.000000 
0.000176 1.263142 0.000000 
1.003584 0.000000 0.000000 
1.012785 0.000000 0.000000 
1.014833 0.000000 0.000000 
1.010182 0.000000 0.000000 
1.012930 0.000000 0.000000 
1.020069 0.000000 0.000000 
1.039874 0.000000 0.000000 
1.011053 0.000000 0.000000 
