1.55211 1.20511e-134 3.41555e-29 
1.49591 6.21653e-225 8.8263e-08 
1.76251 1.71778e-39 1.14323e-35 
1.2094 8.89131e-69 0.00261245 
1.33227 1.65662e-38 8.13698e-159 
1.67924 2.19342e-15 9.79044e-68 
1.46493 2.04007e-18 9.30608e-23 
1.55485 1.40162e-77 0.00132755 
1.74449 2.53466e-28 8.33933e-79 
1.82 5.0223e-27 1.98611e-13 
1.17059 4.28502e-52 3.75286e-16 
1.55185 5.05704e-70 0.0890676 
1.90797 2.01055e-58 1.12042e-33 
1.42936 3.12904e-88 5.76569e-25 
1.31804 2.31646e-10 7.67522e-168 
1.47407 8.13438e-15 1.39442e-06 
1.44732 1.17536e-08 3.54801e-19 
1.65345 9.74844e-163 3.39263e-58 
1.65313 3.72133e-82 6.27985e-13 
1.43829 3.83389e-66 4.65919e-21 
1.60012 0.214625 2.9351e-26 
1.4887 5.69271e-83 3.59007e-123 
1.42127 2.19714e-112 8.14367e-110 
1.67562 1.79674e-13 1.39476e-81 
1.46406 1.3145e-26 7.59264e-70 
1.67019 1.58078e-34 2.82043e-92 
1.66702 1.35717e-33 1.69385e-14 
1.36255 3.34706e-37 1.79446e-65 
1.54701 5.82017e-108 5.93882e-38 
1.44263 4.09419e-08 1.43452e-22 
1.2293 1.12922e-55 2.93041e-53 
1.20095 2.09182e-05 2.67108e-60 
1.27852 2.72184e-60 8.63457e-14 
1.33311 2.14239e-12 9.91505e-10 
1.391 1.31697e-31 3.58638e-140 
1.40647 8.62751e-91 1.85921e-05 
1.47719 2.96285e-09 0.000425707 
1.52371 6.29307e-13 2.18076e-17 
1.53852 2.1826e-11 0.464989 
1.44987 4.1491e-06 4.00578e-132 
1.77287 6.82927e-119 1.06889e-08 
1.69929 0.0024446 3.15073e-37 
1.65688 9.59717e-07 4.46262e-88 
1.25408 1.3917e-19 3.57809e-56 
1.94748 0.0466069 2.44857e-18 
1.6434 5.65713e-168 6.54761e-43 
1.12314 8.04242e-77 1.1927e-16 
1.1952 3.08532e-57 1.5177e-47 
1.69969 1.06344e-17 5.59538e-100 
1.56023 5.69286e-05 1.81375e-21 
1.73143 1.7829e-21 9.55581e-64 
1.46839 4.59168e-51 2.08284e-39 
1.85157 1.43075e-32 1.40209e-57 
1.31288 4.17745e-21 4.89336e-32 
1.82682 4.77167e-17 6.96767e-05 
1.67272 2.87036e-42 6.43467e-112 
1.2761 6.66896e-54 1.3092e-49 
1.46084 2.78088e-43 7.75139e-29 
1.43346 5.96344e-128 3.86001e-27 
1.54967 9.13844e-25 3.97933e-06 
1.66322 7.0198e-16 1.14023e-11 
1.36575 9.92966e-72 5.52768e-41 
1.42521 6.35104e-14 2.52837e-08 
1.7579 8.87766e-45 0.0647947 
1.31623 0.00074679 4.98479e-33 
1.29148 2.04402e-47 1.3046e-75 
1.41905 9.70484e-36 5.34986e-42 
1.81045 1.78493e-29 1.28121e-49 
1.75342 1.28726e-22 7.61752e-98 
1.40053 7.04228e-23 2.92144e-20 
1.27472 5.02464e-07 3.85864e-07 
1.33249 1.84552e-25 4.56997e-24 
1.24992 8.15308e-24 7.61235e-73 
1.56857 5.77727e-49 3.0942e-11 
0.196436 1.08131e-11 1.66936 
1.27741 3.34922e-30 1.46876e-214 
1.34187 0.674595 1.26928e-10 
1.33132 7.8215e-41 1.97488e-86 
1.39374 0.00645496 0.0160655 
1.53885 5.2111e-64 1.13175e-45 
1.35138 1.48842 4.15814e-15 
1.47927 9.32226e-08 3.0293e-10 
1.19871 6.19338e-46 9.66552e-35 
1.12908 7.12699e-103 3.40682e-52 
1.5432 0.000172761 1.01009e-44 
1.20015 6.37655e-19 2.83872e-30 
1.52551 2.66712e-96 1.09433e-25 
1.335939 0.000000 0.000000 
1.551101 0.000000 0.000000 
0.130748 0.000000 1.728218 
1.129390 0.000000 0.000000 
1.553145 0.000000 0.000000 
0.001635 0.000000 1.741706 
0.003346 0.000000 1.795554 
0.004807 0.000000 1.819122 
0.205290 0.000000 1.761645 
0.001595 0.000000 1.799836 
1.002958 0.000000 0.000000 
1.000925 0.000000 0.000000 
1.016061 0.000000 0.000000 
