1.43193 7.35162e-40 1.5545e-33 
1.37125 2.86588e-26 0.00685363 
1.56404 5.27856e-164 8.20458e-96 
1.09531 2.85192e-31 5.14868e-49 
1.95956 7.58507e-174 2.35464e-78 
1.29711 9.6155e-17 0.199476 
1.45373 2.16672e-06 1.61858e-53 
1.70579 3.70232e-56 5.83758e-26 
1.78683 2.14453e-30 6.01308e-27 
1.74186 2.67327e-09 0.000121281 
1.31336 2.05077e-05 1.23319e-50 
1.50309 1.49556e-36 3.33908e-35 
1.6074 7.80443e-53 4.44207e-101 
1.58266 1.15119e-13 1.24673e-21 
1.43916 5.7394e-33 6.49075e-14 
1.54538 3.39844e-20 4.42887e-25 
1.57862 9.84255e-58 4.8881e-16 
1.54819 3.44266e-40 0.00365858 
1.8155 6.58163e-69 6.91111e-41 
1.48036 3.1413e-90 1.85404e-13 
1.54302 6.20571e-43 1.25527e-34 
1.33019 1.4823e-28 1.4672e-64 
1.29479 1.40808e-17 4.11539e-118 
1.83228 1.99614e-14 5.87024e-113 
1.36645 1.0538e-104 2.56972e-93 
1.45487 4.43267e-103 8.21517e-109 
1.57665 1.13964e-15 0.000235543 
1.46297 9.09536e-13 0.0402302 
1.52098 2.17406e-20 1.90126e-58 
1.61513 2.1969e-119 4.81747e-68 
1.5435 2.45867e-63 1.82661e-09 
1.48931 0.000134704 7.30654e-47 
1.22609 3.58141e-16 1.2951e-20 
1.15798 9.2335e-24 3.33315e-58 
1.37462 0.00295327 1.02737e-23 
1.36265 5.21277e-09 7.22016e-69 
1.21379 8.52151e-19 0.00127123 
1.4392 2.18053e-45 8.1045e-81 
1.76892 4.81455e-50 6.72313e-20 
1.358 4.74909e-74 1.50736e-08 
1.35282 0.0288006 4.5729e-64 
1.35784 1.97239e-125 2.72351e-55 
1.74275 2.39126e-08 1.36369e-14 
1.47402 1.35223e-71 9.22669e-84 
1.40448 5.77458e-08 1.0643e-45 
1.69604 9.99742e-53 1.12138e-75 
1.16265 1.81104e-11 4.88632e-17 
1.6622 0.319716 3.9114e-29 
2.03514 2.28189e-38 1.16238e-22 
1.27013 4.10239e-22 0.240818 
1.28457 7.58799e-89 2.60135e-60 
1.25488 3.89877e-44 3.89914e-11 
1.59231 7.26391e-07 4.8863e-42 
0.580461 1.48332 1.55129e-15 
1.32815 7.75081e-215 8.90942e-19 
1.68551 1.3334e-29 1.48826e-88 
1.46395 9.12581e-61 4.63552e-09 
1.69844 4.03833e-48 6.6811e-12 
1.75417 1.23395e-25 3.94122e-05 
1.26718 7.94444e-36 9.35483e-43 
1.22401 2.39196e-13 2.62467e-06 
1.35417 0.000981437 3.30825e-269 
1.88453 2.93874e-58 4.05911e-28 
1.55296 2.84694e-10 6.94923e-164 
1.44019 2.95254e-65 1.14156e-17 
1.24358 1.23335e-84 1.45059e-27 
1.46155 2.2503e-23 3.64155e-38 
1.57704 8.22757e-22 2.63633e-07 
1.56115 6.75542e-12 1.11931e-167 
0.174691 5.96708e-12 1.5674 
1.33408 1.32605e-81 4.46951e-22 
1.73386 4.73376e-47 5.81567e-18 
1.50352 0.165436 1.28747e-07 
1.35408 0.00697626 2.06356e-129 
1.6973 5.01913e-67 3.55973e-137 
1.73828 7.26143e-95 1.65139e-30 
1.48834 2.63281e-42 2.34744e-10 
1.2929 4.49307e-19 4.60737e-31 
1.46019 7.60473e-06 1.17705e-10 
1.48457 2.61184e-143 2.11365e-12 
1.88568 1.0086e-33 7.74212e-45 
1.25888 3.81535e-110 1.30772e-06 
1.64456 2.58976e-79 3.24925e-72 
1.62546 1.2334e-34 5.8215e-33 
1.41437 5.41716e-25 6.75656e-40 
1.36629 0.000152991 1.45386e-36 
1.48381 4.19788e-27 2.6019e-52 
1.545613 0.000000 0.000000 
1.377863 0.000000 0.000000 
1.418496 0.000000 0.000000 
1.412375 0.000000 0.000000 
1.203855 0.000000 0.000000 
0.000854 0.000000 1.496260 
0.002550 0.000000 1.443895 
0.000964 0.000000 1.435816 
0.002649 0.000000 1.433081 
0.007406 0.000000 1.477000 
1.006347 0.000000 0.000000 
1.008311 0.000000 0.000000 
1.014379 0.000000 0.000000 
