1.54244 2.86583e-75 6.22968e-39 
1.3149 2.75234e-20 5.15361e-05 
1.23003 0.0997224 7.0912e-35 
1.69257 1.58077e-44 4.23686e-171 
1.42954 6.78456e-57 1.54157e-05 
1.7166 3.70749e-21 4.52669e-06 
1.48981 9.99417e-101 4.75979e-36 
1.3895 3.78634e-132 0.000733056 
1.36333 2.3341e-38 9.60588e-93 
1.41708 1.07551e-84 1.07079e-53 
1.39476 2.33209e-65 2.37824e-06 
1.43332 2.54108e-32 0.00036022 
1.70259 4.45853e-72 1.77069e-94 
1.0486 6.44087e-16 7.15126e-46 
1.84544 2.48505e-09 4.51299e-108 
1.53762 3.49023e-25 2.53081e-10 
1.3549 2.78014e-104 4.86488e-47 
1.48802 4.22675e-29 3.13116e-08 
1.52269 0.000204497 1.4664e-52 
1.59869 6.65293e-12 1.54131e-55 
1.72051 0.0801225 5.54656e-44 
1.31729 1.74404e-61 1.27384e-127 
1.23213 2.13857e-14 1.64077e-16 
1.36448 0.266461 1.42831e-13 
1.50608 2.86943e-34 8.74363e-154 
1.62315 1.53009e-06 1.39468e-258 
1.77473 3.63565e-30 1.59933e-121 
1.2363 3.99436e-24 5.04027e-14 
1.72019 0.00747939 2.62834e-19 
1.33066 3.35975e-18 6.58428e-24 
1.38992 1.7538e-13 1.98275e-37 
1.25305 1.14722e-88 4.70531e-51 
1.64721 1.04858e-12 1.84587e-07 
1.45205 2.85412e-47 3.59804e-101 
1.51471 2.37442e-05 1.33098e-62 
1.53762 8.19704e-52 3.74635e-23 
1.74934 3.12933e-25 7.94411e-135 
1.42406 7.39674e-16 1.3413e-30 
1.5713 4.3822e-11 7.88514e-58 
1.42361 1.47193e-28 8.19165e-18 
1.81118 8.48804e-10 5.37314e-15 
1.34842 1.19194e-223 1.25044e-66 
1.56562 3.17254e-08 0.00548373 
1.4478 2.79436e-54 7.65288e-49 
1.13978 4.48338e-22 1.36351e-33 
1.53193 7.57532e-11 1.58577e-42 
1.28771 4.83215e-21 1.33267e-29 
1.39733 2.50113e-48 5.50299e-29 
1.41162 3.88453e-55 3.10568e-65 
1.6155 6.57982e-93 8.9339e-11 
1.22513 2.56551e-23 3.59584e-80 
1.6926 8.38e-46 5.17543e-59 
1.32959 1.4628e-69 8.56415e-22 
1.27501 0.000456526 2.41725e-110 
1.55441 1.30894e-26 7.90764e-27 
1.361 1.09767e-35 1.3013e-72 
1.26907 0.805178 2.50455e-42 
1.29549 2.98478e-06 0.16141 
1.30613 1.67094e-151 2.67464e-12 
1.68567 5.69568e-28 1.21954e-27 
1.47688 2.66954e-37 1.15973e-86 
1.60491 3.36621e-58 6.68825e-15 
1.47581 2.45458e-41 3.87433e-60 
1.28828 2.6448e-31 1.34749e-74 
1.522 3.3618e-17 1.26719e-40 
1.62975 3.70882e-82 2.81168e-11 
1.35237 5.16008e-07 1.00982e-20 
2.04194 5.13214e-19 8.66269e-20 
1.67921 8.00354e-08 2.1704e-32 
1.62818 6.82385e-15 4.51144e-25 
1.57589 3.94366e-64 2.03399e-09 
1.17465 7.39681e-67 0.349266 
1.31556 1.12503e-08 3.31989e-86 
1.3881 1.79891e-119 4.81849e-71 
1.54653 1.18543e-42 1.03706e-12 
1.61773 0.000149863 6.62902e-22 
1.40034 9.6065e-50 6.93833e-07 
1.45219 2.94839e-17 1.18394e-08 
1.4796 2.46423e-40 1.07572e-25 
1.81668 5.78425e-33 1.13271e-16 
1.72842 1.99803e-139 1.22735e-77 
1.0242 5.33893e-98 1.6781 
1.44685 6.83772e-114 1.95355e-38 
1.62305 0.00564475 7.83524e-32 
1.43752 4.78053e-174 2.40859e-18 
1.69499 1.12979e-39 0.0266806 
1.90827 3.33597e-77 0.0114203 
1.340289 0.000000 0.000000 
1.229727 0.000000 0.000000 
1.400223 0.000000 0.000000 
1.465956 0.000000 0.000000 
1.335610 0.000000 0.000000 
1.308645 0.000000 0.000000 
1.431894 0.000000 0.000000 
1.350358 0.000000 0.000000 
1.407428 0.000000 0.000000 
1.279813 0.000000 0.000001 
1.145362 0.000000 0.000000 
1.336131 0.000000 0.000000 
1.543781 0.000000 0.000000 
