1.29273 1.42564e-33 2.55909e-26 
1.20844 2.55819e-16 2.76676e-36 
1.53301 9.33503e-08 5.03995e-20 
1.55647 3.54887e-87 2.66407e-37 
1.47307 2.12117e-63 8.98053e-08 
1.55237 2.32436e-94 2.39696e-05 
1.40148 5.09081e-07 4.58247e-21 
1.36715 4.36616e-42 9.43752e-63 
1.30061 1.75602e-12 6.25534e-259 
1.62222 9.11738e-23 2.59352e-12 
1.27112 1.46478e-08 1.96588e-18 
1.59631 1.31145e-40 0.00040565 
1.52596 3.88861e-73 1.43588e-61 
1.32418 1.61151e-31 0.000564635 
1.48916 5.65825e-122 7.59035e-51 
1.46051 3.74885e-29 1.78494e-14 
1.64066 1.50422e-26 5.26768e-13 
1.44372 4.44897e-12 3.85285e-31 
1.60391 8.54034e-51 1.03427e-24 
1.45697 0.114752 4.3606e-09 
1.58674 9.86703e-55 2.13977e-17 
1.36055 8.23378e-07 1.20616e-100 
1.57005 9.01089e-150 6.88894e-11 
1.3598 1.09429 6.98446e-76 
1.81293 6.07526e-107 4.15791e-28 
1.77813 1.4514e-36 1.19848e-39 
1.23895 3.63028e-46 2.88316e-87 
1.50941 1.56346e-70 0.48268 
1.37975 4.66176e-38 1.40227e-57 
1.60065 3.88488e-19 1.55889e-08 
1.20366 5.42694e-189 5.75689e-23 
1.11255 2.44114e-44 4.76866e-24 
1.2855 5.04011e-49 7.1608e-65 
1.19623 4.55546e-86 4.15515e-28 
1.09677 7.72011e-15 0.674422 
1.36254 1.82279e-101 1.75814e-141 
1.88386 2.96109e-39 7.52422e-07 
1.2109 1.09445e-10 1.22653e-16 
1.08735 2.44918e-53 1.49098e-96 
1.36454 0.0181772 3.0302e-19 
1.6644 2.80635e-215 1.10494e-48 
1.28758 2.77422e-58 1.23931e-107 
1.47352 2.1003e-13 4.72983e-67 
1.36188 0.415841 3.48942e-06 
1.41559 3.25886e-20 4.81041e-180 
1.4873 0.00183321 6.49441e-30 
1.60459 6.52792e-28 3.5915e-14 
1.72577 3.89222e-06 1.87522e-45 
1.64104 1.01471e-24 2.25171e-41 
1.74173 1.4095e-80 1.29647e-59 
1.55115 2.81843e-60 1.68968e-132 
1.63334 3.2851e-05 1.41082e-43 
1.69324 3.39812e-10 0.177851 
1.55352 2.37631e-65 3.42319e-30 
1.49282 1.10866e-17 6.594e-40 
1.85468 2.64286e-18 0.0500546 
1.51327 0.000226192 3.40891e-121 
1.75514 1.26699e-15 2.23692e-06 
1.48598 6.72134e-48 2.14231e-21 
1.7668 3.07954e-135 9.01202e-112 
1.72233 1.34971e-08 6.45294e-52 
1.59303 5.2501e-24 5.36658e-35 
1.54389 3.03779e-14 7.08854e-26 
1.70458 2.84124e-34 1.1166e-46 
1.26982 0.000105141 1.97947e-163 
1.86657 1.13295e-21 1.7553e-09 
1.3521 0.022943 4.67372e-05 
1.31639 2.07815e-22 2.61993e-22 
1.64705 4.00959e-91 4.1994e-32 
1.38709 3.15096e-09 3.59786e-56 
1.50316 1.58749e-11 0.00217454 
1.48605 1.90429e-51 6.3179e-81 
1.40309 1.03025e-56 3.99302e-34 
1.68937 6.59468e-36 2.4492e-54 
1.29746 8.04175e-29 1.75165e-15 
1.45203 0.00185438 2.34899e-11 
1.38944 8.46482e-112 1.96154e-90 
1.40755 4.90575e-130 2.23798e-69 
1.53123 1.79011e-20 8.83188e-45 
1.6638 1.24685e-66 1.08438e-71 
1.14396 3.13548e-17 1.79074e-78 
1.21326 5.70665e-77 0.00787674 
1.86741 3.99e-32 6.06486e-10 
1.51914 4.32945e-43 1.90695e-38 
1.60793 1.77694e-76 2.32493e-12 
1.64261 2.08115e-25 5.09632e-84 
1.61724 2.05721e-30 2.1549e-16 
1.232852 0.000000 0.000000 
1.304018 0.000000 0.000000 
1.365188 0.000000 0.000000 
1.304632 0.000000 0.061389 
1.108795 0.000000 0.000000 
1.558607 0.000000 0.000000 
1.461872 0.000000 0.000000 
1.286559 0.000000 0.000000 
1.484597 0.000000 0.000000 
1.214548 0.000000 0.000000 
1.131536 0.000000 0.000000 
1.343044 0.000000 0.000000 
1.193856 0.000000 0.000000 
