1.27124 4.25799e-19 9.23309e-29 
1.4127 2.68438e-34 0.788971 
1.58969 3.83393e-22 1.19425e-54 
1.76642 0.0235738 7.529e-54 
1.52507 1.05552e-39 4.37722e-05 
1.53473 5.48574e-56 0.0130432 
1.39347 4.57938e-58 5.17938e-133 
1.49923 3.19239e-11 2.13358e-27 
1.73809 3.23627e-48 4.36963e-274 
1.26891 7.68216e-81 3.66941e-139 
1.3373 1.82501e-114 7.38366e-122 
1.52923 1.75724e-30 6.83175e-16 
2.07393 2.29962e-62 0.00688475 
1.49346 5.45708e-26 8.37018e-176 
1.69137 5.14211e-17 2.11864e-47 
1.53875 8.02233e-98 5.58817e-99 
1.77005 1.91973e-28 3.54644e-83 
1.96281 1.31009e-46 6.26386e-46 
1.32966 1.36145e-72 0.507294 
1.38107 9.57698e-53 8.2519e-67 
1.64055 6.56213e-10 2.03952e-15 
1.36997 1.25632e-42 1.69104e-60 
1.38526 1.47325e-05 0.0732928 
1.4992 5.13442e-07 2.02899e-11 
1.30758 8.88307e-16 1.93612e-06 
1.47963 2.04138e-53 6.07202e-66 
1.39231 0.828374 1.34569e-05 
1.46934 1.75665e-164 2.50799e-33 
1.55939 1.91911e-07 2.72835e-10 
1.37829 7.85475e-10 1.37841e-23 
1.63122 9.9467e-92 2.42606e-23 
1.48255 5.16591e-14 0.0423493 
1.41444 1.40183e-38 4.94139e-31 
1.16197 6.97111e-18 1.06659e-74 
1.5629 1.48249e-20 3.11986e-52 
1.47023 2.38389e-29 6.14468e-43 
1.38381 7.33808e-61 4.66837e-79 
1.15749 2.48672e-21 1.28724e-21 
1.51484 7.95386e-41 8.06233e-26 
1.22509 2.61515e-78 3.25269e-69 
1.23731 1.12415e-35 1.69648e-105 
1.23338 6.38752e-24 1.6498e-36 
1.99397 2.47788e-37 9.04931e-49 
1.20663 4.18239e-135 7.58445e-21 
1.31026 1.98477e-08 7.65075e-95 
1.57372 2.99199e-58 1.10588e-40 
1.36441 1.08964e-18 1.43433e-34 
1.55045 1.12324e-32 4.23949e-22 
1.36867 2.0506e-50 2.16181e-44 
1.63872 3.1626e-67 8.83937e-27 
1.53388 2.19656e-31 9.45285e-58 
1.64175 4.98061e-33 6.94359e-07 
1.64892 8.22573e-200 1.14328e-05 
1.40254 2.32531e-74 1.79824e-59 
1.27535 0.00150069 1.02973e-08 
1.88347 1.34964e-44 2.2494e-62 
1.42125 0.340274 9.07655e-15 
1.46866 8.41003e-16 8.25072e-12 
1.35121 1.97679e-65 1.5757e-29 
1.66088 2.18318e-27 4.15851e-18 
1.39148 8.01728e-25 8.95984e-40 
1.20753 3.22728e-06 1.27478e-09 
1.40273 1.64621e-109 3.21261e-19 
1.83123 1.68163e-19 2.96086e-38 
1.49336 2.47731e-06 2.36598e-17 
1.38482 7.49951e-05 7.39866e-90 
1.43075 6.22508e-09 9.12176e-17 
1.32649 4.73164e-85 1.25971e-07 
1.55131 6.49871e-12 8.12386e-20 
1.49525 1.47481e-13 5.55977e-82 
1.30495 6.01638e-127 0.000380691 
1.38662 1.72991e-103 1.39562e-112 
1.30845 0.0977026 7.38315e-31 
1.65985 7.32957e-11 1.3588e-12 
1.56484 0.0639159 1.74072e-72 
1.60765 5.35989e-15 4.35108e-13 
1.41017 1.4021e-12 2.01884e-50 
1.688 5.32158e-89 0.00103217 
1.35988 1.66021e-23 4.86473e-11 
1.78091 7.46807e-71 2.3191e-08 
1.34648 0.00219798 4.63004e-14 
1.6859 9.66258e-159 4.21279e-93 
1.88556 4.55453e-42 7.6911e-33 
1.61416 0.00019701 7.25397e-25 
1.31055 7.83085e-27 5.26339e-161 
1.41638 3.31342e-121 2.69285e-36 
1.77283 6.61706e-46 1.08312e-41 
1.002425 0.000000 0.000000 
1.014971 0.000000 0.000000 
1.025940 0.000000 0.000000 
1.000915 0.000000 0.000000 
1.004025 0.000000 0.000000 
1.002840 0.000000 0.000000 
1.006118 0.000000 0.000000 
1.007916 0.000000 0.000000 
1.005459 0.000000 0.000000 
1.006889 0.000000 0.000000 
1.010148 0.000000 0.000000 
1.013049 0.000000 0.000000 
1.016537 0.000000 0.000000 
