1.27491 3.84301e-115 7.70419e-26 
1.516 7.20174e-98 7.46978e-23 
1.62349 0.00120221 5.3522e-100 
1.42753 9.95279e-06 1.88312e-86 
1.76637 1.06495e-109 0.000623011 
1.58496 0.585869 8.64844e-137 
1.49325 0.00597485 1.9325e-27 
1.61064 6.57694e-229 3.8431e-74 
1.45218 2.21556e-70 5.98519e-92 
1.51619 5.45344e-78 1.59539e-07 
1.40939 1.06385e-10 9.64583e-49 
1.53735 2.59745e-07 2.86328e-17 
1.36091 7.06644e-09 1.23279e-11 
0.4703 6.66872e-188 1.46169 
1.41148 1.09731e-64 4.93788e-22 
1.62835 1.63393e-23 5.87585e-77 
1.57059 0.0259314 4.76776e-86 
1.61724 1.22512e-24 1.77147e-36 
1.61419 1.52668e-49 1.26869e-63 
1.23422 1.77936e-11 5.27979e-13 
0.450851 1.52315 6.80263e-118 
1.44175 7.16612e-50 3.34732e-21 
1.38519 8.72704e-19 9.03951e-55 
1.46434 4.65156e-05 1.60474e-26 
1.46218 4.5827e-53 0.00437349 
1.64618 1.60548e-55 7.28904e-47 
1.5648 1.64423e-34 1.3597e-80 
1.47307 7.31918e-16 7.02571e-60 
1.58618 5.49876e-62 6.64959e-168 
1.57334 2.43465e-102 4.47935e-15 
1.61634 0.120474 1.54766e-31 
1.53934 2.49477e-127 8.16384e-96 
1.77991 2.98726e-71 4.43002e-36 
1.65864 1.31871e-21 2.3191e-05 
1.49646 2.12074e-59 6.03432e-21 
1.48906 0.00016707 1.60544e-38 
1.30624 9.55349e-36 1.50544e-66 
1.39625 1.36434e-07 0.0147152 
1.42016 4.92647e-39 3.18512e-09 
1.41112 1.34654e-25 3.07541e-07 
1.56628 2.16883e-24 1.02482e-10 
1.40916 2.52492e-08 1.32244e-159 
1.32333 4.59963e-22 2.67593e-133 
1.19921 2.17526e-09 8.29827e-53 
1.3444 1.89387e-18 8.0318e-62 
1.18146 7.9706e-28 5.3899e-19 
1.55824 9.49245e-31 1.84204e-24 
1.59382 9.37439e-138 3.4123e-69 
1.44731 1.06518e-13 4.92574e-06 
1.56736 3.94929e-40 6.09776e-17 
1.69982 6.82818e-46 1.03339e-43 
1.29217 3.64494e-43 0.121625 
1.60531 2.41639e-26 1.51527e-65 
1.21064 3.82715e-33 4.98739e-45 
1.5314 1.17384e-15 4.70717e-28 
1.17082 6.17609e-13 3.75452e-24 
1.49143 3.75817e-160 2.42551e-30 
1.41306 1.44292e-62 1.72869e-18 
1.73291 1.95922e-20 3.24511e-08 
1.60828 2.36926e-93 7.04321e-14 
1.63949 7.30111e-37 5.66634e-112 
1.28221 2.35579e-06 6.23945e-35 
1.30135 1.25057e-67 6.61117e-10 
1.57227 1.17063e-46 1.05945e-08 
1.58999 1.74089e-31 4.00844e-32 
1.34873 1.62643e-38 1.33241e-06 
1.74293 2.59759e-86 2.33118e-46 
1.19496 1.23838e-05 1.1344e-29 
1.77455 2.343e-56 6.22783e-57 
1.42241 9.32142e-29 1.43974e-205 
1.80434 3.89327e-32 0.0012509 
1.35712 5.13542e-12 4.38525e-13 
1.40972 1.33481e-76 6.37111e-20 
1.39453 7.63394e-80 7.69753e-40 
1.19633 8.97545e-53 3.06098e-104 
1.39426 8.08975e-14 4.80104e-05 
1.84295 1.34237e-88 1.63122e-53 
1.30236 3.39722e-20 0.577577 
1.78334 1.43942e-16 4.22443e-40 
1.27455 8.30797e-124 9.91626e-15 
1.68801 1.15796e-41 1.4384e-41 
1.61527 3.4302e-17 3.01621e-73 
1.70131 2.56311e-44 8.38837e-34 
1.40007 6.23857e-15 0.0243829 
1.54284 2.16421e-10 7.42374e-12 
1.62215 2.41677e-29 9.42412e-16 
1.65275 0.007284 8.99271e-50 
1.486015 0.000000 0.000000 
1.378270 0.000000 0.000000 
1.629651 0.000000 0.000000 
1.535810 0.000000 0.000000 
1.574804 0.000000 0.000000 
1.291315 0.000000 0.000000 
1.568780 0.000000 0.000000 
1.105303 0.000000 0.000000 
1.562539 0.000000 0.000000 
1.482475 0.000000 0.000000 
1.471340 0.000000 0.000000 
1.727366 0.000000 0.000000 
1.244964 0.000000 0.000000 
