0.411245707 0.178126781 16.5838077 
0.899437517 0.632771496 17.9077246 
0.452514635 0.970773921 19.2868384 
0.0195895195 0.361195254 21.5477296 
0.887904973 0.272146068 16.8132346 
0.875487443 0.618561537 17.5790011 
0.439626005 0.0991527955 15.5343536 
0.923127302 0.0481274017 14.4277969 
0.119266411 0.41722851 20.0618989 
0.292969163 0.143496397 19.2465831 
0.871678552 0.224011987 18.0421907 
0.91630709 0.479209646 19.1258572 
0.11434288 0.191522422 21.4697054 
0.351865366 0.701329548 18.5139718 
0.0835453794 0.811579657 17.0510796 
0.794699459 0.564415405 20.541343 
0.341657106 0.0914450905 20.0727295 
0.834199156 0.515908596 12.7841182 
0.300521278 0.910583044 15.7170104 
0.280465897 0.76600444 19.299916 
0.365693931 0.965420747 17.8040198 
0.0534432843 0.245051609 17.7925119 
0.690689264 0.725159375 20.4345257 
0.738169432 0.979244478 17.5480498 
0.0292198007 0.457971321 20.738957 
0.00261444769 0.866527543 21.193837 
0.061317841 0.502519944 16.2837607 
0.731378322 0.579604867 17.500502 
0.645475591 0.942804584 16.4984863 
0.582080719 0.66383662 18.1247546 
0.426168722 0.739688227 12.1713834 
0.311734595 0.131115971 15.6719689 
0.848268444 0.751756733 17.296622 
0.0981701931 0.339604714 24.3846732 
0.238493879 0.891232669 14.4915465 
0.591434148 0.305708056 15.3927345 
0.0451450899 0.563072848 22.3217923 
0.498630422 0.700154561 18.4521931 
0.266099654 0.780716107 18.6662007 
0.669327382 0.522617255 14.2861939 
0.712461623 0.803058655 21.9130353 
0.217626215 0.00585467929 24.2545281 
0.940768324 0.833884708 11.0253992 
0.327544245 0.288997808 20.4909354 
0.466462963 0.608116286 20.9167702 
0.378607153 0.785200232 17.8345762 
0.510725837 0.621988019 21.2144573 
0.51759704 0.331563839 19.0212436 
0.224627641 0.283422952 20.1832215 
0.786078915 0.118614527 17.0235272 
0.159483217 0.590539184 20.5443882 
0.25875737 0.350740327 16.14203 
0.61112276 0.203448021 18.0883121 
0.0795823691 0.919556268 21.591398 
0.543379973 0.546125366 24.0919965 
0.18960247 0.443715855 17.6737298 
0.380414147 0.989833534 18.7595754 
0.974925523 0.874306219 19.9722328 
0.760591702 0.0308395865 19.3222536 
0.532884454 0.528842732 16.0087478 
0.137084669 0.427178815 19.4331442 
0.714887028 0.263788407 16.2793273 
0.252482031 0.389267626 15.3948166 
0.181231608 0.491091723 20.3660279 
0.395587948 0.678391452 19.8507808 
0.776975352 0.151918248 15.099268 
0.626282508 0.85872558 14.6002369 
0.637257415 0.648696194 22.0613304 
0.477697681 0.84104757 19.8243035 
0.565542079 0.714927614 14.9914369 
0.811235663 0.23015613 10.6685924 
0.983213744 0.216785464 16.5255133 
0.138694401 0.826721692 17.1333905 
0.196536717 0.0644413562 18.6470429 
0.752147949 0.377471355 19.784155 
0.608365008 0.907207573 19.1722677 
0.860971965 0.320923938 22.9851426 
0.826326883 0.677820083 16.5578731 
0.558025869 0.398340223 22.2391048 
0.685468011 0.4710516 14.978811 
0.168481414 0.0406133044 21.1493359 
0.995718931 0.105976483 21.4868371 
0.416239042 0.0732459601 19.186131 
0.484034125 0.940701658 11.0423759 
0.661119978 0.0183340079 22.9293854 
0.955011764 0.403903017 17.7003641 
0.945821365 0.170006149 16.0054979 
0.797674 0.460419 11.061 
0.789386 0.262011 10.5743 
0.811385 0.562637 10.1353 
0.733544 0.769968 9.97494 
0.829912 0.741343 9.47339 
0.811323 0.391305 9.89815 
0.817692 0.354085 10.4926 
0.81584 0.248175 9.40446 
0.82483 0.33378 10.0157 
0.815002 0.227739 9.15942 
0.672019 0.0139143 15.0947 
0.787255 0.147859 13.5959 
0.76397 0.0510836 10.9522 
0.41742718 0.771806458 20.2546298 
0.0568879337 0.0562454904 18.091984 
0.400781651 0.535666659 21.0935332 
0.068902267 0.510759232 19.4255237 
0.543801558 0.620827386 15.9056907 
0.816142727 0.235772327 13.5188783 
0.461413466 0.928315556 17.5813234 
0.0889484501 0.229345924 21.4281872 
0.28233823 0.49963322 12.6324059 
0.913509638 0.0208181723 18.378269 
0.219260853 0.190094804 18.4856796 
0.684655108 0.855093301 16.6717789 
0.637966888 0.486349143 18.3693801 
0.743735619 0.913125718 18.7428676 
0.67178413 0.802633098 18.0357299 
0.143377506 0.876879159 14.5640284 
0.813056739 0.578284126 16.6202855 
0.457586527 0.146787322 21.4058084 
0.123344981 0.340623688 15.3768892 
0.40786345 0.603277515 19.6600437 
0.771401703 0.121283852 18.7814233 
0.164151817 0.254390753 26.5849931 
0.427231486 0.725188008 19.3625911 
0.747765977 0.155491905 15.0480123 
0.443587848 0.300556219 19.0596826 
0.501690455 0.418505786 17.7040767 
0.604227581 0.00455829629 22.3963148 
0.150784043 0.791152507 16.5349044 
0.694486925 0.0250755724 23.2918907 
0.320215156 0.870282853 17.8307101 
0.829363115 0.215646881 21.9504293 
0.927580732 0.885556994 16.3466307 
0.387760816 0.351593855 16.3625348 
0.595923106 0.132404687 18.1554008 
0.0966109066 0.650503418 24.5145785 
0.526975558 0.411344237 15.4587834 
0.890202704 0.662761222 19.7425783 
0.732598726 0.448450378 19.630688 
0.288291117 0.960892682 14.6427388 
0.00208520131 0.169054167 19.2392079 
0.23494737 0.55491339 19.5216694 
0.873648171 0.0755516887 20.1711533 
0.960551865 0.178575791 20.9580305 
0.802492682 0.331831944 17.6214002 
0.478631142 0.764922346 10.5781692 
0.326902432 0.678911728 17.0137069 
0.618051429 0.357097853 25.8629246 
0.989758803 0.27093123 20.3738151 
0.663887773 0.670447276 12.1451951 
0.350395866 0.991747096 15.6072565 
0.0388298143 0.526886069 14.3964709 
0.982028204 0.482480383 24.6563953 
0.370979677 0.823841022 17.1969359 
0.644796048 0.981891589 12.4277974 
0.273808734 0.589453935 19.8183247 
0.864657302 0.542196523 20.0191078 
0.033481414 0.378182614 16.2413105 
0.788958768 0.614757989 21.2700615 
0.0739348795 0.250303704 18.656282 
0.0173410042 0.101714583 18.1884595 
0.973435685 0.639442684 15.7018941 
0.357113926 0.203789722 18.0447793 
0.627454369 0.394977123 20.7840928 
0.536716982 0.810613577 19.8784969 
0.566898198 0.899217595 13.9293658 
0.760616957 0.840879007 19.3511696 
0.308328699 0.710749282 14.0031152 
0.243318306 0.69007779 23.0036794 
0.846185274 0.721154073 21.0449059 
0.703770178 0.0854387609 13.8267287 
0.201862185 0.463561359 17.5160988 
0.342311186 0.441409509 28.0706682 
0.484617965 0.747990998 16.4176282 
0.852661253 0.969092396 13.8336216 
0.899040693 0.741342931 10.5140817 
0.713786805 0.428943106 14.50264 
0.182276237 0.564410684 14.7353671 
0.213085504 0.298151536 24.1962893 
0.585318416 0.0419450786 24.4229639 
0.185525473 0.832606308 21.0412889 
0.127784974 0.11023111 13.1792147 
0.948056093 0.931963898 13.5138776 
0.26390348 0.383014873 21.1690465 
0.562627462 0.0595183873 15.9157969 
0.937499169 0.310764493 20.9486943 
0.513745618 0.951493288 21.683163 
0.112301047 0.283248576 17.5668084 
0.580716 0.743778 11.0323 
0.828191 0.765215 9.32974 
0.788649 0.77711 8.65701 
0.781285 0.809359 8.89452 
0.722665 0.764967 8.94281 
0.478639 0.64657 11.9432 
0.670966 0.572082 10.4359 
0.703796 0.505605 10.5246 
0.684774 0.574114 11.2055 
0.670987 0.488214 10.6386 
0.600753 0.109364 16.6879 
0.392876 0.120382 16.4999 
0.74108 0.134627 16.3476 
0.435102906 0.388474641 21.7870444 
0.202844097 0.468225232 17.3535723 
0.842902498 0.618818684 17.0331991 
0.774780493 0.00192894492 21.3189498 
0.18721173 0.670782204 17.7974571 
0.14012694 0.870069025 18.1965784 
0.463419434 0.0606662059 16.6253571 
0.261156528 0.433701272 23.2480742 
0.630307168 0.804661899 19.2396317 
0.369435098 0.32815373 19.7157069 
0.328358129 0.216446668 23.3687647 
0.871334445 0.760781695 17.6038931 
0.834750346 0.519986554 18.6360819 
0.237150458 0.53648875 22.1169843 
0.0207783787 0.851405235 19.5378943 
0.0461172737 0.0966533027 22.7664877 
0.522092277 0.0294943718 20.6374321 
0.335226954 0.711639521 16.9188858 
0.132286134 0.96573818 12.5866562 
0.168202923 0.827593493 12.5225528 
0.38775739 0.34798023 18.4020684 
0.0688516823 0.548118658 18.9258737 
0.96643639 0.98504932 17.982045 
0.412498516 0.0401476141 19.1020341 
0.506100344 0.477698862 17.171484 
0.22819364 0.799336657 11.0900313 
0.711580781 0.822640514 20.0783672 
0.670672784 0.776891166 22.1860714 
0.700617418 0.362666956 19.3798663 
0.950945943 0.720032479 21.1939565 
0.882519294 0.643945893 14.5732773 
0.807250874 0.492029552 18.2585682 
0.529823954 0.9426358 16.2571173 
0.686512006 0.253647749 18.7829999 
0.273819065 0.627802924 22.5005479 
0.213030921 0.730514796 13.0567674 
0.319544619 0.0133114135 17.3238598 
0.926271577 0.634011363 17.6303457 
0.755927721 0.311911793 17.8725986 
0.178081323 0.114826232 24.6616039 
0.657286699 0.963073137 11.1076461 
0.399381986 0.933036787 19.4711425 
0.726138622 0.174473235 23.6393849 
0.633602389 0.125216374 18.8585198 
0.554527887 0.274568483 16.2931609 
0.349145999 0.417322135 15.5072831 
0.746055917 0.29642161 16.8471039 
0.594804721 0.0483378793 15.0881323 
0.105603389 0.225787322 24.4951766 
0.719408873 0.127761163 14.5009012 
0.986923997 0.149570789 18.1174281 
0.251410384 0.790174339 17.3391428 
0.5044675 0.915832479 13.4734831 
0.853762159 0.848496916 17.0631841 
0.991375342 0.589640969 23.8922214 
0.285989376 0.239143455 19.0098795 
0.442178882 0.688536111 23.6051853 
0.789896374 0.445808882 14.0033919 
0.0334090795 0.896565848 15.1110177 
0.0446594411 0.341066281 19.4669197 
0.885642477 0.398529168 22.7951705 
0.965289338 0.754232417 14.9010333 
0.602833345 0.896194992 14.9984148 
0.453947147 0.600563754 21.2254685 
0.0832415477 0.286153267 21.4878542 
0.489436837 0.409602294 18.9783923 
0.932694445 0.301320824 17.2648933 
0.15225674 0.577676361 18.9579363 
0.101817608 0.193054283 20.1796001 
0.479155603 0.195780632 18.2127483 
0.911771467 0.874310123 14.3914753 
0.30302234 0.990910355 15.41046 
0.544939661 0.369038488 16.7754425 
0.00342583419 0.076119037 21.3435138 
0.581912506 0.658369324 15.0722778 
0.363731997 0.552071606 16.976937 
0.124226422 0.457995573 21.3850072 
0.76910141 0.495755556 16.5931824 
0.906075192 0.690921466 18.7674188 
0.569959515 0.928109503 15.3875812 
0.800582395 0.138492282 19.6073314 
0.61744877 0.251398417 15.362476 
0.0701323002 0.0827442178 16.8802416 
0.296153965 0.736315071 21.5374291 
0.654408921 0.168655481 17.1148417 
0.423065274 0.563438968 20.7271461 
0.817132317 0.515383122 16.0111677 
0.456643 0.827879 10.9015 
0.343341 0.85225 10.1036 
0.297988 0.828223 10.8931 
0.343485 0.915966 10.736 
0.570087 0.798586 11.073 
0.430654 0.740445 12.6947 
0.571072 0.635767 11.866 
0.557786 0.791921 11.6999 
0.596207 0.517807 12.192 
0.528248 0.667641 11.712 
0.550915 0.10346 17.2704 
0.605117 0.13844 17.5121 
0.422905 0.0794187 16.7392 
0.429790126 0.993648571 20.8248528 
0.34880026 0.880204974 10.9553535 
0.308011851 0.690476456 20.3250092 
0.492152972 0.50459291 12.52212 
0.830621903 0.817137318 19.1195861 
0.960418613 0.737371338 16.704137 
0.166522554 0.778300073 19.3864933 
0.109923709 0.4402705 17.8120755 
0.897309661 0.260698827 20.5973589 
0.650709679 0.543364367 16.8124149 
0.842635254 0.857199581 23.2121664 
0.0566574314 0.0050756963 21.2052369 
0.248633625 0.324562194 15.6624214 
0.129834787 0.589732836 24.2802855 
0.755198036 0.364407254 12.96913 
0.782839917 0.572536709 20.0360803 
0.393743904 0.333634827 17.7176367 
0.803748578 0.405294916 19.1526738 
0.0840405142 0.797985223 16.7149843 
0.627477643 0.459769313 19.8531396 
0.265666732 0.286891058 22.6870428 
0.444504314 0.216381519 17.6501286 
0.51076939 0.602291569 19.5128538 
0.519909584 0.474323594 18.295528 
0.296303229 0.250503075 15.6244684 
0.200779975 0.133702476 22.2162311 
0.332749991 0.0324422245 20.1793529 
0.368756263 0.727919928 22.9258143 
0.0996447041 0.382655562 19.5534277 
0.463463613 0.655470698 17.289925 
0.742383282 0.515909397 15.6960409 
0.604947455 0.613316105 17.5851191 
0.472370154 0.891314833 16.3704472 
0.496514463 0.91217378 20.5633871 
0.0218491514 0.166295889 21.2508126 
0.0605961435 0.220476467 19.082171 
0.662362181 0.945464704 21.021631 
0.952060077 0.809973998 20.5025365 
0.147778852 0.977612781 21.0065584 
0.453419152 0.116766325 21.9285114 
0.0424852482 0.320474424 17.5428323 
0.385247802 0.434130973 16.3263239 
0.179360112 0.969329542 17.4529709 
0.91930136 0.713875509 14.9526543 
0.866549357 0.266221612 18.3648925 
0.207930887 0.42273934 18.1427146 
0.154090653 0.850477562 19.085162 
0.896467406 0.71173006 15.324574 
0.0750405802 0.0121308658 18.4691657 
0.62002776 0.102068312 18.8089308 
0.774929973 0.58507505 15.1136302 
0.8506859 0.196836325 19.6928808 
0.769506256 0.158925994 15.3412605 
0.636646043 0.930564787 15.1994387 
0.699133694 0.107307621 20.3982093 
0.873958548 0.0506818247 13.6113163 
0.312141499 0.837442198 12.1688994 
0.734208157 0.0367678066 22.3076802 
0.974937674 0.632410872 10.67783 
0.566881643 0.901445823 15.1985688 
0.593200993 0.934292815 18.2652146 
0.810992555 0.395520889 24.2094922 
0.0241434518 0.0742485769 19.9353539 
0.671841237 0.30757346 15.3082672 
0.545032297 0.0619216157 17.8624288 
0.236193478 0.769661075 12.7370584 
0.681741065 0.865279514 10.1286534 
0.701225622 0.352110166 19.3691905 
0.188649035 0.963675884 23.8651054 
0.126033785 0.0918134792 20.6341003 
0.939087911 0.535917877 15.9591819 
0.553972546 0.686296697 18.8714798 
0.577936827 0.643983484 19.0294868 
0.986987531 0.190373664 13.4657096 
0.716577164 0.631972326 16.2815528 
0.222221059 0.677774599 21.0833701 
0.00605970473 0.556860366 18.9856699 
0.362267837 0.297234236 19.5748398 
0.334619071 0.489838914 21.8328026 
0.530376416 0.525537836 22.6714967 
0.417424531 0.138863349 18.9194344 
0.926408406 0.23544744 25.0024657 
0.822591635 0.377543338 15.1892363 
0.255349077 0.784480629 14.7609834 
0.999293097 0.756625616 16.4724284 
0.40816174 0.18263651 13.641953 
0.285348339 0.461864759 25.9259239 
0.731109 0.708692 9.09273 
0.694763 0.812158 8.76279 
0.686208 0.747005 9.67672 
0.766962 0.708239 8.77704 
0.709311 0.719239 9.6305 
0.856167 0.629471 9.69183 
0.872089 0.471696 9.7675 
0.808342 0.511871 10.1674 
0.834061 0.443003 10.335 
0.859491 0.548624 9.91203 
0.417499 0.107983 15.8343 
0.733478 0.0867902 15.1644 
0.848141 0.0826161 13.1435 
0.447465852 0.587328248 21.9962184 
0.494756424 0.292184715 12.1353715 
0.750132698 0.785122733 21.1599606 
0.186536945 0.995762623 18.8870801 
0.474032075 0.974986684 15.7286504 
0.780710287 0.60467365 18.4574342 
0.252851743 0.0931807118 21.8500714 
0.302142405 0.336271989 20.6180892 
0.600602745 0.741457963 14.6609025 
0.369785984 0.394883092 23.9205528 
0.819741609 0.561214784 15.4038152 
0.258224163 0.694440438 14.6876084 
0.844759551 0.0164367285 23.3092292 
0.928644198 0.900131283 19.6718836 
0.577062006 0.261088895 24.7405699 
0.226624262 0.0437743181 20.69261 
0.804226051 0.573528327 12.9388444 
0.981224828 0.775854866 23.8183746 
0.538929866 0.208574195 24.6719654 
0.0934652723 0.767067601 21.091347 
0.695089467 0.0732231882 17.0426749 
0.968985632 0.505844851 13.1121767 
0.641983042 0.390003884 14.8518707 
0.661198957 0.0648247286 15.7020126 
0.592459254 0.0072385511 24.1005059 
0.282377065 0.279097105 14.0060055 
0.0618051072 0.978730437 20.92689 
0.0884281916 0.494753836 20.611635 
0.131295481 0.427911309 22.8191719 
0.949261083 0.201074327 13.6091621 
0.172657727 0.689402679 21.207141 
0.053363841 0.0906070703 22.5795839 
0.859053914 0.361762062 18.3801973 
0.380989195 0.838996117 14.2779907 
0.399125105 0.319907048 19.536208 
0.458077294 0.223551965 18.8398849 
0.553714686 0.402627443 14.4461431 
0.463229592 0.479114846 18.7866774 
0.230350915 0.183659163 18.3014812 
0.829953869 0.49241455 20.0050278 
0.759539323 0.233840103 11.6853997 
0.321235626 0.621986263 24.7484708 
0.149921952 0.909238651 17.4529507 
0.687047013 0.332910526 22.7938194 
0.883384897 0.34977071 20.6196971 
0.745110219 0.873107842 15.1401031 
0.782678485 0.524595936 17.5241675 
0.941306414 0.703423458 18.0369885 
0.91610151 0.537516508 18.9833141 
0.0308946843 0.93710225 15.9056973 
0.889834957 0.185458647 19.6733075 
0.626241501 0.95529258 21.9094216 
0.296953504 0.88020724 13.5852589 
0.714570491 0.748585854 14.2583524 
0.200520491 0.116389907 18.1307662 
0.216076113 0.0460478196 21.6136008 
0.527842069 0.423477492 20.7590808 
0.272366587 0.670467807 12.0612102 
0.108304002 0.842471351 20.8846059 
0.568287972 0.252380157 17.1671294 
0.989330579 0.127281107 17.8981113 
0.709562882 0.949785735 12.8552178 
0.551253264 0.858166976 10.199772 
0.869638024 0.541700329 15.387335 
0.00712938842 0.665829409 18.3940275 
0.139213365 0.715170818 14.9623643 
0.163052765 0.642195243 15.1228575 
0.116046937 0.58087738 15.3934932 
0.0693762285 0.89600148 19.9354305 
0.407792785 0.155446035 16.6872918 
0.61963356 0.108615321 21.9675371 
0.419962434 0.452720655 18.4861673 
0.340853004 0.0253086322 15.3945777 
0.0380277047 0.730959156 14.9489451 
0.489949663 0.80498324 16.8776363 
0.678058119 0.446578709 16.2449398 
0.0141918974 0.647470973 24.4187186 
0.322644641 0.467716862 24.9223604 
0.352770625 0.139572945 14.0551587 
0.805806837 0.373420022 16.3239196 
0.432996891 0.929240039 20.7938411 
0.360474534 0.307074156 21.6125841 
0.50999986 0.793629642 13.1436685 
0.651410163 0.266182641 23.0216176 
0.956531231 0.620428818 17.3144702 
0.907148312 0.170535349 20.87845 
0.734631727 0.818022712 16.9723749 
0.590073 0.79442 10.5305 
0.551239 0.712593 11.3415 
0.606384 0.796104 10.4595 
0.576352 0.763147 10.7972 
0.70505 0.780882 9.98083 
0.57878 0.343923 11.874 
0.77483 0.287289 10.3556 
0.739346 0.42641 10.943 
0.803942 0.305581 11.3693 
0.774813 0.286235 10.9078 
0.627736 0.105382 15.0859 
0.54923 0.16341 16.9169 
0.648376 0.127454 15.6097 
0.453647325 0.203996431 21.9656043 
0.65220684 0.704164457 19.6881609 
0.215242051 0.868274757 19.663637 
0.903909423 0.486932336 17.235181 
0.117442247 0.109847545 24.6623044 
0.589507707 0.471975963 16.728747 
0.32768668 0.408061351 15.7427173 
0.276302591 0.130836305 15.1149364 
0.679827742 0.250553677 20.7811711 
0.140091512 0.0749433695 26.0363306 
0.177943151 0.692324642 15.9968685 
0.0549092268 0.765975377 20.8916842 
0.729837928 0.595682775 14.0443707 
0.795267595 0.432467484 22.9774999 
0.466704249 0.154642778 13.4856985 
0.713410074 0.628590409 18.6023159 
0.817433047 0.955218696 21.2021019 
0.419551483 0.979642488 15.3226152 
0.545098651 0.844586054 19.8653012 
0.664650297 0.653682122 18.378856 
0.0901431486 0.118414517 18.6490162 
0.75815024 0.550969498 13.4067426 
0.640489922 0.883733953 17.6284289 
0.394829901 0.833346228 14.6611217 
0.315682913 0.394951451 22.2136664 
0.971431466 0.16234747 18.2525045 
0.948021649 0.789453578 19.2701317 
0.872415808 0.507001734 14.8601845 
0.000650255582 0.80874236 12.2904659 
0.495776928 0.604912518 20.4406703 
0.517573771 0.0271156627 21.7932897 
0.773830936 0.555176348 13.5900353 
0.616183128 0.908030183 16.2177174 
0.701791834 0.339249285 15.1325007 
0.537928272 0.441079676 21.2142253 
0.699263049 0.717846112 17.6211545 
0.38558631 0.77818263 24.5549221 
0.170105198 0.35509357 13.4802967 
0.413044994 0.939747811 14.0121001 
0.191160115 0.0452114465 22.4602787 
0.483061599 0.0171486441 19.6449029 
0.852016498 0.189375887 16.5550671 
0.958954826 0.373462909 16.9150393 
0.999395749 0.453501797 14.7739309 
0.0181889687 0.462608051 16.9279665 
0.579235652 0.582896208 16.2801373 
0.292426849 0.566548234 27.8151441 
0.784583742 0.361152895 14.3295228 
0.0927077495 0.676915518 22.6865424 
0.0774459411 0.13967444 17.7015195 
0.565159919 0.921858989 19.4937485 
0.83407991 0.264843579 19.636442 
0.762829342 0.234011952 20.5416334 
0.479153671 0.220598815 21.6259059 
0.13638382 0.969085577 18.1323048 
0.0578749616 0.29501767 16.2517245 
0.237009747 0.615203153 19.8949821 
0.918077193 0.72948942 18.8722786 
0.378262631 0.909284566 19.3057258 
0.0298676245 0.000638996101 21.4392422 
0.428680035 0.28077781 22.9036072 
0.92520739 0.0810729967 20.4491361 
0.874762682 0.534925892 17.9598147 
0.348993357 0.753935702 14.51652 
0.562103478 0.0512437755 19.8578021 
0.111503217 0.0580963096 27.382804 
0.307510883 0.180340125 17.1883986 
0.607357485 0.321342393 18.7284789 
0.158762667 0.687977876 20.5424922 
0.260211172 0.309574587 16.9006967 
0.508352977 0.505009594 14.6945107 
0.34078925 0.953737226 16.028136 
0.81329149 0.325729923 12.4381919 
0.740901077 0.0991045188 18.3658741 
0.442507954 0.998378012 20.1908297 
0.941148005 0.388988603 13.578129 
0.224711712 0.793851587 18.3890911 
0.242539544 0.737714232 19.8977041 
0.676331566 0.641362893 17.9964734 
0.894221462 0.855438201 17.2240258 
0.204853577 0.519020349 16.369056 
0.845577427 0.82753578 11.6932411 
0.62516131 0.885871541 16.881418 
0.979702866 0.258609525 22.6066472 
0.356575093 0.659198662 17.9320134 
0.0404100251 0.417610155 18.0511368 
0.269198452 0.209497773 13.7923417 
0.787788 0.61401 11.41 
0.43128 0.571175 12.2778 
0.815192 0.65448 11.0989 
0.71078 0.585809 12.0391 
0.794455 0.76537 10.7656 
0.81331 0.659077 10.8038 
0.736664 0.633873 11.2107 
0.756178 0.551399 12.0117 
0.812265 0.572595 11.4546 
0.820403 0.748046 10.5888 
0.41543 0.162564 15.8296 
0.299697 0.153955 14.6905 
0.266929 0.186632 15.4183 
0.448334545 0.809170362 16.3165003 
0.798163003 0.127638451 14.5092713 
0.657362898 0.951426782 17.7753815 
0.609787649 0.989596301 20.7376585 
0.760852419 0.256202659 22.3518012 
0.421293634 0.339278275 21.1303425 
0.734436242 0.286752114 23.8863537 
0.981866334 0.786578096 17.9009508 
0.239733976 0.174702976 14.6407852 
0.0111349653 0.648091122 17.1271386 
0.322619342 0.9059829 15.5548045 
0.299607364 0.583507112 20.7921544 
0.406802547 0.354262406 25.7134039 
0.349222646 0.50464318 20.444675 
0.648386282 0.470646126 16.1803595 
0.573631505 0.146747768 20.937365 
0.0221524654 0.535713325 15.9824969 
0.473874398 0.405223791 21.3583254 
0.522483156 0.571801282 18.5979842 
0.812749489 0.609711179 17.0903837 
0.337333052 0.419336922 19.6292926 
0.54468647 0.451268177 20.9149746 
0.372583525 0.982748216 13.0554446 
0.900839551 0.696034425 15.8370511 
0.0844920468 0.0233856934 14.7061705 
0.383525318 0.16120303 22.7093064 
0.877471562 0.600329761 18.9332697 
0.786368854 0.911648 21.6068565 
0.774990703 0.379631065 22.8664104 
0.677182138 0.820929945 9.4889758 
0.859523628 0.189482738 21.4696447 
0.391359373 0.205791471 15.5663955 
0.991462341 0.151589264 24.3021975 
0.0402184439 0.777000497 17.1215075 
0.105355804 0.0513812799 15.6619624 
0.188861652 0.211966356 12.4196613 
0.0955309137 0.556174933 22.0471915 
0.289000442 0.894485614 21.6504152 
0.253978651 0.866542401 19.3247403 
0.709361973 0.58672164 18.0232214 
0.177275111 0.00313443732 14.2784537 
0.829488674 0.794314451 15.2850032 
0.363733865 0.921323735 19.2650196 
0.74836235 0.069942603 17.1697919 
0.312138121 0.441704817 16.3098167 
0.0556550499 0.310929109 17.2814851 
0.604755253 0.636312925 21.8110677 
0.621935361 0.47826816 18.2739145 
0.696452598 0.103460917 17.3885181 
0.252316126 0.934028206 19.586307 
0.28153806 0.487948621 16.8832531 
0.126519137 0.0436566781 17.6894832 
0.0248411704 0.527968576 20.2666464 
0.496650235 0.436127477 23.8444366 
0.969908997 0.658156962 11.3244102 
0.160380708 0.270877671 21.2636807 
0.680205414 0.624959222 20.832101 
0.949465097 0.239157652 15.6893568 
0.532774917 0.731239993 17.9290214 
0.148214658 0.843821036 15.0619346 
0.273089287 0.229095303 16.5108513 
0.0609350382 0.764784539 15.0613517 
0.574964077 0.310277306 14.9980737 
0.923177732 0.244924849 18.0967321 
0.484516404 0.954096674 22.4739235 
0.867976571 0.0991486226 13.6482003 
0.839716048 0.358671193 13.7532404 
0.55468819 0.0682839146 17.65681 
0.735879604 0.754040617 21.8211694 
0.935190454 0.0138874652 20.4107457 
0.514106304 0.288636969 20.2723892 
0.437618241 0.329416983 22.036729 
0.825216335 0.509440501 16.8315664 
0.594264615 0.679851664 17.2119143 
0.466690392 0.121948717 21.292124 
0.171853537 0.0905626196 19.8747206 
0.206318435 0.676177228 16.0448397 
0.914753123 0.400003511 17.4183077 
0.885746499 0.965906537 11.2683417 
0.0724598614 0.376870454 22.7723082 
0.720589616 0.738415361 14.1093542 
0.963326824 0.70569447 17.9574782 
0.634995079 0.546681534 23.2524535 
0.223229557 0.87731025 17.374735 
0.211958101 0.83290271 18.7160222 
0.429363588 0.718151198 18.4288134 
0.125367617 0.860309654 17.9494968 
0.798874 0.767788 9.28258 
0.750521 0.751117 9.60418 
0.697783 0.820927 9.73078 
0.862026 0.727063 9.37975 
0.797657 0.728824 9.83322 
0.849208 0.613279 10.5419 
0.799394 0.444907 9.89035 
0.783936 0.48038 9.69517 
0.7227 0.445529 9.79531 
0.763032 0.459307 10.8423 
0.184356 0.0256157 14.4082 
0.753982 0.10958 16.1332 
0.331524 0.0855031 13.6682 
0.466010271 0.402850039 22.502483 
0.944119167 0.551112446 18.8332926 
0.110977998 0.0230845535 17.2903783 
0.327160128 0.492260267 17.0541428 
0.165514658 0.0183618664 17.8768871 
0.976953827 0.686655261 15.7763027 
0.294106974 0.87050647 17.9794394 
0.553836888 0.27631489 16.2547376 
0.541139124 0.49984032 17.464817 
0.904620894 0.812641711 11.816127 
0.31460475 0.891197897 16.1189371 
0.448234438 0.434527227 18.5392596 
0.0982773474 0.298470202 24.7509024 
0.61235414 0.735624829 23.4017771 
0.732117282 0.472113451 20.7443372 
0.565732832 0.633083874 21.8200451 
0.696542195 0.266677948 19.0490697 
0.93707356 0.399493307 17.6502293 
0.392504221 0.205888545 22.1193908 
0.739633062 0.126271753 16.1480538 
0.454090556 0.375044673 13.7341683 
0.228278258 0.523008823 20.2905602 
0.0665366489 0.673601546 16.2264077 
0.0746612807 0.721789855 20.6204073 
0.117701427 0.090554588 20.1842521 
0.082329734 0.0939457631 18.4185949 
0.911553483 0.702472162 14.1458427 
0.960352966 0.75157903 17.673682 
0.262426665 0.630362342 16.4151902 
0.210273677 0.0644725476 16.9265193 
0.810532035 0.234455668 13.7720097 
0.342725219 0.906990555 16.9912517 
0.628458514 0.696136045 16.6705408 
0.264624671 0.584864744 18.5383413 
0.584486167 0.936181398 18.6925817 
0.206671428 0.820097815 15.6810273 
0.929479068 0.655394105 15.5584435 
0.156871796 0.354685326 15.128295 
0.636557208 0.317970832 23.5199433 
0.828880602 0.183432337 16.4953574 
0.230848642 0.957899079 18.0726942 
0.28252807 0.0561901567 19.6658708 
0.71940525 0.830639799 18.5507842 
0.14655621 0.193938611 19.4234569 
0.352236435 0.839805769 14.4443486 
0.176295798 0.299049663 16.3894011 
0.682769547 0.77618207 19.2260847 
0.514844881 0.979099636 17.4718004 
0.596494358 0.415466306 15.4936103 
0.97896226 0.606918921 17.4384565 
0.251827529 0.130542666 18.6449525 
0.781560238 0.365562845 18.3272674 
0.382743938 0.860260977 17.3123988 
0.704569752 0.997292623 14.0536827 
0.655095803 0.00717298286 23.8822967 
0.131068478 0.509355604 22.3520383 
0.818548693 0.248877849 20.2455515 
0.765573303 0.332506637 22.1944102 
0.894446575 0.557841846 17.5801459 
0.377329507 0.442599624 14.7165135 
0.87367863 0.742931021 14.2534333 
0.00205077526 0.926063366 12.0734644 
0.526466896 0.263007649 24.108351 
0.0231497643 0.795556432 18.4630275 
0.671474596 0.224469098 14.5450363 
0.535435909 0.143880829 19.6041093 
0.418796975 0.58872582 21.2590561 
0.851668077 0.609836035 13.2763114 
0.0212125982 0.766303608 21.2372187 
0.999267449 0.782300703 19.8278347 
0.607141019 0.154174509 19.2840261 
0.665724694 0.340722435 20.8924931 
0.845938781 0.973725529 14.6544653 
0.051270611 0.944405617 19.5310238 
0.0427814386 0.215153045 15.5963472 
0.498673301 0.113304676 16.1641029 
0.794360656 0.380641366 21.6336933 
0.4938075 0.650801559 19.4074169 
0.789046618 0.881465972 12.7975549 
0.757832325 0.0371956606 24.790067 
0.358238878 0.462723215 26.1767005 
0.8673694 0.0799565971 14.8072086 
0.190983634 0.162185085 21.9139707 
0.471606079 0.453774502 19.4193841 
0.402559808 0.567375886 19.1439039 
0.434819083 0.908929149 17.8301142 
0.302327682 0.540200896 23.3520962 
0.764585 0.804638 10.4612 
0.810222 0.753684 9.57934 
0.834092 0.753571 9.39848 
0.858409 0.610849 10.0232 
0.854105 0.741973 10.1272 
0.815451 0.573114 10.9037 
0.857684 0.606689 10.6728 
0.859598 0.375126 10.2629 
0.880872 0.496379 10.7169 
0.90615 0.610892 10.2479 
0.671401 0.133331 15.7033 
0.650269 0.0644867 15.8018 
0.440007 0.112414 15.846 
0.472191744 0.0195182219 22.8618948 
0.101569583 0.963092187 18.49967 
0.564593098 0.106236578 19.6101385 
0.0445326067 0.98342998 18.2534463 
0.144187155 0.75128428 19.6486023 
0.380210646 0.428070284 25.1110258 
0.36419752 0.894047941 16.6356292 
0.683926392 0.332589932 19.1320189 
0.975253805 0.221001612 17.9185958 
0.734576747 0.733107674 18.2961767 
0.847984108 0.995137501 15.5157953 
0.397059699 0.272103891 21.8416009 
0.33847195 0.400510948 13.1146919 
0.924387135 0.184224003 16.2378214 
0.986200378 0.069349797 13.6906294 
0.902277895 0.855401026 15.6512621 
0.428000211 0.760082331 19.9534892 
0.256660932 0.923074597 18.2063498 
0.183704683 0.637735923 14.2826121 
0.676106008 0.288355658 17.0824518 
0.447198141 0.142318502 18.7207685 
0.534099989 0.81302569 17.1458832 
0.0663299991 0.312253708 17.3817622 
0.748742231 0.627484736 19.9585682 
0.951669113 0.153666964 14.6244845 
0.0706986163 0.487470144 22.0588361 
0.736371389 0.867326375 20.3045101 
0.70790059 0.619544692 19.9813888 
0.999047962 0.848465768 15.3488581 
0.500284098 0.908407873 16.5222833 
0.122676899 0.344257708 20.5253822 
0.6619036 0.48270663 25.1226656 
0.054864002 0.547798787 21.0682776 
0.803042046 0.299809889 17.7664139 
0.251705122 0.497293248 19.2736949 
0.0192879491 0.237372971 18.6810614 
0.761202626 0.372835444 20.2782899 
0.35399442 0.819910414 16.6377707 
0.93306388 0.405083055 15.8184524 
0.615662928 0.883014327 19.726698 
0.105449107 0.0307041632 24.7259314 
0.172286746 0.951964032 11.8441347 
0.545379563 0.898292111 18.8333404 
0.228402833 0.668696326 19.7192235 
0.309460425 0.255687567 18.7816085 
0.459563773 0.284863898 19.8430346 
0.779064976 0.740998253 15.2200546 
0.877538733 0.010592721 17.2777241 
0.322631423 0.572889261 24.337447 
0.85164553 0.716307648 16.5789267 
0.298594323 0.575567766 22.6986622 
0.209703177 0.934102966 20.4022949 
0.0833301762 0.134695956 19.2778055 
0.513461784 0.440025033 18.9780687 
0.807689353 0.658948821 15.8438021 
0.485753001 0.776894845 15.5890462 
0.373559584 0.0892233407 19.2066508 
0.318490566 0.505929836 14.8568301 
0.230356285 0.0534884642 17.8151003 
0.411178395 0.163761598 23.4786366 
0.963753796 0.562762305 21.8327015 
0.600984481 0.0580704927 14.0712191 
0.0262471304 0.787570458 22.7624209 
0.578371661 0.248870424 16.0546073 
0.87296213 0.682997143 13.0405827 
0.51872822 0.607351902 21.9314442 
0.269947648 0.181658613 21.1066931 
0.888969483 0.593442042 21.9708478 
0.642783265 0.976955697 14.4665894 
0.129727487 0.699728338 13.2796592 
0.46217587 0.124903067 17.4974071 
0.20492795 0.53392307 18.8023074 
0.655128454 0.357450178 18.8455882 
0.192268385 0.35203953 14.7708473 
0.554165844 0.0415475554 15.8513916 
0.91607522 0.46939086 21.4334426 
0.81924949 0.520056915 17.1802547 
0.791157269 0.214936388 14.3654812 
0.155352247 0.451600739 17.5003286 
0.00933341374 0.418991466 16.5650346 
0.417233317 0.652941006 19.5746462 
0.70036272 0.103079441 19.5978452 
0.835426542 0.793760106 15.3296237 
0.722853122 0.831004408 17.7333162 
0.592679362 0.704564543 18.1213097 
0.284810009 0.383902887 14.5345557 
0.620927335 0.199767341 18.3953219 
0.318495 0.68394 10.9726 
0.453084 0.794067 11.5179 
0.502347 0.595054 11.8941 
0.224732 0.700589 11.3951 
0.35206 0.711978 10.9338 
0.331198 0.652793 11.5202 
0.350386 0.554039 12.1772 
0.372267 0.709925 9.9644 
0.268216 0.735748 9.81726 
0.335994 0.708013 9.79784 
0.578633 0.1204 17.4316 
0.620096 3.529e-05 16.7781 
0.802393 0.0953278 14.2256 
0.489867469 0.624692152 18.180717 
0.247525746 0.375071929 16.1157512 
0.576916485 0.479529364 19.0174656 
0.281299931 0.298180031 20.0070335 
0.122859652 0.484206693 18.5947339 
0.758000315 0.879186741 16.8341617 
0.679078159 0.191948729 13.9094624 
0.541302021 0.686227409 23.0348578 
0.0250820764 0.238028864 21.0841002 
0.928311208 0.0087521945 19.9209469 
0.315088247 0.863911358 22.534375 
0.422854249 0.930903493 18.1830924 
0.498098402 0.968475042 22.3507574 
0.517112563 0.6342663 14.2842683 
0.345474564 0.0137832643 18.5848823 
0.955790383 0.299749593 18.7886524 
0.199965267 0.246051029 16.7117996 
0.411196132 0.902327675 14.5341973 
0.0379701466 0.963410893 17.6979218 
0.159063325 0.820206381 14.9637178 
0.373731056 0.90959233 13.8755416 
0.947810799 0.944687084 15.885201 
0.847063812 0.328742167 26.6199171 
0.329353678 0.571412034 24.0689148 
0.00565747831 0.42131615 17.0632263 
0.144856575 0.589952283 23.4095695 
0.532598597 0.462613581 19.6126682 
0.799576184 0.139486322 11.5545988 
0.478582807 0.086517794 18.7927596 
0.761015048 0.0562240107 16.2403304 
0.612548615 0.0967275914 16.8628869 
0.359594783 0.730957592 17.9552764 
0.18860702 0.182128815 15.0095551 
0.291179964 0.828430718 16.0992678 
0.733576571 0.265965995 23.1560629 
0.136448032 0.547141348 11.7992189 
0.0937238972 0.169061472 18.6980153 
0.387033027 0.128625423 15.4747514 
0.837677588 0.707692013 18.3728847 
0.774941979 0.390951002 16.689588 
0.0834668677 0.7225467 16.0544062 
0.270919918 0.0711812131 19.5262798 
0.713485231 0.520311701 12.6665718 
0.936434182 0.038083223 21.2964108 
0.694003019 0.931739238 13.1478682 
0.0169033307 0.196851298 21.194239 
0.52841461 0.601049547 16.8531083 
0.0748258886 0.225018032 21.4210573 
0.0616620399 0.783684577 17.0636979 
0.973142422 0.285238373 21.3230191 
0.987322452 0.777827184 16.3109106 
0.229785422 0.318787724 16.1920979 
0.589141767 0.0240064425 15.9689174 
0.605730979 0.654050578 17.5643666 
0.668744094 0.617103298 14.9101799 
0.255079556 0.439157644 19.6367343 
0.852223692 0.158656509 19.879027 
0.703130462 0.693496236 19.7523701 
0.889240304 0.891840623 16.8135694 
0.902841416 0.841082504 19.74799 
0.433270839 0.348412245 20.7335748 
0.211908827 0.991465513 21.0175967 
0.399450426 0.584527329 21.3302607 
0.651657426 0.259296891 13.0080012 
0.1114243 0.859703232 18.2033434 
0.64190577 0.666260992 17.3619254 
0.621848693 0.756164247 11.3437273 
0.441998418 0.0615331134 22.9244693 
0.555121659 0.534562708 23.1115921 
0.869474717 0.795144718 10.6760771 
0.339334028 0.810796013 19.6997568 
0.0554985366 0.458015418 21.8643241 
0.91283571 0.383649099 21.1996389 
0.305380753 0.42669719 17.3010257 
0.739232812 0.514278081 20.806627 
0.170747231 0.359460634 19.314752 
0.991904951 0.738600302 22.7185115 
0.658154587 0.55703037 20.6595251 
0.563256831 0.207294072 18.8854026 
0.877322658 0.111218369 21.832192 
0.469989382 0.412439493 22.9232941 
0.788729715 0.986635495 13.7593007 
0.181700797 0.497297256 23.8167526 
0.4505534 0.337746581 20.5227998 
0.820565588 0.767949494 15.1308687 
0.234119208 0.670073905 18.4486045 
0.810231011 0.12355867 12.9671697 
0.67579 0.767659 10.3022 
0.695181 0.607245 11.5238 
0.640313 0.776364 9.82976 
0.710345 0.794404 9.09709 
0.68506 0.75721 8.78612 
0.713634 0.252674 11.0381 
0.657994 0.364844 10.6156 
0.675758 0.547122 10.21 
0.514947 0.478065 10.9148 
0.701973 0.182111 10.1743 
0.641806 0.131917 14.2085 
0.760357 0.0412626 11.0045 
0.703513 2.23864e-05 11.2547 
0.484554689 0.229866082 18.3591613 
0.39348191 0.787051671 13.1150413 
0.471823299 0.272540627 19.7340585 
0.456289058 0.965769405 15.5241478 
0.322998855 0.83012886 18.3790339 
0.679471822 0.808487526 15.9352757 
0.0689473765 0.477002684 17.8124619 
0.584606878 0.441514394 11.3467837 
0.512459931 0.524973317 24.2173032 
0.154507183 0.794235155 19.7435249 
0.429389009 0.152778381 16.7552366 
0.933046904 0.579172004 19.3469761 
0.406182946 0.367477083 19.8606369 
0.274982289 0.245015772 19.9654007 
0.0451903063 0.678065345 17.0411587 
0.793637506 0.901426771 14.7054076 
0.250274281 0.304512459 17.761056 
0.379338876 0.714982784 19.0806532 
0.649594295 0.625902204 21.2145978 
0.232607698 0.0787248856 14.6642635 
0.894123609 0.59301731 19.9504811 
0.443877583 0.0428770627 21.0134827 
0.318210868 0.141809151 16.6862978 
0.258838186 0.920461764 20.0131123 
0.600063024 0.561067235 22.0468572 
0.875743895 0.598147922 25.7446813 
0.771011302 0.660568815 19.3600323 
0.56958187 0.745607221 18.440286 
0.693889767 0.863049146 16.2237456 
0.757413192 0.389227963 20.3478673 
0.704258453 0.0480678353 16.3225298 
0.0698506449 0.979236725 15.991663 
0.946792989 0.230353933 18.7064402 
0.744252853 0.21574535 21.7020694 
0.112034812 0.312247326 21.1896879 
0.809027755 0.396205398 17.0326624 
0.830736844 0.88840002 13.21053 
0.768323721 0.859278841 15.1315946 
0.643283886 0.493151606 19.0969181 
0.177733328 0.121530318 24.0346915 
0.366812479 0.516680039 21.7376555 
0.86411113 0.56677789 17.0555411 
0.539710466 0.503690297 19.5797912 
0.280331041 0.711006861 15.3803135 
0.897361671 0.406237998 20.3699991 
0.378497664 0.693312225 18.2659675 
0.919982942 0.339879993 17.3451623 
0.734830118 0.998203591 15.0899883 
0.167269565 0.0606426024 16.0407776 
0.995881193 0.685923064 25.0122569 
0.620880365 0.427181085 13.491932 
0.354020549 0.0319225193 17.0116777 
0.987311406 0.540368919 16.7671655 
0.664876628 0.088358678 16.6889009 
0.309216004 0.421452353 21.9179501 
0.184117251 0.757044495 16.7779914 
0.559845945 0.775028208 15.2663753 
0.721333512 0.349755471 14.1116561 
0.219539232 0.257519694 22.6559884 
0.970021097 0.639457733 19.3380916 
0.294136185 0.84214183 14.9531048 
0.840742221 0.649667715 16.6310788 
0.33723615 0.729997914 20.9613546 
0.817909968 0.296725833 18.4631893 
0.211200317 0.00292386866 16.7213205 
0.096610102 0.0221448549 16.1131669 
0.418035565 0.612641005 19.3658005 
0.0548590835 0.448486433 19.6022171 
0.463153736 0.962986124 16.2945712 
0.142384286 0.934306706 19.87976 
0.524347011 0.918424883 12.0178297 
0.781985628 0.177818524 18.9325521 
0.20587809 0.94411423 15.6137653 
0.0160890427 0.881168055 16.3166104 
0.503947798 0.820666559 18.2135553 
0.961067637 0.114087538 20.4314612 
0.587001856 0.376979208 21.1123017 
0.0865715637 0.53791638 20.9997807 
0.853462428 0.462875349 19.7380781 
0.677914964 0.165388158 18.1570343 
0.00232008682 0.0970732944 21.0129768 
0.91468524 0.323041996 23.1878744 
0.026680123 0.194174296 20.7499427 
0.611162565 0.763770128 17.3202965 
0.13135907 0.126924829 20.0335351 
0.548041423 0.286946382 17.278373 
0.124469033 0.204046312 14.0970861 
0.664059 0.826378 11.1474 
0.524343 0.737297 11.0251 
0.657357 0.790765 10.8266 
0.543336 0.865402 11.4 
0.721337 0.742053 10.1224 
0.677825 0.575495 10.4813 
0.522243 0.439424 11.2457 
0.696807 0.514859 10.6162 
0.71459 0.5564 10.2806 
0.715762 0.598553 10.8529 
0.427217 0.10243 16.7377 
0.220968 0.079842 15.0478 
0.230108 0.188578 14.7673 
0.502230415 0.835040012 12.7801504 
0.550932326 0.199031412 22.955743 
0.925438399 0.355692651 20.7478558 
0.162167284 0.468433371 15.1545464 
0.966409028 0.987978226 17.0665225 
0.479096896 0.804408161 18.7789335 
0.566847057 0.871301253 18.5306027 
0.462430214 0.616417482 18.8803813 
0.381460619 0.159221377 18.947127 
0.736857359 0.286858325 22.6662573 
0.362977484 0.9456694 19.8132097 
0.30042667 0.579580055 14.3442997 
0.899958473 0.374118715 18.2375995 
0.29823716 0.0583352763 14.680499 
0.722328083 0.622376877 15.4405641 
0.645619197 0.961678408 23.9850458 
0.322338553 0.325659405 19.2698487 
0.858436087 0.976141758 19.5017775 
0.151452286 0.887180782 17.2770589 
0.243371845 0.5006009 15.2355236 
0.823652472 0.0391157533 22.5732404 
0.437431555 0.367244592 21.4427277 
0.337557 0.883141006 15.5483976 
0.607779359 0.452062117 17.2323248 
0.346444696 0.556909056 19.1770546 
0.760850223 0.120726066 21.4841126 
0.521469215 0.162235508 20.8689785 
0.261773886 0.132413765 20.0916653 
0.872913862 0.934380653 18.6063416 
0.490755216 0.69927186 18.7807919 
0.560999821 0.225986092 19.7310495 
0.0935500045 0.660026597 22.49874 
0.771633252 0.0870520921 17.8826821 
0.687208941 0.101999909 10.4786751 
0.2408368 0.738868359 21.9918145 
0.0894027236 0.194166996 14.0895356 
0.677684992 0.00996434348 18.5056705 
0.837582154 0.438339346 15.9610552 
0.268651809 0.706135366 17.61131 
0.0243046446 0.543031165 17.6926717 
0.319351019 0.514534087 17.2610872 
0.117248981 0.411845559 17.1012911 
0.454258089 0.268937224 22.4442045 
0.0461098605 0.25582622 19.867704 
0.3987145 0.921853994 17.8069951 
0.198126949 0.292755228 13.9038322 
0.796786101 0.810384944 19.2645529 
0.728908821 0.415122384 14.6579062 
0.109598995 0.637409731 18.9372493 
0.0591178935 0.720851971 15.4428973 
0.748720999 0.758306551 13.0898844 
0.0194754069 0.32127696 19.9961851 
0.0740678384 0.208390657 16.4615927 
0.507325292 0.604357489 23.4631418 
0.847502448 0.395545441 20.218974 
0.420009553 0.148991807 19.0485611 
0.955575603 0.243650793 22.7963865 
0.711663421 0.568520717 13.6578559 
0.429704808 0.233198433 14.6999652 
0.619968434 0.533976951 23.3420278 
0.884537423 0.0509880449 17.2861813 
0.00796361921 0.480018486 20.754593 
0.6415058 0.39076979 16.0375976 
0.222250514 0.0802597002 19.0764077 
0.625451425 0.724534568 20.3088458 
0.689951574 0.528413463 20.7809452 
0.180806418 0.775475071 21.036057 
0.982575327 0.491608869 16.4676319 
0.538887006 0.43132525 16.029106 
0.893850288 0.791274627 20.4691244 
0.374053464 0.340094428 20.3517443 
0.577677579 0.597102222 18.2910355 
0.913958153 0.907959312 16.2369392 
0.948598172 0.0306744068 20.9720796 
0.189302618 0.996236606 21.6149175 
0.217499078 0.111750499 20.1816144 
0.786691534 0.668056295 15.2040152 
0.805380034 0.766568048 16.702068 
0.28361878 0.645997523 18.6863877 
0.592313918 0.851444203 12.9230502 
0.134699929 0.0138251275 15.6120898 
0.405770558 0.180843461 22.3359311 
0.662724924 0.911166306 22.0055894 
0.0396048234 0.688184018 18.3205798 
0.933077891 0.818660995 15.5648547 
0.989186587 0.845859707 16.2716108 
0.145312969 0.302798023 11.4930102 
0.633879 0.361781 10.9012 
0.68722 0.426091 9.9613 
0.68854 0.453053 10.4885 
0.717238 0.276195 9.38032 
0.691066 0.274262 10.0012 
0.72608 0.310731 9.21716 
0.655126 0.307029 9.70422 
0.815754 0.25616 8.63409 
0.823729 0.299613 8.89355 
0.88582 0.252076 8.04188 
0.492165 0.103176 16.3316 
0.641693 0.000146087 12.2045 
0.716876 3.08391e-05 9.80699 
0.508411888 0.440213943 18.9429344 
0.696888489 0.622505407 19.3955532 
0.982038942 0.179709866 18.3279372 
0.528246294 0.485804181 18.813711 
0.0473828892 0.682973933 14.8530435 
0.845392313 0.244030365 14.2259748 
0.0877352442 0.25410557 18.4409072 
0.196330114 0.659722339 21.8825337 
0.921583172 0.209049648 16.3614625 
0.360976079 0.469593805 19.2340104 
0.831252541 0.9517815 19.7518751 
0.212024319 0.864965139 18.2965552 
0.437563822 0.748697072 19.7963562 
0.39014603 0.0348786875 23.6921882 
0.0764074999 0.733228163 18.5415922 
0.859409381 0.132405009 16.9660847 
0.66540103 0.376840072 25.241756 
0.721069195 0.799811887 16.914813 
0.471077047 0.0999654127 19.7728231 
0.567805128 0.763081159 12.4482162 
0.024917176 0.12552843 20.8114072 
0.725119705 0.560357 15.584842 
0.913524126 0.198204881 17.6253909 
0.976173549 0.283581581 18.501047 
0.135536928 0.320485146 16.0097047 
0.424694873 0.95738296 22.3464609 
0.338434132 0.42926067 24.3028357 
0.871988617 0.606023353 14.5427963 
0.535090607 0.306182145 14.6290256 
0.0657633924 0.817391517 13.6516571 
0.637819862 0.241087376 16.1284462 
0.142639422 0.6496456 16.8857297 
0.111031716 0.576587417 18.8713986 
0.964581219 0.337892582 17.1596105 
0.315385096 0.924299719 18.883651 
0.591766544 0.361560759 17.0942004 
0.549441551 0.381143759 24.420965 
0.220268566 0.668237975 18.8001794 
0.00680217201 0.268959524 14.7571117 
0.936364361 0.402019431 22.0432677 
0.895268269 0.7401727 19.9607313 
0.952024713 0.104508813 24.7729568 
0.0377533782 0.332311125 15.0110461 
0.24718263 0.0625838146 24.4776123 
0.785533175 0.0460585742 18.6820133 
0.432260478 0.167413363 24.1275089 
0.876617297 0.703771804 14.3133864 
0.771063965 0.532180035 17.0696274 
0.165089635 0.547472109 21.3678095 
0.798432583 0.56935761 15.3314404 
0.237218391 0.88531836 16.1810381 
0.809566163 0.0805577771 26.2960796 
0.905881829 0.593430534 20.5537271 
0.768424885 0.78894404 14.1290551 
0.176269333 0.845123096 18.1353696 
0.45970635 0.0803754849 18.4100806 
0.827395112 0.780475462 17.6934037 
0.607057294 0.639958846 13.4899471 
0.676136139 0.351679742 14.2374917 
0.157214976 0.150222392 11.8064766 
0.117773987 0.185200244 24.4738366 
0.254937131 0.00512254986 20.0265502 
0.623186911 0.511428283 19.0732968 
0.745847386 0.719959619 15.2222665 
0.6154258 0.138269111 19.2457564 
0.701902517 0.976593816 17.1224854 
0.0228387385 0.224830763 26.4969698 
0.297588425 0.478217095 20.9449117 
0.472260887 0.942355717 13.7529662 
0.353800627 0.700164465 17.2308048 
0.392658835 0.615870919 16.2106476 
0.286807968 0.809778748 19.0980403 
0.299651594 0.41934427 13.5917395 
0.688968625 0.0338233982 18.0407179 
0.370841676 0.49624626 14.3347404 
0.749282117 0.983807038 17.9195718 
0.189833722 0.449177983 22.5456965 
0.989248903 0.898898055 13.3926118 
0.495891808 0.405147359 20.5453985 
0.649351674 0.908727546 16.7195396 
0.40693351 0.019235799 23.3884998 
0.331616161 0.294762895 17.2356142 
0.579615339 0.861877259 17.9237829 
0.554502145 0.838224604 15.3541473 
0.265779568 0.518688999 18.6116586 
0.492531025 0.991521845 20.4080839 
0.102314421 0.884429039 10.8139367 
0.299201 0.817406 9.98035 
0.183397 0.791875 10.2214 
0.157002 0.679422 10.537 
0.342204 0.756319 10.427 
0.353645 0.696739 10.9169 
0.255461 0.467914 11.4289 
0.231432 0.561067 10.8727 
0.26168 0.669664 11.1437 
0.153174 0.607475 10.6799 
0.423142 0.595545 11.0774 
0.637866 0.154772 16.017 
0.238512 0.165141 14.5848 
0.352192 0.0852031 14.2957 
0.514593361 0.0453878727 14.5575855 
0.842844652 0.00567839017 19.7785929 
0.442750259 0.405440531 19.8061577 
0.936232247 0.207349396 17.8288429 
0.026055386 0.415896346 22.0614426 
0.21168773 0.706641075 19.9361142 
0.597129178 0.659898393 21.5688215 
0.927582284 0.168883888 16.7862427 
0.163996065 0.524398337 24.5966218 
0.738615021 0.540066355 25.9162397 
0.696784319 0.304560988 20.8790517 
0.967437074 0.200987597 19.210131 
0.463155581 0.261978855 26.4255357 
0.567669964 0.132263959 17.5714725 
0.0211685164 0.795220868 16.2097527 
0.866557872 0.71689717 20.0476566 
0.648534389 0.826294518 15.8916543 
0.263730441 0.0237544103 16.6204769 
0.747885669 0.151901722 19.3060506 
0.621074158 0.219936216 18.2288594 
0.550344699 0.975636947 18.707288 
0.0591373375 0.149232676 17.4343342 
0.0804674472 0.0758456357 17.5360824 
0.153901216 0.738485372 19.5078369 
0.201923626 0.546475632 17.2572503 
0.120313481 0.454778434 18.8516458 
0.721287088 0.464671199 20.0182224 
0.22347792 0.428491207 20.0121188 
0.42061124 0.0839060413 21.6195839 
0.599810858 0.836698386 18.8741145 
0.296354491 0.280330284 17.2686429 
0.252063756 0.892172399 16.3754773 
0.735079196 0.251953472 16.9906018 
0.806776229 0.758750743 15.2718754 
0.0400084846 0.487305494 16.4070517 
0.889714685 0.124714325 19.0337884 
0.917562271 0.814819743 18.99266 
0.675454104 0.748511368 10.0295902 
0.983365424 0.775456657 23.7558812 
0.0481340469 0.876203629 18.3591938 
0.823837132 0.0651472026 8.65251242 
0.427287558 0.932434233 16.1816162 
0.132538422 0.862317767 16.1306302 
0.277071634 0.643414732 19.4030754 
0.65922242 0.95902019 19.489527 
0.375009425 0.0210575248 14.6950166 
0.689127848 0.172420276 17.4147399 
0.338124214 0.270493853 19.2985866 
0.100742657 0.669888044 17.1736849 
0.614741715 0.8987941 11.5607967 
0.231983673 0.613996681 22.0702291 
0.406964888 0.311164538 25.0890999 
0.267196736 0.475246616 20.0026675 
0.482783733 0.620962924 16.2495353 
0.899192604 0.679529877 12.1809291 
0.0765402424 0.380525642 17.1754833 
0.32221816 0.291890889 19.3713157 
0.519142482 0.37224991 15.5197632 
0.539934197 0.0529943919 19.1295231 
0.875254813 0.569829764 21.4392842 
0.769837755 0.698702891 19.5889272 
0.39274487 0.193488178 13.337471 
0.832776397 0.732029277 14.1453353 
0.963168529 0.358981313 24.5990684 
0.471869563 0.923798996 15.3251788 
0.17704461 0.338869747 18.7549012 
0.383532556 0.442984669 19.6587188 
0.321023738 0.510478136 13.8145686 
0.105783534 0.597993678 19.5128531 
0.632749544 0.595734843 23.6926842 
0.85673992 0.859005025 12.626678 
0.579950969 0.561633933 18.1325446 
0.188749228 0.583691286 17.7109231 
0.778017254 0.326363047 17.8021663 
0.999225341 0.786042586 17.7757962 
0.00722179249 0.503761436 19.3661653 
0.789419715 0.987918332 17.310112 
0.137959428 0.394211136 15.8448924 
0.95204107 0.943400049 14.8282341 
0.35213108 0.230853321 20.9749421 
0.709896461 0.99368439 18.5119774 
0.796437571 0.843399873 19.1751331 
0.454050249 0.350889963 18.2214193 
0.303973026 0.0946325645 17.8691952 
0.359913545 0.908927071 23.1120961 
0.50324293 0.653570309 17.9939725 
0.557951117 0.109765306 17.8626878 
0.760326 0.110148 8.87117 
0.818126 0.236708 9.05127 
0.707349 0.149656 9.11247 
0.762604 0.0711362 9.62177 
0.843839 0.294363 7.98624 
0.892376 0.22539 7.93915 
0.869724 0.170693 8.10451 
0.892398 0.168196 7.72346 
0.888535 0.124507 7.21176 
0.866471 0.124367 6.40301 
0.599239 0.0505121 8.8867 
0.866485 0.0116082 7.86616 
0.809499 0.0456172 7.83772 
0.520774834 0.650561803 14.3854889 
0.988800816 0.457959143 25.5544656 
0.286283699 0.605148725 24.5671154 
0.291296215 0.953436762 18.7838551 
0.896639544 0.404055061 19.4682415 
0.949144264 0.277696776 20.8775495 
0.0471781172 0.264975605 20.6299649 
0.536501813 0.778612313 15.9035961 
0.00182827923 0.331694695 20.1187361 
0.0409874089 0.156985424 15.4361811 
0.0610181787 0.0723417786 23.0111041 
0.699100125 0.499622927 18.3762381 
0.94026383 0.239049269 20.1512675 
0.0176004675 0.554199918 17.1385719 
0.338078053 0.68056221 17.7852748 
0.103190521 0.105976632 18.9695424 
0.148271224 0.52286714 15.0208786 
0.349203389 0.343781933 19.7859088 
0.985497412 0.189732366 14.8186011 
0.216671693 0.299535929 19.1276096 
0.706291839 0.80178765 17.7451643 
0.250583926 0.378148756 13.241654 
0.966651755 0.887781837 12.6582404 
0.775091558 0.857798194 15.8455879 
0.870449239 0.702036612 11.4354605 
0.220887227 0.294738256 22.6873146 
0.885590224 0.989318625 14.5174494 
0.468123923 0.022846224 22.3761836 
0.795185127 0.849063663 20.8772654 
0.586191038 0.804630902 20.5465219 
0.58852197 0.121868216 18.4868355 
0.96071815 0.730230856 11.0975063 
0.493709463 0.414953959 21.2530521 
0.180995106 0.669606809 19.0063814 
0.302719809 0.627782812 16.3943623 
0.375188857 0.513024135 18.5437833 
0.163425448 0.248475661 18.2835582 
0.614469345 0.618528745 18.5471979 
0.556288052 0.39376844 21.1938783 
0.205248289 0.166468508 17.1677291 
0.089003997 0.444244695 24.1549348 
0.435814975 0.582346097 21.0770641 
0.327045196 0.425581179 17.5664928 
0.625204773 0.0450232966 19.6621005 
0.113684767 0.831461862 15.645562 
0.394917727 0.263529433 15.8090328 
0.455256167 0.656239202 24.2633198 
0.605908922 0.474940212 19.0665594 
0.363098103 0.316078249 23.2280434 
0.543698284 0.214236856 18.1210775 
0.266646892 0.489326046 16.4992348 
0.859610218 0.470823955 18.6224911 
0.88399196 0.0101162266 16.9147688 
0.256518167 0.182068347 20.803298 
0.826246734 0.930562212 13.5462932 
0.239226819 0.360239541 13.3658599 
0.717745145 0.981181579 19.2539264 
0.768306513 0.700837885 20.0716429 
0.511335923 0.223712977 14.602718 
0.663780986 0.536075957 16.828313 
0.403763464 0.569697463 16.8576053 
0.809606872 0.875604923 15.731557 
0.648093457 0.0810464338 23.7953887 
0.416989923 0.642197602 22.8365982 
0.676141 0.871438952 14.0390119 
0.127443122 0.902350366 21.7231697 
0.685620732 0.821153986 16.505686 
0.846865514 0.142417014 16.1854611 
0.638600779 0.766055255 13.0589532 
0.152665971 0.737868606 18.3155341 
0.917674341 0.0542845475 20.8069685 
0.0755208511 0.0931106675 15.328266 
0.496068402 0.969978782 21.8632019 
0.753649965 0.78431209 8.26245668 
0.189888104 0.96415702 15.6539188 
0.745354459 0.713293792 22.7673524 
0.315934521 0.755116339 21.3228857 
0.924490809 0.129725535 18.6479495 
0.782662251 0.587361424 21.9586888 
0.830205449 0.196908498 13.1001389 
0.730134134 0.933613328 18.6626635 
0.118036463 0.0260388274 26.7949629 
0.472219894 0.381828929 15.5528597 
0.56828356 0.909712634 18.7464303 
0.0247786094 0.544254925 19.6962921 
0.437349991 0.0619055755 16.817811 
0.385388625 0.349750853 14.4569403 
0.763241 0.784564 9.46493 
0.792573 0.791316 8.88952 
0.768513 0.631169 9.27012 
0.848065 0.812278 8.14581 
0.858716 0.802068 8.07528 
0.8195 0.487922 9.70706 
0.76914 0.471036 10.0025 
0.830194 0.599964 9.95884 
0.779799 0.560752 10.1222 
0.768498 0.505297 9.68646 
0.436673 0.127168 17.2507 
0.830279 0.151669 15.068 
0.387307 2.56684e-05 15.9613 
0.53845056 0.255735733 19.1002068 
0.146251232 0.869938884 15.3654788 
0.739898799 0.688300749 16.541272 
0.00866869357 0.444606474 19.3494326 
0.98340038 0.893235426 23.452042 
0.932784311 0.620368241 15.9042168 
0.615917046 0.0138362115 19.9939224 
0.778142657 0.206455067 15.2544398 
0.381522966 0.317203833 16.5206796 
0.0549900971 0.949128303 21.4257995 
0.447899238 0.293550232 16.8616678 
0.759606072 0.829480886 17.4226433 
0.966983987 0.220752389 15.55513 
0.825950892 0.939489552 15.2495983 
0.636826566 0.534715111 16.1651784 
0.592762444 0.580199598 21.0929602 
0.34005369 0.567085123 22.9806128 
0.574290517 0.76441025 24.9429726 
0.237026871 0.824130804 19.1558855 
0.725824508 0.129413834 24.5053139 
0.356285705 0.166904082 14.1034448 
0.462084649 0.325291415 11.1261795 
0.873717602 0.736240797 15.0217426 
0.104470557 0.789782178 15.460383 
0.964800587 0.101300249 21.4235802 
0.40611151 0.897571249 22.10122 
0.646839884 0.0796809098 18.1627933 
0.547472111 0.644130448 15.2300454 
0.494749993 0.62883947 17.4536754 
0.815491974 0.704495271 12.0236428 
0.256776818 0.373952908 23.5530043 
0.371572664 0.602746736 14.9778731 
0.435215677 0.277402851 20.0253968 
0.0860579296 0.367700138 18.3770026 
0.521107213 0.659482536 13.0447152 
0.188359016 0.249414054 13.9251475 
0.802215438 0.636109368 15.5627302 
0.915109348 0.115400702 17.9080211 
0.852967018 0.0558769118 19.3333196 
0.0441938263 0.230925068 14.6504605 
0.694022264 0.525147666 25.2607933 
0.872786732 0.914399662 14.8883544 
0.362021526 0.553827452 17.0548373 
0.580464351 0.692221191 18.3575189 
0.930652985 0.141374657 19.189882 
0.90167839 0.0455264741 18.2167599 
0.399595991 0.854049119 14.6735492 
0.485935174 0.810265932 14.3905629 
0.311370312 0.474848638 15.366602 
0.55526778 0.546864579 13.7181821 
0.507181133 0.489549851 22.3311901 
0.758126798 0.177720434 20.0302489 
0.423985445 0.33416881 21.0425656 
0.20287355 0.353097989 22.3230676 
0.891622094 0.00908322127 16.6599532 
0.0179412096 0.800310338 18.914216 
0.125913982 0.588745426 22.8075271 
0.666411303 0.0643476276 26.6580797 
0.326396812 0.387413503 21.6471327 
0.989639735 0.0314614106 17.5864287 
0.783780842 0.391745339 18.2548672 
0.948481423 0.408546362 19.5333619 
0.161765495 0.959993245 20.052338 
0.630488761 0.669467894 18.1337303 
0.0699206813 0.980142001 20.0854524 
0.0574735627 0.434492963 17.9809714 
0.160146753 0.159944541 14.7805032 
0.274093126 0.0868400976 15.170173 
0.101352006 0.309949918 13.7661134 
0.023999744 0.27164894 21.5357505 
0.847292706 0.186283863 9.73627723 
0.307007217 0.71600652 24.6827951 
0.70211514 0.973233031 15.7747793 
0.135674404 0.455923291 18.88995 
0.689352252 0.87934913 17.5164928 
0.290703193 0.208404323 19.6209408 
0.719647038 0.752296243 17.919785 
0.835838292 0.775202798 20.9351855 
0.455688572 0.92316374 20.8096968 
0.286769495 0.996619771 20.0023061 
0.248277664 0.414648466 16.8157065 
0.172742259 0.494999402 18.0103732 
0.602082357 0.516886696 20.1756192 
0.218803653 0.848511821 17.8605672 
0.47554948 0.727572874 17.1021713 
0.674845219 0.111408018 18.9476489 
0.209091184 0.464244872 25.6506925 
0.769009 0.356861 10.0152 
0.845184 0.218597 9.36871 
0.736693 0.217434 9.36112 
0.756808 0.229612 9.53482 
0.670959 0.244436 9.72404 
0.79415 0.212592 9.8638 
0.844768 0.227155 8.95721 
0.847314 0.268358 8.30897 
0.831182 0.260145 8.0781 
0.830883 0.339685 8.3746 
0.463474 0.162821 14.7124 
0.795122 1.71654e-05 11.238 
0.764827 0.0492038 13.3053 
0.53313778 0.860909663 13.5605386 
0.292207395 0.281918626 22.77408 
0.836378463 0.117115286 14.3393691 
0.171684357 0.406467798 17.2236518 
0.962072876 0.614663586 17.5184309 
0.299079728 0.0714846985 16.1117243 
0.906231136 0.323231252 15.9787889 
0.48067237 0.470660262 17.2828677 
0.524842489 0.0247747147 26.4722529 
0.97321038 0.986643248 23.5080351 
0.799539107 0.348078956 12.4167025 
0.515067727 0.656726172 23.5430419 
0.381620146 0.273877385 20.3317637 
0.548702446 0.653195344 17.2961382 
0.581596669 0.88370936 15.8530941 
0.361219565 0.50049353 17.6190353 
0.133638324 0.150930584 14.6227707 
0.0171035458 0.961969852 20.9311727 
0.859535159 0.038943001 13.2196027 
0.865538258 0.835990699 15.2408653 
0.614858267 0.298549502 23.2017619 
0.621422549 0.566972603 19.5378324 
0.0742637512 0.382204235 18.9521557 
0.18715037 0.696894299 24.7849616 
0.0983979196 0.630320031 19.3687899 
0.765743469 0.998631669 14.4496716 
0.7534133 0.710893765 17.9310694 
0.422714332 0.725927766 17.8620123 
0.151542466 0.75240427 13.3993722 
0.0643026715 0.951091871 16.1124851 
0.431353362 0.760630363 17.8446097 
0.683501483 0.0117134208 22.0994349 
0.392741737 0.912864907 16.7177424 
0.820622812 0.0687688127 19.7269711 
0.784742886 0.11043097 16.2765029 
0.557913993 0.870912295 18.0248523 
0.0437005012 0.29909343 16.3687707 
0.63947749 0.738556053 19.0180819 
0.0052946715 0.688825172 13.3941042 
0.0330160239 0.516347355 19.0524754 
0.485702591 0.189954198 18.2139995 
0.443325807 0.637745555 23.7035972 
0.732282226 0.213125795 17.5054315 
0.461299824 0.814938494 18.3980165 
0.604273966 0.22943661 18.8651988 
0.125704642 0.455815731 21.5039958 
0.876455378 0.935748867 21.0851233 
0.220789133 0.846946745 18.1614303 
0.339773219 0.719148171 23.0374388 
0.321093263 0.53257211 16.2076459 
0.322717353 0.429516472 24.1884659 
0.0501759055 0.200434962 17.5513825 
0.0905408688 0.667079984 16.2503704 
0.910214064 0.475860802 13.2663494 
0.263949148 0.817373897 15.2946277 
0.249617235 0.172147385 21.3833316 
0.945324889 0.561975749 15.7684871 
0.179387464 0.0809098901 17.2508125 
0.706262049 0.149047706 19.1241619 
0.697375768 0.0570403836 22.4429541 
0.45412582 0.579537222 21.3636916 
0.282915134 0.523716263 16.5353191 
0.148585967 0.356697253 20.0897873 
0.66777604 0.130176401 12.1079366 
0.370499216 0.788537823 16.3994966 
0.930919536 0.930698666 16.0934903 
0.941798891 0.3145287 18.0549387 
0.494939473 0.335465892 14.0642152 
0.808154471 0.245300203 22.5771127 
0.241240241 0.1791239 17.4618868 
0.659111537 0.445634512 17.4330683 
0.744818688 0.588246908 19.4133804 
0.983147203 0.97412731 21.8729311 
0.264580578 0.100731693 16.9483637 
0.103916542 0.41759037 20.261326 
0.567406597 0.239467854 17.8098765 
0.721740014 0.00752530146 19.5068111 
0.413038274 0.261563931 15.2382965 
0.652199769 0.373055327 21.7307535 
0.888756201 0.79881026 14.1425749 
0.771173104 0.484487866 15.8189217 
0.348932393 0.892469175 18.3174989 
0.201579113 0.900720892 13.1973803 
0.840939008 0.546038004 20.1169803 
0.587021075 0.401091617 23.632812 
0.211338974 0.601950398 25.7153877 
0.995906484 0.77484505 16.4034438 
0.735041 0.352431 10.7102 
0.667847 0.484456 11.6653 
0.747886 0.150883 10.2485 
0.793331 0.185127 9.70901 
0.794209 0.182665 9.9005 
0.793384 0.145399 9.86202 
0.861516 0.162239 9.88991 
0.800695 0.117913 10.605 
0.796562 0.191253 9.47361 
0.747636 0.185354 9.71987 
0.718361 3.0673e-06 13.2365 
0.660523 0.150885 13.9791 
0.718516 0.149063 12.8218 
0.550813505 0.466083593 19.8594593 
0.438163559 0.693898367 20.1200388 
0.635634746 0.843110545 21.4499369 
0.4269459 0.135399884 19.4457515 
0.843120402 0.23421911 21.6189305 
0.891097966 0.114760354 15.5074645 
0.621132039 0.858303338 16.8011663 
0.237919054 0.382896715 16.8318067 
0.00259932064 0.757430261 13.9972917 
0.758711371 0.596398293 19.064243 
0.660590812 0.829191174 17.593193 
0.916408558 0.395535193 19.1315607 
0.24421624 0.187111858 14.7513313 
0.921164136 0.488530486 20.779788 
0.312688582 0.0607905713 26.1056491 
0.722620026 0.515386143 14.3158507 
0.746628937 0.546590066 19.4638343 
0.49238157 0.763706625 15.6686203 
0.57033934 0.312825215 18.5801419 
0.81806224 0.970494204 13.9535856 
0.675052276 0.285742996 19.7821181 
0.0994296043 0.862695746 15.597882 
0.784262053 0.0320351937 12.7008645 
0.175412727 0.99162781 13.8055035 
0.526797529 0.0857611562 16.0533075 
0.40394802 0.433667657 16.6735321 
0.135427526 0.348905373 20.7175367 
0.983887528 0.198697134 14.0533776 
0.267984154 0.42007449 22.8549513 
0.827797293 0.648469604 16.0472216 
0.595436782 0.0130190509 19.4140029 
0.581245471 0.364293597 21.2029622 
0.226724101 0.32656713 18.0104536 
0.528988833 0.139266277 19.8337614 
0.989584345 0.718644156 16.0457681 
0.0388280725 0.0975669347 14.8942881 
0.859118231 0.40738294 15.7175996 
0.688802145 0.789950125 16.3591318 
0.109498915 0.29618653 19.7399244 
0.647892983 0.953419341 19.6391979 
0.328291481 0.00708447448 20.6314916 
0.0846979423 0.263859348 19.1762294 
0.21532958 0.740590362 17.77323 
0.87484551 0.983460369 18.8815658 
0.0159717038 0.633373794 21.3965028 
0.506337644 0.930994122 19.6082855 
0.727005872 0.529825557 18.0188499 
0.353508203 0.87411979 19.1088472 
0.388519419 0.57009998 16.7605007 
0.255127107 0.15744165 18.9524463 
0.0476881305 0.251554634 14.2850833 
0.369319928 0.893456724 14.1108662 
0.973276593 0.79627671 17.3064412 
0.502886454 0.223812663 20.7472228 
0.402244598 0.671037361 24.0432331 
0.960173038 0.660050035 13.7543601 
0.0618822093 0.911558224 18.4510551 
0.869144895 0.702462935 23.6356848 
0.616066344 0.334651848 19.6670227 
0.0767564958 0.0447148498 21.6306245 
0.304631788 0.825999983 15.9605994 
0.450104701 0.579719952 16.9509223 
0.555466924 0.726069535 17.164644 
0.343717481 0.457359499 12.9994283 
0.0234404994 0.906189694 14.6007662 
0.808671034 0.610759837 24.3144309 
0.898306825 0.955729049 19.3528283 
0.603987355 0.60258973 14.8641529 
0.480954077 0.123567066 22.594601 
0.27680771 0.815834689 14.6022434 
0.932486221 0.773171532 16.8456551 
0.156431493 0.308401012 21.1891814 
0.459812698 0.273336334 22.2485398 
0.288172014 0.440507695 21.3192138 
0.706874524 0.519949743 19.4122248 
0.776475655 0.931324487 17.3346557 
0.125758221 0.076892962 16.8507912 
0.204198586 0.0505197536 18.7648027 
0.359458647 0.6290964 19.0169935 
0.193276741 0.217163044 12.5580522 
0.165952964 0.679857243 18.6044617 
0.946591629 0.171697145 19.5701532 
0.800119032 0.480104886 25.0205021 
0.415935733 0.373755129 25.6664356 
0.757949455 0.173170086 15.9307544 
0.145531166 0.561133853 17.8339669 
0.690693437 0.500131089 16.7211239 
0.324723 0.505282 12.2675 
0.416011 0.36534 11.0634 
0.416018 0.336242 10.8218 
0.536504 0.30427 10.7914 
0.437863 0.251528 10.7294 
0.418298 0.31235 10.8331 
0.492387 0.343871 11.5011 
0.38262 0.251604 10.5656 
0.418903 0.283302 10.3239 
0.410647 0.23429 10.5027 
0.511477 0.167648 15.9212 
0.687494 0.0613585 13.31 
0.252016 0.187271 14.9837 
0.556994978 0.0712575235 15.4167948 
0.595613975 0.105878109 20.1991814 
0.100744099 0.92626257 10.5750174 
0.137797624 0.884040986 17.4384358 
0.91941787 0.0805084131 12.5245391 
0.0431648149 0.985211865 12.96863 
0.535992414 0.942021332 18.4995793 
0.182732428 0.00517784495 13.0381544 
0.12139181 0.199468093 17.6345073 
0.847734601 0.167339305 18.7244379 
0.328391487 0.788528351 18.6803782 
0.67723551 0.851758649 16.4167658 
0.771985965 0.822607204 19.2747272 
0.997793808 0.0134758285 24.4059499 
0.607403748 0.227481125 17.9515027 
0.171242683 0.58621059 16.8648596 
0.138950698 0.955467779 22.075552 
0.434945051 0.571258699 22.2065621 
0.232805266 0.321956157 19.8810622 
0.748774473 0.775581623 15.7472076 
0.066735323 0.99797834 24.7298474 
0.619008853 0.319891527 15.6429479 
0.285880919 0.654685001 17.8249188 
0.547565947 0.897549418 22.1663925 
0.9392843 0.297166609 12.4664876 
0.342373956 0.280498197 20.7658154 
0.157553707 0.455254064 20.5420994 
0.253994001 0.69984389 18.3373072 
0.0210990659 0.241789775 22.573049 
0.712168434 0.0954849517 20.7611263 
0.487346867 0.969961244 18.7876464 
0.110990138 0.0537199694 17.7382147 
0.438529568 0.195113606 16.3470574 
0.890214123 0.612410724 16.1483578 
0.622435601 0.256775167 24.5159745 
0.415303535 0.908947252 20.9058885 
0.218099769 0.443282099 16.4793783 
0.95118866 0.847107261 17.1805962 
0.815730453 0.410620642 20.7292955 
0.853929827 0.559545409 15.0941775 
0.787402101 0.574714785 14.7975591 
0.0255718974 0.832859358 20.2287032 
0.0468917957 0.607364428 17.256716 
0.299529583 0.81400105 15.9143823 
0.243109338 0.659974289 14.6641535 
0.652574951 0.532512132 19.2387433 
0.573806484 0.496462272 21.7493262 
0.20480704 0.0422409654 19.1333742 
0.877723838 0.735711245 12.5673172 
0.682242581 0.399992923 16.708102 
0.368025092 0.350007881 21.6113226 
0.972216614 0.373716698 16.0160445 
0.222734815 0.549306683 16.2207983 
0.358250992 0.471017906 19.9174366 
0.528342455 0.702884561 22.6907004 
0.579561413 0.750345107 20.1967816 
0.501361314 0.0252378609 19.7281028 
0.659043932 0.238852416 17.3252552 
0.833226972 0.628885919 14.0534981 
0.731901927 0.117414385 22.0478433 
0.076458318 0.431047972 22.5558706 
0.451762999 0.872329512 18.891459 
0.803706826 0.212748224 19.2494712 
0.8247538 0.344157883 23.2436762 
0.480899808 0.488014318 17.2187845 
0.866933812 0.415768795 17.8241623 
0.346179823 0.137965884 18.9823818 
0.510285162 0.887551978 15.9629292 
0.271325925 0.27494489 20.7342544 
0.0088734274 0.520239559 20.7019306 
0.925652242 0.480152024 20.9644813 
0.746676653 0.765276518 17.7334323 
0.637660673 0.172902661 19.2466259 
0.403141981 0.1604804 20.7924544 
0.0916471334 0.299771844 21.7697404 
0.898273735 0.733963903 16.0653616 
0.293432883 0.130816452 16.9211568 
0.986835065 0.63416569 14.8120795 
0.39974601 0.687239833 20.0188638 
0.719364008 0.0583687211 16.3707252 
0.386673002 0.385835309 16.3035633 
0.186530969 0.67812465 21.8967647 
0.462346693 0.36292648 24.1594865 
0.955977583 0.715365747 15.5242872 
0.767117393 0.793429974 14.0855638 
0.700939123 0.51259014 12.0354917 
0.320181028 0.94293206 14.7239852 
0.183066 0.705744 10.7456 
0.396362 0.818444 10.4335 
0.702917 0.65622 10.9085 
0.361418 0.811996 9.90789 
0.318282 0.798247 9.85192 
0.231673 0.482475 11.5357 
0.183051 0.634167 12.0488 
0.820321 0.552461 11.7174 
0.605678 0.581178 11.5533 
0.754167 0.533029 10.9301 
0.430065 0.0939083 16.4173 
0.209383 0.0547256 15.9748 
0.422156 0.0328125 14.2545 
0.563176451 0.676431454 19.3893999 
0.741570138 0.529352103 18.9863977 
0.542864947 0.00941459444 18.9497624 
0.84367585 0.420779578 21.3345782 
0.113690405 0.135830629 25.1890545 
0.0391083785 0.625702591 13.5306082 
0.664987034 0.0256898113 23.1505391 
0.356617924 0.939867831 14.570312 
0.690946793 0.615318809 16.2627022 
0.647008788 0.0697512837 18.3310474 
0.950129077 0.283022973 23.7003057 
0.126069436 0.868187618 20.8801418 
0.924699875 0.472916 13.1375573 
0.878472031 0.70509811 17.8609796 
0.427401231 0.930692108 23.7090569 
0.994047707 0.495123006 20.7615309 
0.617159341 0.175800875 24.5670353 
0.00351946605 0.187351218 25.5473995 
0.451284825 0.725990229 20.9883679 
0.231196606 0.752593043 23.2483893 
0.670137267 0.742508487 13.4220591 
0.892211317 0.0950233792 16.015207 
0.0279226143 0.696341758 20.2616436 
0.492861579 0.642674615 21.2949513 
0.511250908 0.680651913 13.0938717 
0.403415731 0.109390865 13.948205 
0.820394803 0.65775077 15.726863 
0.723946666 0.32828771 16.9535062 
0.705441988 0.56311535 14.4786653 
0.416623164 0.145162373 15.6053298 
0.597241133 0.365948059 22.9380096 
0.909066987 0.592802224 14.3390889 
0.763235059 0.163422826 16.5119743 
0.311492179 0.544768134 18.0818466 
0.288792 0.257323517 19.4320514 
0.603828129 0.822250385 16.6001074 
0.0498733944 0.349548004 12.848998 
0.732836496 0.120719873 14.229081 
0.149245762 0.78264423 15.681657 
0.470318511 0.956075106 20.1407831 
0.800361796 0.224291507 15.3609499 
0.834547893 0.445886781 13.1781615 
0.519662978 0.874363566 21.1858071 
0.905547408 0.567783548 13.0601381 
0.566638961 0.342925557 14.5920655 
0.157324483 0.265374337 23.1460432 
0.627850516 0.0143195595 21.1601697 
0.19809325 0.296429988 16.0214606 
0.370044456 0.85810416 15.6173711 
0.267528568 0.582776125 19.2232577 
0.779809312 0.908390103 16.0799118 
0.243453316 0.377883987 18.5300016 
0.533840975 0.0613983688 26.6005588 
0.642522344 0.951345287 15.514656 
0.332612984 0.204414315 21.5584492 
0.399770328 0.776103371 17.0067973 
0.186992915 0.718776879 19.0834272 
0.788221225 0.0858073677 21.6375345 
0.387730418 0.89984882 22.2812157 
0.867816075 0.461636661 15.4835568 
0.307394801 0.886525951 14.5744937 
0.935125143 0.398593848 15.8201652 
0.349961238 0.842602606 19.3369746 
0.222008213 0.41118061 19.3293272 
0.444096892 0.312731487 20.2901347 
0.581243152 0.973650108 14.9939085 
0.0972655834 0.607701809 14.9215018 
0.258856559 0.380008652 20.2939335 
0.128370626 0.237549182 19.7956048 
0.959346553 0.991310153 21.1417377 
0.0877774976 0.0532591362 15.8309922 
0.27837711 0.509244975 24.2250461 
0.805404547 0.429750515 10.8266046 
0.988010787 0.30920497 18.0812354 
0.0183498457 0.526098286 19.1287205 
0.749768011 0.837908057 10.5209456 
0.207666199 0.651467864 19.7226044 
0.0576408306 0.449249794 19.059436 
0.856087368 0.809539732 14.8128022 
0.175051592 0.0441807694 10.5254079 
0.499059477 0.981667648 20.356529 
0.680032376 0.492576353 23.3148057 
0.47676757 0.213364435 21.6784651 
0.338892413 0.251062358 22.7168968 
0.0797020118 0.798094576 20.8218034 
0.172117683 0.158600857 19.0045836 
0.973032091 0.759563798 17.2047661 
0.682217 0.504244 11.1792 
0.342682 0.19598 11.1122 
0.762478 0.749311 10.9009 
0.18643 0.325219 10.8772 
0.603522 0.469911 12.1383 
0.228856 0.0510321 10.9801 
0.33113 0.162305 10.6705 
0.167879 0.157829 9.81135 
0.184054 0.171632 8.85929 
0.214758 0.190685 8.49457 
0.309894 0.14515 13.4538 
0.319903 0.0817226 11.8736 
0.226562 0.105455 11.6114 
