0.448334545 0.809170362 16.3165003 
0.798163003 0.127638451 14.5092713 
0.657362898 0.951426782 17.7753815 
0.609787649 0.989596301 20.7376585 
0.760852419 0.256202659 22.3518012 
0.421293634 0.339278275 21.1303425 
0.734436242 0.286752114 23.8863537 
0.981866334 0.786578096 17.9009508 
0.239733976 0.174702976 14.6407852 
0.0111349653 0.648091122 17.1271386 
0.322619342 0.9059829 15.5548045 
0.299607364 0.583507112 20.7921544 
0.406802547 0.354262406 25.7134039 
0.349222646 0.50464318 20.444675 
0.648386282 0.470646126 16.1803595 
0.573631505 0.146747768 20.937365 
0.0221524654 0.535713325 15.9824969 
0.473874398 0.405223791 21.3583254 
0.522483156 0.571801282 18.5979842 
0.812749489 0.609711179 17.0903837 
0.337333052 0.419336922 19.6292926 
0.54468647 0.451268177 20.9149746 
0.372583525 0.982748216 13.0554446 
0.900839551 0.696034425 15.8370511 
0.0844920468 0.0233856934 14.7061705 
0.383525318 0.16120303 22.7093064 
0.877471562 0.600329761 18.9332697 
0.786368854 0.911648 21.6068565 
0.774990703 0.379631065 22.8664104 
0.677182138 0.820929945 9.4889758 
0.859523628 0.189482738 21.4696447 
0.391359373 0.205791471 15.5663955 
0.991462341 0.151589264 24.3021975 
0.0402184439 0.777000497 17.1215075 
0.105355804 0.0513812799 15.6619624 
0.188861652 0.211966356 12.4196613 
0.0955309137 0.556174933 22.0471915 
0.289000442 0.894485614 21.6504152 
0.253978651 0.866542401 19.3247403 
0.709361973 0.58672164 18.0232214 
0.177275111 0.00313443732 14.2784537 
0.829488674 0.794314451 15.2850032 
0.363733865 0.921323735 19.2650196 
0.74836235 0.069942603 17.1697919 
0.312138121 0.441704817 16.3098167 
0.0556550499 0.310929109 17.2814851 
0.604755253 0.636312925 21.8110677 
0.621935361 0.47826816 18.2739145 
0.696452598 0.103460917 17.3885181 
0.252316126 0.934028206 19.586307 
0.28153806 0.487948621 16.8832531 
0.126519137 0.0436566781 17.6894832 
0.0248411704 0.527968576 20.2666464 
0.496650235 0.436127477 23.8444366 
0.969908997 0.658156962 11.3244102 
0.160380708 0.270877671 21.2636807 
0.680205414 0.624959222 20.832101 
0.949465097 0.239157652 15.6893568 
0.532774917 0.731239993 17.9290214 
0.148214658 0.843821036 15.0619346 
0.273089287 0.229095303 16.5108513 
0.0609350382 0.764784539 15.0613517 
0.574964077 0.310277306 14.9980737 
0.923177732 0.244924849 18.0967321 
0.484516404 0.954096674 22.4739235 
0.867976571 0.0991486226 13.6482003 
0.839716048 0.358671193 13.7532404 
0.55468819 0.0682839146 17.65681 
0.735879604 0.754040617 21.8211694 
0.935190454 0.0138874652 20.4107457 
0.514106304 0.288636969 20.2723892 
0.437618241 0.329416983 22.036729 
0.825216335 0.509440501 16.8315664 
0.594264615 0.679851664 17.2119143 
0.466690392 0.121948717 21.292124 
0.171853537 0.0905626196 19.8747206 
0.206318435 0.676177228 16.0448397 
0.914753123 0.400003511 17.4183077 
0.885746499 0.965906537 11.2683417 
0.0724598614 0.376870454 22.7723082 
0.720589616 0.738415361 14.1093542 
0.963326824 0.70569447 17.9574782 
0.634995079 0.546681534 23.2524535 
0.223229557 0.87731025 17.374735 
0.211958101 0.83290271 18.7160222 
0.429363588 0.718151198 18.4288134 
0.125367617 0.860309654 17.9494968 
0.798874 0.767788 9.28258 
0.750521 0.751117 9.60418 
0.697783 0.820927 9.73078 
0.862026 0.727063 9.37975 
0.797657 0.728824 9.83322 
0.849208 0.613279 10.5419 
0.799394 0.444907 9.89035 
0.783936 0.48038 9.69517 
0.7227 0.445529 9.79531 
0.763032 0.459307 10.8423 
0.184356 0.0256157 14.4082 
0.753982 0.10958 16.1332 
0.331524 0.0855031 13.6682 
0.425231 0.135652 16.8737 
0.268476 0.0561808 15.3034 
0.168281 0.00669567 15.6108 
0.176916 1.10918e-05 16.2478 
0.187443 7.74991e-05 16.2705 
0.106286 0.00341413 14.5695 
0.17963 0.032008 15.3337 
0.0875373 0.028982 15.2059 
0.121426 0.0315861 16.0519 
0.103207 0.0233161 14.4622 
0.0831168 1.5103e-05 14.8072 
0.146431 3.19576e-05 14.3268 
0.175585 0.2119 12.1242 
0.146335 0.152946 11.8597 
0.144292 0.216571 12.6827 
0.14431 0.163223 12.4531 
0.209468 0.156946 11.1873 
0.486673 0.657933 10.7177 
0.596268 0.456741 11.0061 
0.483769 0.821108 10.1634 
0.490877 0.255253 9.70006 
0.385115 0.255326 9.47943 
0.0626148 0.626302 16.8349 
0.000177221 0.53153 20.5325 
0.171788 0.221143 13.5313 
0.115259 0.211668 12.5044 
0.0265833 0.22509 12.0771 
1.22997e-06 0.109003 15.7567 
2.04272e-05 0.186442 14.9957 
0.0574473 0.153028 15.1772 
1.02459e-05 0.0191499 14.2776 
0.0156234 0.0652173 14.1029 
6.42459e-05 0.380431 16.11 
2.85034e-05 0.535776 15.6699 
3.41585e-05 0.53885 14.9575 
0.000102231 0.309663 14.8177 
1.48898e-06 0.325244 18.6548 
4.27962e-06 1.56316e-05 14.4453 
1.22876e-05 0.0191389 14.9743 
0.00868765 0.00955974 14.0849 
0.00546548 1.75274e-05 14.42 
4.97165e-06 6.41997e-05 14.8376 
0.0822121 0.205416 12.3186 
0.0957792 0.137794 11.7143 
0.0954816 0.107762 12.5549 
0.0782693 0.18493 11.925 
0.0556616 0.137366 11.3329 
0.295756 0.24421 8.62346 
0.26797 0.251054 7.94294 
0.25141 0.277124 7.88895 
0.229312 0.277333 7.38372 
0.203693 0.322329 7.64399 
0.230867 0.186451 7.89534 
0.245739 0.201408 8.24435 
0.239373 0.168159 7.82992 
0.239286 0.167761 8.17523 
0.266601 0.172857 7.98876 
0.103983 0.00342328 14.2546 
3.7191e-05 9.43343e-06 13.955 
8.17339e-06 1.36987e-05 13.3798 
0.00529502 7.96597e-07 13.7648 
1.16636e-05 2.0355e-05 12.0637 
0.158402 3.10136e-07 13.1049 
0.229941 2.29044e-07 15.0456 
0.107603 1.61791e-06 12.7444 
0.239049 7.47718e-07 13.4669 
0.115379 7.14759e-05 13.1247 
0.241899 0.0641053 9.46504 
0.239336 2.07385e-05 9.16359 
0.228404 0.00106784 9.74569 
0.239295 1.59623e-05 8.37853 
0.0993808 2.07893e-06 8.48414 
0.22926 0.289136 6.66243 
0.193902 0.289182 6.3028 
0.179437 0.251664 5.87376 
0.178202 0.22474 5.82372 
0.17843 0.225275 5.32669 
0.137166 0.245684 5.30481 
0.124917 0.257829 5.64548 
0.159322 0.209545 5.40911 
0.191595 0.238067 5.25495 
0.158748 0.226757 5.41107 
0.201549 0.137767 5.3383 
0.202742 0.229725 5.19341 
0.199209 0.199244 5.24669 
0.260591 0.223083 5.1727 
0.241021 0.215435 5.20262 
0.219428 1.55967e-05 6.0465 
0.20113 8.06184e-06 6.11302 
0.259694 3.35471e-05 7.15318 
0.186121 0.0118882 7.02328 
0.20922 0.0246922 6.15477 
0.1563 1.5804e-07 9.80918 
0.105311 8.34056e-06 10.0705 
0.145992 7.47718e-07 9.24603 
0.176431 2.50746e-07 7.78493 
0.149559 2.23496e-05 12.8977 
4.77355e-07 9.72748e-06 12.0596 
2.41594e-05 3.57232e-06 11.4207 
9.20995e-06 1.03051e-05 12.8121 
1.06749e-05 9.9647e-06 11.7932 
6.80591e-06 2.1307e-07 12.2862 
0.151617 0.157652 5.71276 
0.139284 0.0870741 5.89049 
0.152119 0.0293643 6.00106 
0.141738 0.0520883 5.92769 
0.142396 0.116997 5.77551 
0.219132 0.244235 5.17162 
0.224148 0.24834 5.26852 
0.214822 0.222175 5.17854 
0.21588 0.245869 5.19136 
0.200346 0.218874 5.21114 
1.61203e-05 0.247068 5.82627 
3.373e-05 0.261025 6.9472 
0.00766544 0.245572 6.47737 
0.0192474 0.131384 6.06268 
2.58782e-06 0.284975 6.41438 
0.018607 1.61425e-05 11.7648 
6.7765e-06 0.00709464 12.8283 
4.74095e-06 1.90334e-05 11.5706 
7.90104e-06 5.89018e-06 13.2979 
6.63029e-06 4.29885e-05 11.442 
2.06571e-05 0.211849 9.66291 
1.42342e-05 0.130219 12.3554 
8.82417e-06 0.557897 18.8638 
1.14864e-05 0.529998 17.1005 
9.48563e-07 0.0703216 9.66638 
6.96736e-06 8.67636e-06 12.1883 
6.96736e-06 6.32504e-05 11.2106 
1.02299e-05 1.59067e-05 12.0691 
6.29548e-07 8.51927e-06 13.7937 
9.70911e-07 2.30244e-06 12.5151 
0.0340873 0.257182 6.08315 
3.25508e-05 0.286392 5.92321 
0.0255036 0.225682 6.17227 
1.08323e-05 0.302612 5.9091 
0.0190689 0.282334 5.80789 
0.214441 0.240015 5.26237 
0.218836 0.234688 5.2512 
0.219625 0.223143 5.26249 
0.223653 0.242267 5.17801 
0.211043 0.243149 5.18654 
0.0594005 0.107807 6.35227 
0.0522029 0.156824 5.84389 
0.00809192 0.157587 6.02458 
0.0375695 0.00311334 6.03227 
0.0322979 0.00660624 6.67529 
4.68263e-05 1.40398e-06 11.986 
6.73776e-08 7.37233e-07 11.643 
3.84389e-05 1.07784e-05 14.5572 
