0.563176451 0.676431454 19.3893999 
0.741570138 0.529352103 18.9863977 
0.542864947 0.00941459444 18.9497624 
0.84367585 0.420779578 21.3345782 
0.113690405 0.135830629 25.1890545 
0.0391083785 0.625702591 13.5306082 
0.664987034 0.0256898113 23.1505391 
0.356617924 0.939867831 14.570312 
0.690946793 0.615318809 16.2627022 
0.647008788 0.0697512837 18.3310474 
0.950129077 0.283022973 23.7003057 
0.126069436 0.868187618 20.8801418 
0.924699875 0.472916 13.1375573 
0.878472031 0.70509811 17.8609796 
0.427401231 0.930692108 23.7090569 
0.994047707 0.495123006 20.7615309 
0.617159341 0.175800875 24.5670353 
0.00351946605 0.187351218 25.5473995 
0.451284825 0.725990229 20.9883679 
0.231196606 0.752593043 23.2483893 
0.670137267 0.742508487 13.4220591 
0.892211317 0.0950233792 16.015207 
0.0279226143 0.696341758 20.2616436 
0.492861579 0.642674615 21.2949513 
0.511250908 0.680651913 13.0938717 
0.403415731 0.109390865 13.948205 
0.820394803 0.65775077 15.726863 
0.723946666 0.32828771 16.9535062 
0.705441988 0.56311535 14.4786653 
0.416623164 0.145162373 15.6053298 
0.597241133 0.365948059 22.9380096 
0.909066987 0.592802224 14.3390889 
0.763235059 0.163422826 16.5119743 
0.311492179 0.544768134 18.0818466 
0.288792 0.257323517 19.4320514 
0.603828129 0.822250385 16.6001074 
0.0498733944 0.349548004 12.848998 
0.732836496 0.120719873 14.229081 
0.149245762 0.78264423 15.681657 
0.470318511 0.956075106 20.1407831 
0.800361796 0.224291507 15.3609499 
0.834547893 0.445886781 13.1781615 
0.519662978 0.874363566 21.1858071 
0.905547408 0.567783548 13.0601381 
0.566638961 0.342925557 14.5920655 
0.157324483 0.265374337 23.1460432 
0.627850516 0.0143195595 21.1601697 
0.19809325 0.296429988 16.0214606 
0.370044456 0.85810416 15.6173711 
0.267528568 0.582776125 19.2232577 
0.779809312 0.908390103 16.0799118 
0.243453316 0.377883987 18.5300016 
0.533840975 0.0613983688 26.6005588 
0.642522344 0.951345287 15.514656 
0.332612984 0.204414315 21.5584492 
0.399770328 0.776103371 17.0067973 
0.186992915 0.718776879 19.0834272 
0.788221225 0.0858073677 21.6375345 
0.387730418 0.89984882 22.2812157 
0.867816075 0.461636661 15.4835568 
0.307394801 0.886525951 14.5744937 
0.935125143 0.398593848 15.8201652 
0.349961238 0.842602606 19.3369746 
0.222008213 0.41118061 19.3293272 
0.444096892 0.312731487 20.2901347 
0.581243152 0.973650108 14.9939085 
0.0972655834 0.607701809 14.9215018 
0.258856559 0.380008652 20.2939335 
0.128370626 0.237549182 19.7956048 
0.959346553 0.991310153 21.1417377 
0.0877774976 0.0532591362 15.8309922 
0.27837711 0.509244975 24.2250461 
0.805404547 0.429750515 10.8266046 
0.988010787 0.30920497 18.0812354 
0.0183498457 0.526098286 19.1287205 
0.749768011 0.837908057 10.5209456 
0.207666199 0.651467864 19.7226044 
0.0576408306 0.449249794 19.059436 
0.856087368 0.809539732 14.8128022 
0.175051592 0.0441807694 10.5254079 
0.499059477 0.981667648 20.356529 
0.680032376 0.492576353 23.3148057 
0.47676757 0.213364435 21.6784651 
0.338892413 0.251062358 22.7168968 
0.0797020118 0.798094576 20.8218034 
0.172117683 0.158600857 19.0045836 
0.973032091 0.759563798 17.2047661 
0.682217 0.504244 11.1792 
0.342682 0.19598 11.1122 
0.762478 0.749311 10.9009 
0.18643 0.325219 10.8772 
0.603522 0.469911 12.1383 
0.228856 0.0510321 10.9801 
0.33113 0.162305 10.6705 
0.167879 0.157829 9.81135 
0.184054 0.171632 8.85929 
0.214758 0.190685 8.49457 
0.309894 0.14515 13.4538 
0.319903 0.0817226 11.8736 
0.226562 0.105455 11.6114 
0.257809 0.0766098 9.87213 
0.232578 0.0272606 9.2787 
0.617443 1.91291e-05 20.2109 
0.585263 8.34056e-05 21.4756 
0.644708 0.0550229 18.4589 
0.593722 0.0313341 21.6327 
0.460339 0.0087565 17.3079 
0.116089 0.0532821 18.2917 
0.134648 0.0441402 16.0394 
0.120575 0.0761553 17.2705 
0.106688 0.0222051 16.9858 
0.0962871 0.0597405 16.9579 
0.178661 0.163719 8.89758 
0.175321 0.14151 9.33546 
0.209829 0.18891 9.58558 
0.214769 0.129464 8.56112 
0.217891 0.133994 8.8745 
0.251923 0.157867 8.12424 
0.236088 0.161161 7.18086 
0.21058 0.152011 6.88702 
0.186698 0.14925 6.3604 
0.197789 0.173269 5.87244 
0.00824016 0.153642 10.6053 
0.0997529 0.10989 8.64005 
0.082423 0.135228 8.70584 
0.0658152 0.129484 8.56319 
0.0958109 0.233378 10.0569 
3.36079e-05 0.129538 9.53473 
1.01502e-05 0.105466 8.79908 
0.0169427 0.0529578 9.19741 
4.51263e-06 0.0553998 10.558 
0.010158 0.043935 9.82261 
6.10884e-06 0.428611 16.1085 
0.0001042 0.397879 15.3011 
8.39418e-06 0.527482 14.3434 
9.35823e-06 0.180167 11.1941 
1.81437e-05 0.395388 15.6015 
4.47071e-06 0.0416111 9.31217 
9.90197e-06 0.00403249 10.2416 
2.34645e-06 2.1173e-05 9.87665 
2.12278e-06 3.97184e-05 10.7308 
1.05105e-06 3.42112e-05 9.49057 
0.0570761 0.115364 7.90268 
0.043583 0.101893 8.11028 
0.0784756 0.0982454 8.38081 
0.0756943 0.105878 7.42659 
0.00181796 0.148075 6.92203 
0.182355 0.174563 5.82722 
0.201426 0.210123 5.65707 
0.210191 0.185727 5.86996 
0.198291 0.234162 5.25013 
0.140058 0.295354 5.3295 
0.207178 0.0727793 6.10853 
0.130021 0.0182976 6.34155 
0.18001 0.126274 5.80319 
0.155167 0.139858 6.00131 
0.172777 0.096234 6.29337 
0.00486575 9.38297e-06 11.0796 
7.73588e-06 1.95974e-05 10.0534 
0.015176 3.9758e-06 10.7081 
9.27852e-06 4.49562e-06 10.9176 
0.0003348 1.86245e-06 11.4818 
0.400616 9.07692e-06 16.0928 
0.137052 2.93874e-05 13.4325 
0.126635 2.07472e-05 10.17 
0.460402 2.20871e-05 17.6509 
0.180928 9.49779e-05 7.93633 
0.173684 0.0683386 6.58705 
0.206932 0.00637054 6.61895 
0.169365 0.0258563 6.24222 
0.193906 3.51799e-05 6.25119 
0.164907 0.0591394 6.72895 
0.20229 0.260619 5.24581 
0.233638 0.249045 5.18152 
0.179012 0.248789 5.24479 
0.217776 0.242284 5.34439 
0.232792 0.205904 5.18069 
0.211172 0.208922 5.24018 
0.229334 0.237851 5.20382 
0.244133 0.266469 5.19241 
0.236018 0.223659 5.16769 
0.232481 0.279174 5.19866 
0.097973 0.221345 5.41166 
0.25266 0.21714 5.18421 
0.248634 0.194041 5.19595 
0.241751 0.200272 5.2073 
0.241849 0.209987 5.28418 
0.16884 0.0257381 6.78307 
0.210509 3.20578e-05 5.64259 
0.32722 2.44553e-06 6.32103 
0.279946 0.0326952 5.6225 
0.348372 3.82918e-05 5.80972 
0.596501 2.15982e-05 18.5382 
0.161095 6.61947e-06 12.8991 
0.10657 9.56866e-06 8.26653 
0.210527 5.06962e-06 12.8566 
0.194347 3.23233e-05 9.08593 
8.12738e-07 1.58583e-05 10.1807 
8.12738e-07 2.28693e-05 10.1729 
8.4017e-08 5.82116e-06 10.4432 
3.67306e-07 1.59998e-05 9.8556 
4.30773e-07 7.39808e-07 9.77671 
0.0921216 1.14974e-05 6.17724 
0.183111 0.0311718 5.9283 
0.097909 0.126922 5.98151 
0.0852069 0.164319 5.92605 
0.184866 0.126096 5.79677 
0.232119 0.272359 5.39889 
0.221404 0.257013 5.1713 
0.221425 0.270269 5.17516 
0.226402 0.252999 5.15566 
0.219975 0.229527 5.16902 
8.23732e-05 0.174338 5.69172 
3.01865e-05 0.0456773 5.98616 
0.0415957 0.213576 6.1523 
0.0622501 0.156198 5.70605 
1.30721e-05 0.183719 5.92912 
4.34673e-06 7.67897e-06 10.0324 
8.12738e-07 0.00360934 9.50542 
6.56535e-07 1.37239e-06 11.0915 
6.22957e-06 0.00463389 10.6325 
1.14184e-06 8.21385e-06 8.66244 
4.30773e-07 0.0237963 7.98241 
1.90122e-06 0.36003 13.6458 
4.53089e-05 0.430916 12.2553 
1.45705e-05 0.37516 15.3679 
0.00823865 0.445588 22.2213 
1.53439e-05 5.52812e-05 9.84738 
8.4017e-08 4.75467e-05 8.33768 
6.56535e-07 0.00240559 9.84278 
9.42102e-07 4.62564e-06 9.93161 
1.26638e-06 2.03028e-05 10.7026 
5.55984e-05 0.228159 5.76725 
1.72304e-05 0.21712 6.19905 
0.0243576 0.184921 5.76354 
3.40064e-05 0.169557 6.11887 
0.0121898 0.196585 5.72521 
0.225136 0.263508 5.23771 
0.227542 0.262633 5.19811 
0.225666 0.261694 5.31931 
0.22603 0.243373 5.16746 
0.226164 0.253205 5.19261 
0.0257103 0.143081 5.83385 
0.0106244 0.159121 5.80038 
0.054931 0.00800239 6.04346 
0.0422811 0.174816 5.72534 
0.0616633 0.172123 5.62201 
3.02906e-06 7.39808e-07 8.52139 
3.02906e-06 7.45023e-07 8.90212 
3.13301e-05 0.000174645 9.12555 
