0.99890025 0.836707287 
0.995869565 0.829499489 
0.976009738 0.894201712 
0.911393738 0.190641714 
0.939260284 0.484263488 
0.689421168 0.99932273 
0.986014062 0.956186916 
0.964833799 0.262077751 
0.959651358 0.976874866 
0.922071726 0.999397894 
0.977944726 0.806689919 
0.984440465 0.66384866 
0.107499985 0.994602702 
0.999834947 0.789699529 
0.850647468 0.999982193 
0.997730427 0.998065252 
0.038692992 0.961153015 
0.999984977 0.830751291 
0.587308277 0.999823039 
0.732644436 0.999950441 
0.983479268 0.0149171046 
0.980923 0.000474264 
0.969756 0.0166527 
0.977375 0.0125441 
0.975269 0.00632994 
0.964505 0.0384764 
0.991576 0.0396106 
0.939728 0.14461 
0.906934 0.224792 
0.935565 0.117448 
0.960661 0.170722 
0.892573 0.267095 
0.860888 0.374125 
0.845243 0.37978 
0.83709 0.378188 
0.850673 0.356062 
0.813018 0.42864 
0.752848 0.499631 
0.712323 0.545482 
0.689913 0.570611 
0.711683 0.544082 
0.694061 0.568714 
0.577902 0.682839 
0.435649 0.797139 
0.520191 0.734759 
0.556626 0.701989 
0.560931 0.699279 
0.271194 0.890122 
0.164292 0.951795 
0.331523 0.845673 
0.376267 0.824536 
0.350879 0.841143 
0.0475517 0.970148 
0.13436 0.928039 
0.0740385 0.956632 
0.192987 0.976354 
0.0722693 0.950707 
0.0124311 0.985744 
0.0567548 0.9644 
0.0367776 0.972629 
0.0922763 0.990367 
0.00713185 0.974635 
6.63465e-06 0.981813 
0.00250848 0.984688 
0.00122014 0.98096 
0.000847417 0.98169 
0.000184745 0.980668 
0.0324254 0.965913 
0.0214947 0.9723 
0.0127686 0.971901 
0.0218476 0.968548 
0.0364599 0.964061 
0.158832 0.928763 
0.108571 0.948574 
0.206195 0.912988 
0.323456 0.986704 
0.0982734 0.94105 
0.120202 0.989874 
0.374049 0.825153 
0.368872 0.828743 
0.382132 0.821367 
0.384962 0.820041 
0.569968 0.691977 
0.55392 0.70455 
0.562419 0.697677 
0.547029 0.709389 
0.554106 0.704225 
0.703214 0.556152 
0.701155 0.558556 
0.698993 0.560889 
0.699984 0.559778 
0.894246 0.319416 
0.961002 0.146706 
0.834233 0.39141 
0.848632 0.34581 
0.835487 0.385432 
0.932974 0.139202 
0.950412 0.071525 
0.9359 0.111053 
0.964744 0.0472736 
0.953838 0.0820457 
0.941151 0.0964359 
0.954152 0.0728327 
0.975663 0.0396024 
0.954428 0.0589409 
0.985782 0.0067893 
0.949898 0.0928466 
0.989612 0.0453024 
0.982765 0.000448433 
0.983475 0.000916614 
0.98146 0.000241662 
0.982846 0.000970637 
0.975324 0.00659373 
0.952131 0.0641329 
0.947977 0.07584 
0.975511 0.00946307 
0.97783 0.0863189 
0.912699 0.224727 
0.965635 0.0297684 
0.956805 0.0509855 
0.952954 0.0626318 
0.956403 0.0516033 
0.892872 0.226619 
0.878616 0.267934 
0.862355 0.321029 
0.826616 0.392971 
0.861415 0.331188 
0.701007 0.558467 
0.717597 0.542718 
0.71905 0.538754 
0.711459 0.547908 
0.697347 0.56665 
0.539541 0.718477 
0.563784 0.696622 
0.55378 0.704555 
0.552941 0.706305 
0.557919 0.702087 
0.285453 0.867445 
0.276933 0.874177 
0.305156 0.865529 
0.243213 0.885606 
0.249549 0.88396 
0.136773 0.933437 
0.0475334 0.959959 
0.121488 0.941841 
0.0910074 0.96326 
0.153628 0.922549 
0.015203 0.977215 
0.00533433 0.976615 
0.0169486 0.979497 
0.0188909 0.974852 
0.00554541 0.975897 
0.000142956 0.980984 
0.0011414 0.984013 
8.78109e-05 0.982314 
0.000719588 0.982699 
0.000767086 0.981346 
0.0112828 0.974967 
0.0147717 0.970664 
0.00807165 0.978367 
0.0164037 0.969978 
0.00811675 0.97822 
0.123358 0.948888 
0.0706285 0.969103 
0.158545 0.918973 
0.106164 0.938326 
0.146426 0.925007 
0.300634 0.863434 
0.255632 0.883211 
0.340013 0.842981 
0.309734 0.856315 
0.30571 0.857551 
0.550628 0.707568 
0.568211 0.692494 
0.536517 0.717508 
0.55172 0.707675 
0.558033 0.701656 
0.701605 0.559041 
0.70498 0.555171 
0.700723 0.560609 
0.717268 0.538173 
0.708027 0.552054 
0.924081 0.30544 
0.860967 0.310648 
0.895207 0.219742 
0.889607 0.237443 
0.851072 0.348995 
0.952468 0.118395 
0.956437 0.112 
0.937859 0.122217 
0.944826 0.096505 
0.944641 0.0938904 
0.973556 0.00907484 
0.97504 0.00626102 
0.971953 0.0123672 
0.987348 0.00869879 
0.971316 0.0165668 
0.984045 0.00701794 
0.98176 0.000569425 
0.983243 0.00790002 
0.982243 0.000685896 
0.982371 0.000287032 
0.966416 0.0250472 
0.973112 0.0214326 
0.966564 0.0338339 
0.970661 0.0146504 
0.972105 0.0118074 
0.950476 0.134558 
0.93085 0.131518 
0.922247 0.157596 
0.952739 0.0916917 
0.958192 0.0468909 
0.869904 0.317089 
0.881524 0.266026 
0.856032 0.327313 
0.877884 0.267983 
0.889753 0.268008 
0.729675 0.520429 
0.715331 0.543528 
0.710064 0.551798 
0.697794 0.563267 
0.720832 0.537308 
0.569954 0.693508 
0.555961 0.703214 
0.549371 0.709025 
0.561791 0.697785 
0.559198 0.700306 
0.182764 0.916842 
0.165271 0.972944 
0.303582 0.862696 
0.267981 0.877245 
0.203625 0.90247 
0.0753166 0.966946 
0.116946 0.939144 
0.0798277 0.974854 
0.0807792 0.946736 
0.0960645 0.962652 
0.0100486 0.973486 
0.0134437 0.97242 
0.00197567 0.978168 
0.0262599 0.966334 
0.00535877 0.975955 
0.00196593 0.983776 
0.000185312 0.981172 
0.0843683 0.99314 
0.000378862 0.982692 
0.00116662 0.983348 
0.00599744 0.982509 
0.0216813 0.969622 
0.0022076 0.980477 
