0.878222133 0.260234753 
0.994101732 0.853038235 
0.993825144 0.997946736 
0.734057854 0.999935338 
0.982514093 0.382132599 
0.999343006 0.408843174 
0.997798562 0.993441947 
0.996465492 0.528560345 
0.911676544 0.981158154 
0.941851606 0.770800547 
0.999313274 0.988087059 
0.999568015 0.865576765 
0.815336159 0.999947494 
0.976494489 0.0610384337 
0.126914443 0.994769674 
0.440419804 0.997415485 
0.315525698 0.948047207 
0.758988372 0.99980818 
0.998119788 0.86765339 
0.961026851 0.991330281 
0.846630378 0.476279016 
0.979724 0.00941561 
0.969016 0.0303766 
0.978386 0.0290572 
0.971462 0.0430615 
0.982704 0.000256178 
0.985339 0.0121765 
0.921048 0.161378 
0.899937 0.214693 
0.92187 0.169073 
0.921741 0.152545 
0.947404 0.085622 
0.852189 0.317424 
0.813253 0.391476 
0.807247 0.406808 
0.99999 0.875349 
0.778332 0.449468 
0.712993 0.541713 
0.54222 0.734357 
0.721768 0.531534 
0.712421 0.54202 
0.702303 0.554547 
0.30763 0.921268 
0.505713 0.759105 
0.516508 0.766888 
0.544443 0.730585 
0.544978 0.728205 
0.0784904 0.966025 
0.268226 0.982453 
0.14534 0.966621 
0.183288 0.916863 
0.274739 0.890121 
0.0827477 0.956958 
0.184422 0.9508 
0.0678176 0.982659 
0.13446 0.943386 
0.0548393 0.975927 
0.00206334 0.984738 
0.0188651 0.985073 
0.0269541 0.965771 
0.0362907 0.990566 
0.0253913 0.979889 
0.000379947 0.980691 
0.0106578 0.984266 
8.93183e-05 0.981793 
0.000482067 0.982592 
0.0551125 0.990942 
0.128803 0.978384 
0.0122765 0.971782 
0.047455 0.961008 
0.0400466 0.979268 
0.0177984 0.98268 
0.15051 0.945026 
0.188043 0.920885 
0.162861 0.928298 
0.140613 0.930122 
0.102921 0.939317 
0.308357 0.877905 
0.334102 0.857715 
0.336107 0.854123 
0.351155 0.848374 
0.350934 0.847309 
0.553863 0.720769 
0.558642 0.715607 
0.562249 0.711786 
0.565998 0.707868 
0.569215 0.704144 
0.696515 0.561547 
0.692552 0.566369 
0.696273 0.561886 
0.698866 0.558718 
0.698342 0.559355 
0.981486 0.300684 
0.822176 0.376705 
0.90234 0.24422 
0.848726 0.330387 
0.802199 0.413262 
0.9355 0.115536 
0.943085 0.14298 
0.92355 0.166978 
0.929622 0.164834 
0.907105 0.198073 
0.973353 0.00957567 
0.963062 0.0416189 
0.968943 0.082834 
0.956029 0.0563034 
0.964228 0.0425836 
0.982624 0.000759719 
0.981622 3.78905e-05 
0.984973 0.00326766 
0.983017 0.000636854 
0.980584 0.000251353 
0.97006 0.0194962 
0.969876 0.0164581 
0.965491 0.0306857 
0.969069 0.0201135 
0.972335 0.0133356 
0.920541 0.171383 
0.941364 0.0971973 
0.95879 0.0627797 
0.955767 0.0909602 
0.942713 0.0917963 
0.888299 0.252929 
0.872045 0.282331 
0.865559 0.290822 
0.991055 0.115315 
0.798611 0.417997 
0.700687 0.556502 
0.713173 0.541121 
0.688173 0.573279 
0.720949 0.531833 
0.686576 0.57367 
0.508776 0.743743 
0.541878 0.723481 
0.52703 0.732104 
0.517387 0.739978 
0.562275 0.71006 
0.188553 0.907502 
0.280111 0.873185 
0.280082 0.875521 
0.274589 0.8803 
0.296305 0.869136 
0.103721 0.956405 
0.0473834 0.96646 
0.0609513 0.956345 
0.0461485 0.962119 
0.0987442 0.943192 
0.00987229 0.977172 
0.00234346 0.979132 
0.00348487 0.981419 
0.00867037 0.976488 
0.00255507 0.978178 
0.00118892 0.982478 
0.00942267 0.986278 
8.63372e-05 0.981882 
6.35333e-05 0.982222 
0.00270719 0.985001 
0.00340703 0.977507 
0.00366499 0.976808 
0.0207641 0.973813 
0.0166454 0.978704 
0.0026105 0.982705 
0.0864915 0.96627 
0.0456407 0.959067 
0.1152 0.952628 
0.110183 0.94276 
0.0842525 0.984964 
0.166704 0.916447 
0.193521 0.905791 
0.214144 0.898167 
0.138415 0.92713 
0.240032 0.900727 
0.502113 0.747132 
0.537884 0.729462 
0.556653 0.711723 
0.559748 0.710015 
0.560369 0.710222 
0.706184 0.549823 
0.712592 0.542071 
0.710293 0.545669 
0.713958 0.540032 
0.690495 0.568724 
0.840973 0.339702 
0.837362 0.346581 
0.829591 0.362016 
0.83104 0.361399 
0.833795 0.353731 
0.957904 0.0778445 
0.956012 0.0541965 
0.975239 0.0272098 
0.918698 0.158912 
0.945244 0.0896906 
0.973016 0.00982633 
0.972208 0.0148975 
0.97644 0.00599985 
0.981275 0.000374329 
0.975378 0.00601488 
0.987163 0.0154895 
0.98258 0.000678935 
0.987455 0.0096551 
0.982042 0.000365191 
0.983374 0.0007889 
0.974569 0.00797591 
0.975856 0.00496983 
0.969228 0.0185997 
0.966456 0.0252189 
0.967721 0.022429 
0.94909 0.0845388 
0.933795 0.116905 
0.950123 0.101585 
0.955124 0.0675395 
0.922953 0.152527 
0.851374 0.318658 
0.86775 0.28744 
0.868152 0.287287 
0.872057 0.279932 
0.856867 0.307134 
0.707406 0.549285 
0.713089 0.541132 
0.696001 0.562307 
0.742987 0.504638 
0.686934 0.573006 
0.548241 0.721077 
0.560589 0.71027 
0.563644 0.706737 
0.562807 0.707047 
0.548202 0.716462 
0.117163 0.937954 
0.237349 0.897254 
0.146176 0.926649 
0.193571 0.908506 
0.225572 0.974337 
0.0413168 0.963496 
0.0821603 0.946741 
0.0516166 0.956482 
0.0606156 0.953511 
0.067789 0.962602 
0.0117048 0.974088 
0.007179 0.981021 
0.00894914 0.97577 
0.0067355 0.975515 
0.0113169 0.974081 
0.00462668 0.985621 
0.00382789 0.985651 
0.00392516 0.984784 
0.00821651 0.986139 
6.39045e-05 0.981986 
0.0104405 0.974506 
0.0182942 0.973862 
0.000573669 0.982662 
