1.22977 20.5568 0.174881 
0.504651 18.8708 -0.0364964 
1.48709 15.5891 0.191843 
8.1927 27.6013 0.0634746 
1.6442 26.2725 0.195282 
1.69195 15.0632 0.195914 
1.74932 17.7708 0.196328 
5.04044 16.0582 0.108414 
5.04077 45.0318 0.0789904 
1.26448 17.1232 0.182005 
5.02891 37.9158 0.109113 
1.91712 34.2469 0.151456 
1.91179 15.0318 0.185815 
5.03597 15.0564 0.0790173 
4.75262 19.4468 0.11599 
1.85421 23.4025 0.195244 
3.6438 15.0078 0.129731 
7.46254 52.009 0.0693512 
1.41869 15.8883 0.189703 
2.3815 15.0456 0.144447 
1.47271 24.9972 0.161147 
0.332004 18.513405 -0.062558 
0.301567 18.618041 -0.066866 
0.236740 18.351777 -0.075625 
0.151605 18.011741 -0.086030 
0.077232 17.688251 -0.093761 
0.090148 17.926806 -0.092527 
0.093832 18.061725 -0.092166 
0.348441 18.932358 -0.060188 
0.051557 17.748855 -0.096063 
0.071053 17.887911 -0.094334 
0.053162 17.670877 -0.095925 
6.084436 15.210099 0.074436 
4.836351 15.016229 0.098200 
1.229766 15.017039 0.177206 
1.651385 15.016260 0.140463 
5.023736 15.059971 0.103394 
1.893327 16.125082 0.179556 
0.873497 16.145414 0.022730 
4.896149 18.642325 0.079850 
0.382165 16.602788 -0.055237 
1.884778 15.497657 0.177586 
0.025172 17.389471 -0.098199 
0.035982 17.493617 -0.097353 
0.032604 17.352237 -0.097622 
0.011210 17.337338 -0.099228 
0.017595 17.424277 -0.098766 
0.004876 17.062614 -0.099670 
0.001577 16.929540 -0.099894 
0.000098 17.053902 -0.099993 
0.002100 16.925404 -0.099859 
8.248346 21.161917 0.052633 
0.013169 16.788183 -0.099088 
0.005239 17.202462 -0.099645 
0.015406 16.681569 -0.098926 
0.007738 16.827470 -0.099472 
0.012952 16.734875 -0.099104 
0.723647 18.457772 -0.001451 
1.467792 24.050776 0.161293 
0.088746 16.252965 -0.092663 
0.060999 16.364362 -0.095241 
0.124004 16.113077 -0.089068 
0.025522 16.687643 -0.098172 
0.000940 17.102287 -0.099937 
0.023431 16.615208 -0.098331 
0.003738 16.915121 -0.099748 
0.003115 17.181434 -0.099790 
0.286073 15.766284 -0.069015 
0.097631 16.205187 -0.091790 
0.107670 16.165055 -0.090776 
0.244464 15.859167 -0.074615 
0.128876 16.095484 -0.088545 
0.001720 17.019306 -0.099885 
0.004121 16.852575 -0.099722 
0.000314 17.007688 -0.099979 
0.001919 17.170704 -0.099871 
0.000724 16.997673 -0.099952 
0.001752 17.115174 -0.099883 
0.000069 17.020637 -0.099995 
0.000360 17.094860 -0.099976 
0.002680 17.160630 -0.099820 
0.001422 17.143746 -0.099905 
0.022955 16.605859 -0.098367 
0.000641 16.969459 -0.099957 
0.000045 17.030338 -0.099997 
0.005858 16.864665 -0.099603 
0.000471 17.091505 -0.099969 
1.700573 15.019201 0.147619 
0.382571 15.596848 -0.055176 
0.348367 15.646161 -0.060198 
0.659637 15.363131 -0.011789 
0.259061 15.800108 -0.072680 
1.586883 15.010966 0.158107 
3.018490 15.018415 0.136639 
1.407156 15.032709 0.189295 
1.419150 15.020885 0.189719 
1.881790 15.025410 0.193940 
0.058811 17.768620 -0.095434 
0.006253 16.808367 -0.099575 
8.248091 31.050100 0.052634 
1.64473 15.2076 0.195291 
1.2063 15.0617 0.0749767 
1.7185 18.5131 0.150252 
1.33323 27.8817 0.186225 
5.48429 15.3538 0.0768249 
1.59684 19.2738 0.194452 
4.38106 22.1441 0.0883873 
3.92501 28.8876 0.126636 
4.48179 44.8635 0.0914553 
1.6124 26.2787 0.194745 
4.44122 27.3794 0.0904892 
1.8319 27.0328 0.195816 
4.61332 20.362 0.0940396 
0.0449784 17.0233 -0.0966177 
4.93024 16.6756 0.100311 
1.81141 15.417 0.196126 
2.99511 35.7423 0.136905 
2.88994 15.5313 0.13812 
3.74107 18.1876 0.128667 
1.91311 22.6971 0.188197 
5.87548 22.9791 0.0752265 
0.037234 16.515323 -0.097252 
0.015064 16.755760 -0.098951 
0.030387 16.714650 -0.097796 
0.024152 16.602209 -0.098277 
0.020901 16.803524 -0.098521 
0.017713 16.961415 -0.098758 
0.018070 16.650751 -0.098731 
0.022677 16.908593 -0.098388 
0.054716 16.459891 -0.095791 
0.010800 16.751029 -0.099257 
0.005400 16.820643 -0.099634 
8.248181 21.162082 0.052634 
0.008176 16.773322 -0.099442 
8.247704 61.937764 0.052635 
0.001085 16.938665 -0.099927 
8.248198 15.162000 0.052634 
0.014352 16.746535 -0.099003 
0.004935 16.847990 -0.099666 
0.038361 16.552231 -0.097161 
0.004074 16.975077 -0.099725 
0.001090 16.969805 -0.099927 
7.087327 15.110434 0.070814 
1.384172 15.067144 0.164075 
1.680363 15.001991 0.195782 
8.052134 15.009566 0.061398 
4.605691 15.073572 0.093900 
0.221904 15.894782 -0.077537 
1.817158 15.705641 0.165337 
0.441548 15.589417 -0.046278 
1.376739 16.638924 0.164356 
0.290344 15.764237 -0.068426 
0.018823 17.164020 -0.098676 
0.004025 16.894819 -0.099728 
0.000906 17.100746 -0.099939 
0.008795 16.897004 -0.099398 
0.000011 17.038085 -0.099999 
0.004318 16.855825 -0.099708 
8.247800 31.049568 0.052634 
0.005190 17.163255 -0.099649 
0.000348 17.066946 -0.099977 
4.450715 41.008754 0.084081 
0.102973 16.422276 -0.091253 
0.002938 16.881696 -0.099802 
0.000239 17.015798 -0.099984 
0.016494 16.844888 -0.098847 
0.001565 17.096563 -0.099895 
0.674673 19.234675 -0.009364 
0.110409 16.163176 -0.090494 
0.288213 17.011835 -0.068720 
0.120846 16.124930 -0.089404 
0.110357 16.158800 -0.090500 
0.000160 17.075124 -0.099989 
0.000144 17.046241 -0.099990 
0.002189 17.180905 -0.099853 
0.000708 17.105694 -0.099953 
0.000135 17.002026 -0.099991 
0.092865 16.222377 -0.092261 
0.125397 16.113658 -0.088919 
0.116587 16.143010 -0.089852 
0.131932 16.086218 -0.088214 
0.121901 16.119618 -0.089292 
0.001713 17.080830 -0.099885 
0.001021 17.024727 -0.099932 
0.069291 17.407642 -0.094495 
0.001284 16.975103 -0.099914 
0.004974 16.915027 -0.099663 
0.108674 17.027567 -0.090673 
0.016762 16.739520 -0.098827 
0.003747 17.146323 -0.099747 
0.018344 16.678348 -0.098711 
0.031835 16.608587 -0.097682 
0.001700 16.938600 -0.099886 
0.003139 17.112539 -0.099789 
0.015144 16.709241 -0.098945 
0.014368 16.700613 -0.099002 
0.012589 17.195497 -0.099129 
0.402849 15.679688 -0.052148 
0.501057 15.587913 -0.037059 
0.569123 15.432906 -0.026305 
0.670948 16.6243 -0.00996466 
2.2754 17.2592 0.145908 
4.37055 46.628 0.0874182 
4.42715 17.1072 0.0901082 
1.7153 15.0496 0.196135 
3.59004 15.1951 0.130317 
4.38392 44.0897 0.088545 
1.50074 21.6692 0.160341 
1.5018 16.4206 0.160312 
1.81275 15.4443 0.19611 
4.46625 41.6567 0.0838172 
5.00705 17.8562 0.102669 
4.40169 28.4945 0.0851783 
1.91194 17.3813 0.185922 
1.28452 17.0933 0.183488 
1.62959 15.422 0.157104 
1.74954 15.5089 0.154863 
4.92042 15.1885 0.100066 
4.26236 17.8673 0.12275 
3.81375 38.0887 0.127869 
0.84725 19.3905 0.0185091 
0.362177 17.874776 -0.058184 
1.297666 15.010886 0.184318 
1.708560 15.021177 0.196078 
7.727048 15.024909 0.058936 
5.619589 15.060537 0.076250 
8.043481 15.841822 0.061320 
0.272435 17.549641 -0.070878 
0.205108 17.488084 -0.079655 
0.028197 16.912690 -0.097966 
0.058265 16.597025 -0.095482 
0.017981 16.672529 -0.098738 
0.027637 16.699016 -0.098010 
0.037510 16.575477 -0.097230 
0.020015 16.792316 -0.098587 
8.248800 21.161911 0.052632 
0.015105 16.758969 -0.098948 
1.874456 24.855243 0.194383 
0.095976 16.317767 -0.091954 
0.019805 16.688695 -0.098603 
0.032778 16.536503 -0.097608 
0.071371 16.364179 -0.094305 
0.031357 16.598193 -0.097720 
0.015933 16.737729 -0.098888 
0.050472 16.431922 -0.096155 
0.020548 16.853490 -0.098548 
8.248446 31.050256 0.052633 
0.026009 16.578318 -0.098135 
0.026361 16.595104 -0.098108 
0.015736 16.709081 -0.098902 
0.017451 16.754916 -0.098777 
0.021654 16.624777 -0.098465 
1.625222 15.008507 0.136681 
1.635524 15.029815 0.195145 
4.823125 15.020197 0.114733 
1.843216 15.022523 0.169686 
2.251700 15.002567 0.146244 
0.234570 15.875944 -0.075907 
0.276663 15.815344 -0.070303 
0.317955 15.748946 -0.064561 
0.423733 15.615268 -0.048994 
0.316818 15.731038 -0.064722 
0.005074 16.853671 -0.099657 
0.008510 16.805393 -0.099418 
0.001916 16.906704 -0.099872 
0.003209 16.871081 -0.099784 
0.003667 16.861080 -0.099753 
0.000302 16.985151 -0.099980 
8.246955 61.935786 0.052636 
0.001925 17.034838 -0.099871 
0.000556 16.968516 -0.099963 
0.000940 16.949196 -0.099937 
0.008767 17.150746 -0.099400 
0.003798 17.100130 -0.099744 
0.002300 16.984405 -0.099846 
0.001907 16.924341 -0.099872 
0.003799 16.905041 -0.099744 
0.112863 16.159972 -0.090240 
0.125570 16.128554 -0.088901 
0.114058 16.163063 -0.090116 
0.697077 19.262848 -0.005746 
0.112645 16.163298 -0.090263 
0.004840 16.880421 -0.099673 
0.000239 17.000371 -0.099984 
0.000336 16.984826 -0.099978 
0.000300 17.045599 -0.099980 
0.000069 17.013812 -0.099995 
0.098875 16.210712 -0.091665 
0.149236 16.794099 -0.086298 
0.151849 16.055250 -0.086002 
0.114380 16.692827 -0.090083 
0.152426 16.950721 -0.085937 
0.000165 17.032578 -0.099989 
0.022938 17.294459 -0.098368 
0.006282 17.033390 -0.099573 
0.012255 17.299356 -0.099153 
0.005872 17.210597 -0.099602 
0.000784 17.080309 -0.099948 
0.002533 17.022627 -0.099830 
0.008059 16.776318 -0.099450 
5.03695 16.04 0.108648 
2.43055 25.4808 0.143793 
4.52349 17.2635 0.0830073 
1.85979 15.3707 0.172633 
1.26906 15.0405 0.084493 
1.25036 15.529 0.180688 
5.04593 16.9211 0.107979 
4.82607 41.3469 0.0979918 
1.3135 16.7706 0.167137 
1.24112 20.6768 0.0802713 
1.65141 22.8773 0.195392 
5.00044 19.2711 0.102416 
4.9252 15.0952 0.0796682 
5.05305 33.9685 0.105674 
1.35471 26.368 0.165238 
2.62183 18.015 0.141342 
1.5697 19.4785 0.193894 
4.2041 15.0007 0.123444 
1.2572 15.3601 0.170818 
4.66096 16.265 0.117455 
4.22706 37.7293 0.123172 
8.248002 15.162111 0.052634 
3.348296 17.544126 0.132958 
4.561089 15.652897 0.082565 
8.248178 21.161775 0.052634 
0.276952 15.825519 -0.070264 
0.213143 15.946019 -0.078649 
1.792963 15.842929 0.161493 
1.866554 15.009220 0.173896 
0.460129 15.511234 -0.043422 
1.831738 17.855147 0.167736 
0.098096 16.202446 -0.091743 
7.813260 15.051582 0.067731 
4.371665 15.008620 0.087618 
4.591696 15.077844 0.093641 
5.025952 15.007987 0.109266 
1.483826 15.015545 0.116244 
0.133851 16.083904 -0.088005 
0.082361 16.274071 -0.093277 
0.059319 16.447882 -0.095389 
0.052672 16.419580 -0.095967 
0.060619 16.393530 -0.095274 
0.069092 16.320198 -0.094513 
0.052413 16.617985 -0.095989 
0.041225 16.588218 -0.096928 
0.050505 16.556862 -0.096152 
8.248417 31.050353 0.052633 
0.032731 16.560334 -0.097612 
0.059068 16.855510 -0.095411 
0.035889 16.664181 -0.097361 
0.038429 16.526494 -0.097156 
8.248221 61.938340 0.052633 
0.035662 16.822286 -0.097379 
0.027276 16.647641 -0.098038 
0.017651 16.732487 -0.098762 
0.020824 16.676681 -0.098527 
0.010145 16.783460 -0.099303 
0.013646 16.802329 -0.099054 
0.011336 16.787573 -0.099219 
0.006014 16.878428 -0.099592 
0.007834 16.849771 -0.099466 
0.006803 16.803557 -0.099537 
1.884795 15.029193 0.193729 
7.946258 15.018635 0.066961 
1.229284 15.001264 0.176984 
1.519997 15.032443 0.192724 
1.734221 15.002477 0.196263 
0.312487 15.712838 -0.065334 
0.372525 15.621112 -0.056663 
0.359370 15.625436 -0.058595 
0.318340 15.692131 -0.064506 
0.288601 15.749067 -0.068666 
0.005048 16.831406 -0.099658 
0.006940 16.792759 -0.099528 
0.000215 16.998369 -0.099986 
0.009451 16.815022 -0.099352 
0.001617 16.980278 -0.099892 
0.003659 17.187665 -0.099753 
0.007515 17.254652 -0.099488 
0.001312 17.124072 -0.099912 
0.016615 17.301428 -0.098838 
0.000498 17.066363 -0.099967 
0.002769 17.143847 -0.099814 
0.003108 17.208898 -0.099791 
0.001339 16.949011 -0.099910 
0.000016 17.031143 -0.099999 
0.026506 16.901612 -0.098097 
0.092778 16.220429 -0.092269 
0.403896 19.382923 -0.051991 
0.142541 16.089640 -0.087048 
0.276654 18.032073 -0.070305 
0.522083 18.711396 -0.033757 
0.209584 16.850773 -0.079096 
0.012635 17.350445 -0.099126 
0.034873 17.547904 -0.097442 
0.111262 17.850761 -0.090406 
0.050593 17.451978 -0.096145 
0.122078 16.116945 -0.089273 
2.677805 16.444918 0.140651 
0.934414 19.848340 0.032485 
0.350208 15.8492 -0.0599309 
1.88865 17.2746 0.178452 
1.22916 25.9822 0.175167 
2.61574 17.9646 0.141418 
1.66897 19.5644 0.143013 
4.78551 19.6619 0.115421 
1.38645 15.1279 0.188521 
1.88541 15.0286 0.177725 
8.19218 18.9875 0.0634489 
1.96344 34.8441 0.150669 
8.13326 54.9665 0.0654026 
1.26031 24.268 0.170547 
1.67526 15.0491 0.143927 
1.33041 15.4096 0.186088 
4.90011 15.4372 0.11315 
7.96181 15.3905 0.060647 
2.84411 15.9304 0.138656 
1.86397 16.2585 0.173409 
1.54128 32.5694 0.15925 
3.0225 15.2937 0.136593 
7.56307 15.0321 0.0689236 
0.443666 15.643279 -0.045954 
0.299977 16.185898 -0.067088 
0.363298 16.005340 -0.058020 
0.206969 16.478996 -0.079423 
0.259530 16.582023 -0.072617 
0.148253 16.648068 -0.086409 
0.136331 16.533018 -0.087734 
0.076156 16.710957 -0.093862 
0.099211 16.660237 -0.091632 
0.082828 16.483370 -0.093232 
0.010868 16.916395 -0.099252 
0.031194 17.089741 -0.097733 
0.028521 16.787049 -0.097941 
0.015809 16.830759 -0.098897 
0.007186 17.148374 -0.099511 
0.039453 17.402312 -0.097073 
1.032052 15.450738 0.047964 
0.212659 17.087073 -0.078710 
0.628824 15.351331 -0.016749 
0.354129 15.889571 -0.059360 
0.431827 15.773408 -0.047763 
4.779245 15.097264 0.097078 
4.427565 15.087244 0.090120 
4.919045 15.091000 0.100032 
4.518432 15.019873 0.083071 
1.624987 15.022086 0.194968 
0.047557 17.608583 -0.096402 
8.248399 31.050312 0.052633 
0.001461 17.124638 -0.099902 
0.088938 17.626540 -0.092645 
0.012669 17.350946 -0.099124 
0.000560 16.971346 -0.099963 
0.003452 17.206746 -0.099767 
0.004560 16.903226 -0.099692 
0.020534 17.299075 -0.098549 
0.000558 17.039187 -0.099963 
0.024525 17.531440 -0.098248 
0.000153 17.070604 -0.099990 
7.213342 49.001054 0.070340 
0.001677 17.126716 -0.099888 
0.002558 16.889838 -0.099828 
0.168423 18.407904 -0.084091 
0.064930 17.784171 -0.094890 
1.818644 23.358252 0.165578 
0.000969 16.970372 -0.099935 
0.001155 17.140540 -0.099923 
0.002363 16.967304 -0.099841 
0.003102 17.080586 -0.099791 
0.007607 16.832409 -0.099481 
0.001701 16.931964 -0.099886 
0.012282 16.750203 -0.099151 
1.673348 15.017661 0.143649 
1.727721 15.046634 0.154993 
5.053766 15.006413 0.105837 
1.695949 15.024320 0.155651 
3.877205 15.001581 0.127168 
0.310732 15.886983 -0.065581 
0.365308 15.799675 -0.057725 
0.362748 15.821421 -0.058101 
1.900409 15.090950 0.192159 
0.373359 15.824113 -0.056540 
0.004043 16.864947 -0.099727 
0.008780 16.796406 -0.099399 
0.000309 16.984935 -0.099979 
0.005282 17.171205 -0.099642 
0.002480 16.929088 -0.099833 
0.015098 17.180600 -0.098949 
8.248259 61.938648 0.052633 
0.000779 17.085608 -0.099948 
0.031612 17.452801 -0.097700 
0.001043 17.128586 -0.099930 
0.002000 17.118007 -0.099866 
0.013503 17.257018 -0.099064 
0.000326 17.081794 -0.099978 
0.000625 17.007128 -0.099958 
0.003652 16.986837 -0.099754 
0.131218 16.275918 -0.088292 
0.249426 17.409908 -0.073961 
0.296031 17.669402 -0.067638 
1.74018 20.3273 0.196293 
1.90886 15.075 0.190515 
1.4999 23.3894 0.160365 
1.87402 26.7027 0.194407 
1.91035 17.7053 0.184968 
2.82798 29.9938 0.138847 
4.96154 17.8332 0.101156 
4.40904 20.2151 0.0849727 
1.23472 15.8715 0.178532 
7.93117 57.4359 0.0604142 
6.98241 19.9304 0.0711997 
1.26396 15.0641 0.170245 
3.5587 35.4022 0.130659 
4.99133 19.4775 0.102091 
2.48359 15.5963 0.143098 
1.34721 16.5683 0.165557 
1.63099 15.0321 0.137514 
1.24499 15.0616 0.180078 
1.41883 28.5616 0.189708 
8.19122 15.6382 0.0634052 
1.84947 22.7194 0.195392 
8.007841 30.829843 0.053263 
1.709140 15.001198 0.196083 
0.907435 18.516749 0.028173 
1.334669 18.401761 0.094321 
0.117514 16.408856 -0.089755 
0.726935 15.915508 -0.000920 
0.659579 18.385421 -0.011798 
0.224789 16.132830 -0.077169 
0.045084 16.515229 -0.096609 
1.880388 23.506454 0.194032 
0.006003 16.964947 -0.099593 
0.025599 16.636007 -0.098166 
0.004244 16.869422 -0.099713 
0.006312 16.808850 -0.099571 
0.007214 16.817833 -0.099509 
0.002030 16.903120 -0.099864 
0.000169 17.055586 -0.099989 
0.000460 17.001394 -0.099969 
0.014623 16.778168 -0.098983 
0.018027 17.154080 -0.098735 
0.002536 16.963840 -0.099830 
0.007461 17.154418 -0.099492 
0.019185 16.644288 -0.098649 
0.009683 17.343488 -0.099336 
0.001028 17.119034 -0.099931 
0.004326 17.105589 -0.099708 
0.353271 15.874165 -0.059485 
0.315069 15.851488 -0.064969 
0.271912 15.931805 -0.070949 
1.748482 15.028606 0.196325 
0.414651 15.639886 -0.050370 
5.513697 15.005084 0.076697 
4.908982 15.025330 0.099789 
4.629842 15.040141 0.094341 
8.132321 15.023444 0.065414 
3.320482 15.001046 0.133264 
0.004137 17.183959 -0.099721 
0.020522 16.688663 -0.098550 
0.017547 17.372203 -0.098770 
0.040678 17.411569 -0.096973 
0.010025 17.272553 -0.099312 
0.001283 17.114346 -0.099914 
0.000139 17.053113 -0.099991 
0.001998 16.940851 -0.099866 
0.006753 16.960993 -0.099541 
0.027789 17.441419 -0.097998 
0.011450 17.276406 -0.099211 
7.592672 49.968059 0.068793 
0.014220 17.286047 -0.099012 
7.779553 24.480493 0.067906 
0.000036 17.019243 -0.099998 
0.001327 16.952939 -0.099911 
0.000402 16.977882 -0.099973 
0.013610 16.790292 -0.099056 
0.000102 17.028868 -0.099993 
0.001836 16.916739 -0.099877 
0.001014 16.948225 -0.099932 
0.004923 16.841763 -0.099667 
0.006620 16.819692 -0.099550 
0.001153 17.134649 -0.099923 
0.003950 17.197415 -0.099734 
1.273568 15.000940 0.169520 
4.708253 15.066778 0.095761 
1.873536 15.001437 0.152221 
4.606851 15.004625 0.118258 
1.911899 15.027800 0.189328 
0.497007 15.489188 -0.037693 
0.318636 15.890980 -0.064464 
0.384494 15.773085 -0.054891 
0.334947 15.784506 -0.062136 
0.953205 15.322021 0.035480 
0.002058 17.173906 -0.099862 
0.000290 16.989593 -0.099981 
0.007887 17.205857 -0.099462 
0.000346 17.005496 -0.099977 
0.002328 17.170275 -0.099844 
0.000686 17.116876 -0.099954 
0.007570 16.930857 -0.099484 
0.014013 17.007441 -0.099027 
1.63033 15.0989 0.195059 
4.83798 16.344 0.0802313 
1.71551 15.2345 0.155243 
4.85314 17.6672 0.114149 
2.672 17.2487 0.140722 
4.20927 15.3167 0.123383 
4.87454 18.2258 0.0990054 
4.36996 23.5944 0.0871418 
1.74029 15.0769 0.153481 
5.04476 17.2617 0.108081 
4.90416 31.9747 0.113058 
1.58598 20.7434 0.158129 
4.62192 17.2189 0.118038 
1.70357 24.3912 0.196032 
1.89324 25.0931 0.179534 
0.177494 16.5852 -0.0830199 
1.75113 15.0208 0.155101 
3.60131 36.9776 0.130194 
3.37322 35.1974 0.132685 
4.71627 42.9385 0.0959073 
4.15986 18.7841 0.123963 
4.863131 34.488441 0.098759 
0.256473 16.541862 -0.073025 
0.203794 16.827862 -0.079819 
0.148274 16.772375 -0.086406 
0.084280 16.826099 -0.093094 
0.104600 16.794865 -0.091089 
1.260126 18.734488 0.083146 
0.386087 16.068495 -0.054654 
0.210901 15.963401 -0.078931 
0.200801 16.183936 -0.080190 
0.479712 18.301505 -0.040389 
0.056588 16.759043 -0.095628 
0.042034 17.004088 -0.096861 
0.006212 17.077037 -0.099578 
0.014119 17.034874 -0.099020 
0.006157 17.280170 -0.099582 
0.157052 16.164896 -0.085409 
0.139009 16.472986 -0.087439 
0.121503 16.602713 -0.089334 
0.265759 17.311210 -0.071781 
0.162998 16.190595 -0.084723 
0.001372 16.938333 -0.099908 
0.005050 17.186184 -0.099658 
0.000874 17.127363 -0.099942 
0.005131 16.894000 -0.099653 
0.001351 16.952602 -0.099910 
8.247463 31.049062 0.052635 
8.247300 61.936737 0.052636 
0.010728 16.839332 -0.099262 
0.000991 17.028983 -0.099934 
0.017859 16.853110 -0.098747 
0.000016 17.039666 -0.099999 
0.005405 16.946702 -0.099634 
0.003172 16.960158 -0.099787 
0.000766 17.019886 -0.099949 
8.185683 15.010120 0.063208 
0.608738 15.376843 -0.019974 
0.445321 15.703454 -0.045700 
0.643432 15.626013 -0.014399 
0.294810 15.746627 -0.067807 
0.356053 15.699980 -0.059080 
4.493623 15.008931 0.091713 
1.877361 15.049841 0.194219 
5.756217 15.005577 0.075694 
3.477507 15.036073 0.131544 
1.231178 15.011694 0.177695 
0.000918 16.980200 -0.099939 
0.008639 16.767299 -0.099409 
0.001108 16.937877 -0.099926 
0.003477 16.874174 -0.099766 
8.247224 21.161146 0.052636 
0.000143 17.005021 -0.099990 
0.004922 17.074073 -0.099667 
0.002695 17.082520 -0.099819 
0.000369 17.078413 -0.099975 
0.002093 17.075250 -0.099860 
0.000909 17.095944 -0.099939 
0.003484 16.883844 -0.099765 
8.072007 25.363975 0.066032 
0.000277 16.995529 -0.099982 
0.007242 16.871241 -0.099507 
0.000065 17.015858 -0.099996 
0.009102 17.165546 -0.099377 
0.000515 17.035972 -0.099966 
0.006349 17.140128 -0.099569 
0.001355 17.064409 -0.099909 
0.019803 16.773698 -0.098603 
0.004612 16.871551 -0.099688 
0.000781 16.981021 -0.099948 
0.028824 16.792437 -0.097918 
0.091322 16.703229 -0.092412 
4.290789 15.011949 0.122406 
1.326848 15.041162 0.166478 
4.848516 15.002112 0.098451 
4.974344 15.016153 0.111224 
1.912038 15.024545 0.185997 
0.876651 15.839038 0.023237 
0.726262 15.271664 -0.001029 
0.399272 16.934950 -0.052685 
0.818721 17.6984 0.0139113 
5.77244 23.2808 0.0756299 
1.36995 15.0904 0.0995558 
1.59767 27.1883 0.194468 
5.32756 23.5703 0.077532 
4.51447 19.929 0.11955 
4.37048 15.0739 0.0868786 
1.57092 23.6368 0.158498 
2.39162 18.2046 0.144311 
5.03472 22.9365 0.103983 
1.68287 15.0248 0.155928 
1.57657 22.6377 0.158359 
0.522359 19.355 -0.0337139 
5.06408 18.2905 0.0788613 
4.73436 30.8441 0.116295 
4.33799 16.0274 0.121827 
1.77413 24.4779 0.19635 
1.91172 24.858 0.185767 
1.89351 15.4373 0.179601 
4.48779 20.1596 0.0915869 
4.90913 15.7293 0.112944 
0.318206 18.792616 -0.064525 
0.217052 18.509139 -0.078155 
0.256664 18.762607 -0.073000 
0.006984 17.113106 -0.099525 
0.511359 15.702404 -0.035444 
0.012184 17.368439 -0.099158 
0.011955 17.248809 -0.099175 
0.003357 17.196463 -0.099774 
0.000058 17.022229 -0.099996 
0.000381 17.073472 -0.099975 
8.248034 15.161997 0.052634 
0.012823 16.852168 -0.099113 
0.005904 16.816026 -0.099599 
0.003745 16.893676 -0.099748 
0.002524 16.887954 -0.099830 
0.023032 17.497512 -0.098361 
1.702857 19.332115 0.147953 
0.116831 16.359002 -0.089826 
0.053073 16.486314 -0.095933 
1.907997 15.067649 0.190749 
5.049836 40.684175 0.105191 
0.094071 17.371621 -0.092142 
0.582823 16.687040 -0.024120 
0.022618 17.061455 -0.098393 
0.039482 17.253899 -0.097070 
0.008816 17.010368 -0.099397 
0.191818 15.931840 -0.081293 
0.084576 16.416251 -0.093065 
0.116072 16.251145 -0.089906 
0.175225 16.150894 -0.083290 
0.094823 16.252798 -0.092068 
4.897778 15.994194 0.099527 
0.010393 17.198397 -0.099286 
0.001677 17.065680 -0.099888 
0.016864 17.447465 -0.098820 
0.006736 16.800113 -0.099542 
0.083862 17.942297 -0.093134 
0.000679 17.047649 -0.099955 
8.247269 61.936642 0.052636 
0.009865 16.881296 -0.099323 
0.000965 16.978705 -0.099935 
0.004625 16.941603 -0.099687 
0.000639 16.975941 -0.099957 
0.002159 17.179783 -0.099855 
0.037527 17.552038 -0.097229 
0.000644 16.960929 -0.099957 
0.423843 15.595665 -0.048977 
0.279617 15.781317 -0.069900 
0.347042 15.651010 -0.060390 
0.293380 15.751096 -0.068005 
0.291665 15.747240 -0.068243 
8.194125 15.011325 0.063557 
1.267078 15.040967 0.170000 
1.876093 15.018298 0.175764 
5.040129 15.002849 0.104333 
4.371360 15.053385 0.121411 
8.033927 17.830342 0.066347 
0.024254 16.686216 -0.098269 
8.247744 31.049621 0.052635 
0.001792 16.937922 -0.099880 
0.000120 17.065049 -0.099992 
0.007130 17.288767 -0.099515 
0.000805 17.123487 -0.099946 
0.002775 16.963500 -0.099813 
0.000059 17.035997 -0.099996 
0.008248 17.056877 -0.099437 
0.000280 16.990938 -0.099981 
0.007172 17.292159 -0.099512 
7.597013 53.636933 0.068774 
0.000217 16.993692 -0.099986 
0.017042 17.052711 -0.098807 
0.003507 16.871993 -0.099764 
0.000323 16.994587 -0.099978 
0.001248 17.128322 -0.099916 
0.005228 16.971696 -0.099646 
0.002178 16.966882 -0.099854 
0.000670 16.965493 -0.099955 
0.011912 17.036271 -0.099178 
0.000992 16.979932 -0.099934 
4.99199 24.2145 0.110652 
4.60205 16.3402 0.118327 
2.51778 32.9547 0.142656 
1.87628 16.0766 0.175802 
7.48222 24.5528 0.0692691 
7.82713 15.184 0.0676566 
4.53292 44.1087 0.0925198 
1.26513 15.2503 0.182059 
1.29646 16.7677 0.168062 
0.118966 17.199 -0.0896022 
4.64348 19.2506 0.117719 
4.76783 17.8213 0.11573 
1.87519 22.3387 0.194343 
4.87044 17.0115 0.113794 
1.87896 25.9678 0.152124 
1.2276 16.3253 0.0782194 
4.96401 35.8543 0.101228 
3.95812 37.0643 0.126266 
1.25041 23.2059 0.180693 
1.36976 16.4305 0.164628 
1.30397 28.1301 0.184687 
0.074325 17.437118 -0.094032 
4.507141 15.004654 0.083218 
1.436574 15.015715 0.109355 
1.747076 15.029938 0.196320 
7.880790 15.046086 0.067358 
4.663291 15.063982 0.094947 
1.726039 15.111758 0.151365 
1.497400 15.726210 0.192128 
0.164153 16.168625 -0.084589 
0.394545 16.766433 -0.053392 
0.066513 16.365897 -0.094747 
0.005544 16.863551 -0.099624 
0.011713 16.818382 -0.099192 
0.012293 17.337943 -0.099151 
0.023868 16.912990 -0.098298 
0.001989 17.120652 -0.099867 
0.002704 17.027354 -0.099818 
0.125926 18.244881 -0.088863 
0.028320 17.179649 -0.097957 
0.036492 17.027412 -0.097312 
0.062058 16.670706 -0.095147 
0.211705 17.763534 -0.078830 
0.916007 20.454083 0.029544 
0.005870 17.203810 -0.099602 
0.022630 16.899995 -0.098392 
0.001643 16.983478 -0.099890 
0.749585 18.267392 0.002743 
0.108734 16.309408 -0.090666 
0.255395 15.794260 -0.073169 
0.132552 16.121005 -0.088147 
0.119362 16.187941 -0.089560 
0.000444 16.984507 -0.099970 
0.011077 16.732709 -0.099237 
0.094054 16.397066 -0.092144 
0.005930 16.948192 -0.099598 
0.005489 17.109773 -0.099628 
0.170035 16.004462 -0.083902 
0.149680 16.113569 -0.086248 
0.181061 15.957914 -0.082594 
0.296658 15.941724 -0.067550 
0.110343 16.225875 -0.090501 
0.005771 17.027071 -0.099609 
8.246319 21.160942 0.052638 
0.000657 16.965133 -0.099956 
0.001388 17.056142 -0.099907 
0.004439 16.864685 -0.099700 
0.002005 17.095833 -0.099866 
0.002881 16.877994 -0.099806 
0.042791 17.561119 -0.096799 
0.002609 17.143383 -0.099825 
0.005036 16.953220 -0.099659 
0.000022 17.034791 -0.099999 
0.000312 17.090499 -0.099979 
0.059062 17.764754 -0.095412 
0.023308 17.347582 -0.098340 
0.000945 16.975899 -0.099937 
0.490957 15.472450 -0.038638 
0.264630 15.785217 -0.071933 
0.422869 15.541765 -0.049125 
0.295026 15.723950 -0.067777 
0.311071 15.697943 -0.065533 
4.814860 15.009481 0.114888 
4.376085 15.072776 0.086256 
1.254645 15.038475 0.171053 
4.810690 15.006450 0.097686 
1.228379 15.000251 0.176137 
0.016167 17.281809 -0.098871 
0.001243 16.937753 -0.099917 
0.036846 17.376213 -0.097284 
0.000248 17.021252 -0.099983 
5.940069 24.901834 0.074979 
0.009197 16.967215 -0.099370 
0.009712 16.816692 -0.099334 
0.008757 16.765979 -0.099401 
0.020711 17.242587 -0.098536 
0.000221 17.060409 -0.099985 
0.003156 17.176172 -0.099788 
0.000718 17.078720 -0.099952 
8.248935 61.939670 0.052632 
0.947471 15.7669 0.034567 
7.16021 16.5033 0.070541 
1.19619 19.3752 0.0734335 
2.58132 15.1131 0.141849 
1.8374 16.1037 0.152875 
4.72438 22.2117 0.0960556 
1.23118 21.5067 0.177697 
4.49405 15.1403 0.0833978 
1.49461 18.8452 0.192052 
4.89387 34.9204 0.11329 
3.6114 21.8788 0.130084 
1.88496 15.8609 0.193716 
1.04621 20.7377 0.0501898 
5.11398 18.7217 0.0785922 
4.97929 39.211 0.111071 
1.23492 17.8201 0.17857 
1.49245 15.8129 0.191992 
4.76094 21.5339 0.0967322 
4.57997 19.778 0.0934229 
1.23006 30.2744 0.177324 
0.35365 19.2329 -0.0594302 
0.161079 18.435413 -0.084946 
0.073191 17.929290 -0.094137 
0.052577 17.774579 -0.095975 
0.031604 17.591647 -0.097701 
0.020379 17.489142 -0.098560 
0.013550 17.320339 -0.099061 
0.018704 17.446596 -0.098685 
0.005763 17.259786 -0.099609 
0.002437 17.119478 -0.099836 
0.000896 17.118342 -0.099940 
0.004283 17.047748 -0.099711 
1.749942 15.007159 0.196330 
4.375572 15.032862 0.086293 
1.382032 15.022963 0.101341 
1.839888 15.068586 0.152829 
2.994557 15.021967 0.136912 
1.893433 15.079802 0.192986 
0.051367 16.668405 -0.096079 
0.261456 15.784053 -0.072359 
0.322841 15.696910 -0.063867 
0.352607 15.634787 -0.059582 
0.016249 16.867239 -0.098865 
0.030517 16.881120 -0.097786 
0.010995 17.029206 -0.099243 
8.248288 61.938748 0.052633 
0.000953 17.021656 -0.099936 
0.006417 17.268646 -0.099564 
8.247775 31.049768 0.052635 
0.004962 16.932959 -0.099664 
0.001956 16.910266 -0.099869 
0.001865 16.926520 -0.099875 
0.000262 17.000894 -0.099983 
0.001319 17.002216 -0.099912 
0.025235 16.616857 -0.098194 
0.000109 17.061582 -0.099993 
0.017424 16.674001 -0.098779 
0.115670 16.141420 -0.089948 
0.079377 16.289893 -0.093560 
0.139418 16.063768 -0.087394 
0.225217 17.503641 -0.077114 
0.117650 16.141023 -0.089741 
0.000138 17.002693 -0.099991 
0.004414 16.908064 -0.099702 
0.001217 17.138565 -0.099919 
0.000101 17.039628 -0.099993 
0.075569 17.640268 -0.093917 
0.108736 16.170814 -0.090666 
0.107422 16.169569 -0.090801 
0.128270 16.101390 -0.088611 
0.117986 16.136495 -0.089705 
0.103623 16.179796 -0.091188 
0.012942 16.762336 -0.099104 
0.001052 16.974202 -0.099930 
0.000818 17.124547 -0.099945 
0.016001 17.295671 -0.098883 
0.001987 17.048710 -0.099867 
8.246909 21.162568 0.052637 
0.000798 16.956522 -0.099947 
0.017788 16.750886 -0.098752 
0.000272 17.079437 -0.099982 
0.002761 16.917423 -0.099814 
0.003977 16.888567 -0.099732 
0.011412 16.971035 -0.099213 
0.003280 16.877727 -0.099779 
0.000716 16.957965 -0.099952 
0.000004 17.035276 -0.100000 
0.536842 15.455335 -0.031428 
0.545989 15.428670 -0.029980 
0.292958 15.736971 -0.068064 
0.271196 15.772854 -0.071046 
0.382778 15.608057 -0.055146 
4.569847 15.000796 0.118786 
4.695568 15.064940 0.095531 
1.801636 15.007889 0.162855 
1.333955 15.000395 0.186260 
2.418375 15.050024 0.143954 
0.019740 16.796615 -0.098608 
0.005762 17.030068 -0.099609 
7.735959 15.024237 0.059002 
1.85423 21.0905 0.195244 
4.3751 20.4785 0.0863286 
1.28278 17.9542 0.168895 
1.40018 22.6179 0.104016 
4.41689 43.2638 0.0847749 
4.98814 24.0735 0.0792907 
5.05467 31.6431 0.106181 
5.04604 35.9309 0.107969 
1.85381 15.2263 0.195257 
4.56651 22.1991 0.0825053 
1.37172 30.4301 0.164551 
4.3185 16.7022 0.122067 
4.845 15.1063 0.11431 
4.85879 42.0269 0.0986665 
2.12178 16.3603 0.148151 
1.22986 15.111 0.174845 
1.14625 15.1223 0.0657632 
1.19874 21.5536 0.0738232 
1.26836 16.3023 0.182319 
4.36457 32.3955 0.121496 
1.86974 23.2825 0.194625 
8.248191 31.050205 0.052634 
7.516609 29.701748 0.056670 
7.540859 29.171677 0.057185 
8.247445 15.162127 0.052635 
7.523663 15.053420 0.056867 
8.246428 61.934425 0.052638 
8.139626 28.024131 0.062347 
7.740038 57.980392 0.059032 
1.155901 17.161608 0.067251 
7.736789 56.941458 0.059008 
7.649872 15.318781 0.058331 
7.557757 15.084505 0.055329 
7.731602 15.251004 0.054236 
7.965637 15.137165 0.053389 
4.634043 16.562829 0.094417 
7.805443 15.121018 0.053932 
8.248547 21.161795 0.052633 
7.859074 15.698791 0.059888 
8.035704 15.009946 0.061251 
8.196342 20.431222 0.063904 
1.707007 21.546235 0.148562 
4.696974 15.065095 0.095556 
1.896074 15.004378 0.192704 
1.982075 15.001494 0.150360 
1.735879 15.011258 0.152824 
4.430583 15.007844 0.084469 
1.344937 15.403268 0.095848 
1.313795 16.003224 0.185233 
1.257416 15.579779 0.181386 
1.631233 15.039711 0.195074 
1.907314 16.230059 0.183647 
0.701774 17.711570 -0.004987 
0.381051 16.721421 -0.055402 
0.358880 16.608673 -0.058667 
0.340026 16.668950 -0.061405 
0.355178 16.673088 -0.059207 
0.237985 16.822308 -0.075463 
0.149651 17.008922 -0.086251 
0.135438 16.908902 -0.087832 
0.103944 17.034839 -0.091155 
0.111350 16.969220 -0.090397 
0.051880 17.238165 -0.096035 
0.031573 17.558988 -0.097703 
0.018737 17.321200 -0.098682 
0.024995 17.376271 -0.098212 
0.009528 17.286873 -0.099347 
0.164933 16.685151 -0.084499 
0.179267 18.518005 -0.082809 
0.135321 16.714311 -0.087845 
0.057473 16.965129 -0.095551 
0.291033 17.420077 -0.068330 
0.025010 17.536761 -0.098211 
0.013568 17.336687 -0.099059 
0.016173 17.164979 -0.098871 
0.014673 17.420315 -0.098979 
0.035408 17.594981 -0.097399 
0.146592 16.651027 -0.086595 
0.174825 16.605658 -0.083337 
0.107170 16.754426 -0.090827 
0.161246 16.587202 -0.084926 
0.150830 16.554237 -0.086118 
0.004859 17.250971 -0.099671 
0.003722 17.145379 -0.099749 
0.008259 17.126108 -0.099436 
0.003198 17.201407 -0.099785 
0.007671 17.303374 -0.099477 
0.005336 17.263094 -0.099639 
0.004708 17.194328 -0.099682 
0.003554 17.198579 -0.099761 
0.015034 17.012065 -0.098953 
0.003343 17.082588 -0.099775 
0.004338 17.106390 -0.099707 
0.002299 17.148305 -0.099846 
0.003001 17.105543 -0.099798 
0.002592 17.192108 -0.099826 
0.045336 17.529942 -0.096588 
0.663406 15.917948 -0.011181 
0.373876 15.749257 -0.056464 
0.428665 15.739451 -0.048244 
1.22846 15.0369 0.176333 
7.62394 15.1165 0.0548039 
1.79685 16.7033 0.162101 
6.83939 17.8348 0.0717176 
4.66904 39.372 0.117332 
1.73408 15.0312 0.196262 
4.61439 16.9718 0.118148 
4.50669 17.2527 0.0919884 
0.784616 15.4968 0.0084051 
4.66639 15.0043 0.0950029 
1.27403 15.4855 0.169487 
2.11702 26.6498 0.148224 
1.43985 16.7608 0.109834 
5.05396 28.4848 0.10589 
4.98731 17.9364 0.101954 
1.63597 32.1029 0.156959 
1.35562 16.7481 0.187254 
1.22841 26.4186 0.176238 
1.28317 16.8184 0.16887 
1.45882 22.8322 0.112604 
2.28913 17.3272 0.145715 
0.382827 15.879301 -0.055138 
4.707470 15.487379 0.081193 
4.682440 15.063927 0.095293 
1.424731 15.003929 0.189911 
3.236297 15.000280 0.134194 
3.161631 15.051983 0.135024 
0.300297 15.941223 -0.067044 
0.317941 15.848851 -0.064563 
0.199019 16.091741 -0.080410 
0.127966 16.265650 -0.088643 
0.146536 16.275927 -0.086601 
0.154187 16.197237 -0.085736 
0.041448 16.574820 -0.096910 
0.007196 16.965433 -0.099510 
0.015311 16.793890 -0.098933 
0.001573 17.151365 -0.099895 
0.004608 17.134155 -0.099689 
0.000745 16.980685 -0.099950 
0.000891 17.034117 -0.099940 
0.016500 17.442207 -0.098847 
8.247532 61.937020 0.052635 
8.247114 31.048752 0.052636 
0.001832 17.164168 -0.099877 
0.007130 17.300701 -0.099515 
0.004625 16.861124 -0.099687 
0.001549 16.978666 -0.099896 
0.013061 16.733558 -0.099096 
0.029090 16.690560 -0.097897 
0.017463 16.760337 -0.098776 
0.006018 16.913824 -0.099592 
0.002375 17.133929 -0.099841 
1.868901 15.013488 0.174346 
8.096683 15.012688 0.065802 
4.492329 15.004009 0.083422 
1.638029 15.014495 0.138531 
2.335663 15.025402 0.145071 
0.454639 16.276679 -0.044268 
0.410735 15.561338 -0.050961 
0.373482 15.642705 -0.056522 
0.349348 16.057016 -0.060056 
4.313396 17.020899 0.122130 
0.001969 16.909395 -0.099868 
0.010675 17.243875 -0.099266 
0.000934 17.039238 -0.099938 
0.000093 17.047501 -0.099994 
0.008267 16.848539 -0.099435 
0.007684 17.097181 -0.099476 
0.038307 17.455746 -0.097166 
0.000251 17.053639 -0.099983 
0.003098 17.017415 -0.099792 
0.000357 16.985602 -0.099976 
0.003435 17.141973 -0.099769 
0.000570 17.104055 -0.099962 
0.000004 17.042542 -0.100000 
0.001543 16.926081 -0.099897 
0.097344 17.868309 -0.091818 
0.104652 16.197948 -0.091083 
1.258190 21.527777 0.181458 
0.383179 15.689210 -0.055086 
5.005309 19.814512 0.110167 
0.100055 16.193435 -0.091547 
0.022345 17.474126 -0.098413 
0.000147 17.069646 -0.099990 
0.063876 17.781067 -0.094984 
0.000121 17.025172 -0.099992 
0.742931 19.517071 0.001667 
0.135296 16.327763 -0.087847 
1.868427 15.047833 0.174255 
0.091994 16.518007 -0.092346 
0.079271 16.286291 -0.093570 
0.143620 16.052154 -0.086928 
0.005673 16.828206 -0.099615 
0.009759 17.330182 -0.099331 
0.000593 17.094032 -0.099960 
0.001509 17.156336 -0.099899 
0.023691 16.647336 -0.098311 
0.002839 16.885484 -0.099809 
0.001647 16.991408 -0.099890 
0.001934 17.169651 -0.099870 
0.185225 17.5421 -0.0820933 
4.69067 40.5615 0.0954421 
4.99071 42.666 0.10207 
0.303028 15.7468 -0.0666621 
1.90622 19.6056 0.183244 
7.56761 29.2936 0.0575395 
1.30759 16.4202 0.184893 
5.01004 39.1375 0.10998 
1.23339 15.1144 0.178254 
2.27725 35.5004 0.145882 
5.19634 21.3426 0.0781675 
1.86366 15.2716 0.194896 
1.41942 32.5147 0.162825 
1.69764 27.4977 0.155615 
1.90537 15.0511 0.191338 
4.69801 21.5769 0.0955752 
1.79236 16.4773 0.196286 
4.99317 17.815 0.0792614 
4.3785 15.102 0.121322 
4.94773 19.6433 0.111984 
0.976841 15.2108 0.0392372 
0.014608 16.736288 -0.098984 
0.080975 16.586992 -0.093409 
0.054227 16.393551 -0.095833 
0.013434 16.709702 -0.099069 
0.028508 16.767232 -0.097942 
0.000680 17.060629 -0.099955 
0.214286 15.911977 -0.078504 
0.291190 15.730777 -0.068309 
0.355053 15.642426 -0.059226 
0.232661 15.842083 -0.076155 
0.451477 15.605479 -0.044755 
8.113252 15.025474 0.065632 
5.053274 15.010846 0.107048 
1.250441 15.039876 0.171465 
4.955665 15.011911 0.079483 
4.456934 15.121046 0.083972 
0.035326 17.466654 -0.097406 
0.004971 17.117494 -0.099664 
0.002774 16.881221 -0.099814 
0.033070 17.423645 -0.097585 
0.020117 17.486599 -0.098580 
8.248630 21.161971 0.052632 
0.003787 16.963506 -0.099745 
0.001031 17.130131 -0.099931 
0.033665 16.782987 -0.097538 
0.006066 16.969302 -0.099588 
0.111904 17.952121 -0.090340 
0.025408 17.255991 -0.098181 
0.000274 17.018214 -0.099982 
0.006321 17.108652 -0.099571 
8.248064 61.938150 0.052634 
0.001901 17.154836 -0.099873 
0.016293 17.250477 -0.098862 
0.000339 16.988812 -0.099977 
0.006838 17.269520 -0.099535 
0.012063 16.881540 -0.099167 
0.000861 16.961810 -0.099942 
0.003006 16.891339 -0.099798 
0.003289 17.130326 -0.099779 
0.002040 17.126151 -0.099863 
0.002620 16.899167 -0.099824 
1.232505 15.011908 0.178049 
1.484363 15.031727 0.191765 
2.880691 15.020835 0.138228 
4.566733 15.005453 0.118829 
1.660752 15.002382 0.195527 
1.255595 17.707313 0.082461 
0.392465 15.604480 -0.053703 
0.227319 15.857653 -0.076844 
0.367620 15.628226 -0.057385 
0.226165 15.858044 -0.076992 
0.008932 16.826725 -0.099389 
0.070845 17.469538 -0.094353 
0.001124 16.945596 -0.099925 
0.000513 17.103636 -0.099966 
0.011729 17.169666 -0.099191 
0.000080 17.063176 -0.099995 
0.000983 17.058310 -0.099934 
0.000317 17.073495 -0.099979 
0.001019 17.107065 -0.099932 
0.004909 17.192554 -0.099668 
0.000121 17.046559 -0.099992 
0.009954 17.228791 -0.099317 
0.005012 16.920533 -0.099661 
0.000087 17.022497 -0.099994 
0.000268 16.990396 -0.099982 
0.833878 20.767906 0.016355 
0.113034 16.167947 -0.090223 
0.088001 16.349547 -0.092735 
0.407022 18.378873 -0.051521 
0.141662 16.075976 -0.087146 
0.079726 17.978248 -0.093527 
0.000020 17.024570 -0.099999 
0.022530 17.507192 -0.098399 
0.360957 18.589888 -0.058363 
1.606577 23.588433 0.194638 
0.137010 16.126483 -0.087659 
0.113629 16.982051 -0.090161 
0.085708 16.427761 -0.092957 
4.64717 27.271 0.117664 
2.59856 28.1836 0.141632 
1.26511 16.7587 0.170153 
1.01243 16.0298 0.04487 
1.82027 15.0079 0.165843 
4.47463 29.4243 0.120083 
2.8267 34.5677 0.138862 
1.88805 15.0391 0.178314 
2.16766 35.1673 0.147463 
4.92707 16.4108 0.100231 
1.26456 27.4101 0.182012 
1.33453 15.6625 0.186288 
1.30263 17.3616 0.18461 
4.77346 16.1927 0.096968 
5.73037 26.1836 0.0757977 
5.00733 23.5648 0.0791797 
1.7168 17.8611 0.150002 
5.80319 15.4054 0.0755084 
5.05155 19.1173 0.105418 
4.37315 19.7584 0.0877974 
1.87941 16.6387 0.194094 
1.896789 32.781696 0.151809 
0.672987 16.240076 -0.009636 
0.450340 15.638445 -0.044929 
0.306287 15.818544 -0.066206 
0.179865 16.038186 -0.082737 
0.099586 16.256871 -0.091594 
0.107632 16.348656 -0.090780 
0.399893 15.667719 -0.052592 
0.059060 16.492657 -0.095412 
0.025109 16.650740 -0.098204 
0.003959 16.882890 -0.099733 
0.010448 16.803695 -0.099282 
0.000245 17.018605 -0.099984 
0.007663 17.114919 -0.099478 
0.001465 16.923256 -0.099902 
0.000818 17.043655 -0.099945 
1.824526 15.026759 0.166540 
0.497111 15.458444 -0.037677 
0.600317 15.388411 -0.021323 
0.324844 15.744131 -0.063582 
0.205759 15.895687 -0.079574 
4.690673 15.007471 0.095442 
5.041009 15.075109 0.108374 
2.924061 15.022148 0.137723 
1.771933 15.058448 0.154113 
1.344755 15.003540 0.186768 
0.008658 16.867414 -0.099408 
0.015949 17.201967 -0.098887 
0.005968 17.032268 -0.099595 
0.004342 16.887803 -0.099707 
0.025842 17.095674 -0.098148 
8.248547 21.162042 0.052633 
0.008755 16.949508 -0.099401 
0.006314 17.167929 -0.099571 
0.038056 17.483885 -0.097186 
0.001849 17.020511 -0.099876 
0.020882 17.429557 -0.098523 
0.001063 16.961793 -0.099929 
0.002447 16.950066 -0.099836 
0.037458 16.874634 -0.097234 
0.012460 17.190997 -0.099139 
8.247078 61.935845 0.052636 
0.000771 17.096178 -0.099948 
0.000188 17.078734 -0.099987 
0.006165 16.945569 -0.099581 
0.039307 17.347729 -0.097085 
0.003304 17.177206 -0.099778 
0.018335 16.656942 -0.098712 
0.002403 16.947368 -0.099839 
0.006968 16.817820 -0.099526 
8.248786 15.162047 0.052632 
7.985403 15.037343 0.066702 
5.161299 15.004787 0.078345 
4.793633 15.109491 0.097353 
5.006830 15.001377 0.110108 
4.272638 15.129828 0.122626 
1.131730 17.243681 0.063520 
0.542795 17.000967 -0.030486 
0.362682 15.634473 -0.058110 
0.328325 15.725371 -0.063085 
0.341031 15.715742 -0.061260 
0.116250 18.095745 -0.089887 
0.000181 17.009224 -0.099988 
0.001533 16.990234 -0.099897 
0.000812 16.999508 -0.099946 
0.001994 17.109042 -0.099866 
0.012265 17.385799 -0.099153 
0.001250 17.142403 -0.099916 
8.248251 31.050260 0.052633 
0.000173 17.060049 -0.099988 
0.000746 17.030280 -0.099950 
0.096267 17.429019 -0.091925 
0.000126 17.006025 -0.099992 
0.003360 16.871259 -0.099774 
0.001245 17.129170 -0.099917 
0.012353 16.889977 -0.099146 
0.862739 20.655209 0.021001 
1.616180 22.942718 0.135376 
0.132388 16.084744 -0.088165 
1.10168 15.5327 0.0588584 
1.27398 17.8534 0.16949 
1.68108 22.7504 0.195791 
1.47526 27.9493 0.161071 
6.64474 25.4667 0.0724136 
2.81729 31.3867 0.138973 
1.63106 23.4424 0.137525 
4.95209 18.3049 0.111866 
3.33125 36.9204 0.133146 
4.99977 15.298 0.102392 
4.83391 21.7367 0.114527 
4.83848 15.0116 0.0982435 
4.39074 41.9794 0.0855398 
1.4416 17.0995 0.1621 
1.63159 15.5523 0.157059 
2.24754 15.9377 0.146303 
4.36999 27.8922 0.0872008 
1.76876 23.6789 0.157766 
0.329761 15.6894 -0.0628795 
2.72994 15.5534 0.140017 
4.20024 20.3516 0.12349 
0.299117 15.717286 -0.067208 
1.391190 15.171391 0.102692 
0.994143 15.126522 0.041980 
1.902693 19.423208 0.182086 
0.480518 18.142940 -0.040264 
0.093871 16.872074 -0.092162 
0.120613 16.217359 -0.089428 
0.055768 16.435128 -0.095700 
1.844508 15.019354 0.169909 
0.072909 16.393223 -0.094163 
1.713104 15.315053 0.196117 
0.046639 16.692414 -0.096479 
0.044189 16.848751 -0.096683 
0.040902 16.615745 -0.096954 
0.071148 16.581942 -0.094325 
0.026649 16.831542 -0.098086 
0.035177 16.801958 -0.097417 
0.069221 17.255753 -0.094502 
0.078289 16.279391 -0.093662 
8.246316 15.162354 0.052638 
0.019929 16.659268 -0.098594 
0.024389 16.647636 -0.098258 
8.248730 21.162096 0.052632 
0.035618 16.576289 -0.097382 
0.016583 16.782609 -0.098841 
0.006316 16.885143 -0.099571 
0.621276 16.931792 -0.017962 
0.341165 15.654915 -0.061241 
0.259525 15.786601 -0.072618 
0.453416 15.536252 -0.044456 
1.910299 15.792234 0.184943 
6.887278 15.029201 0.071545 
4.414348 15.213197 0.089727 
7.723052 15.058780 0.068188 
1.529998 15.000043 0.159546 
1.273762 15.001125 0.182733 
0.008099 17.302380 -0.099447 
0.001389 16.925878 -0.099907 
0.000016 17.039816 -0.099999 
0.009166 17.175090 -0.099372 
0.003320 17.046376 -0.099776 
0.031238 16.667385 -0.097729 
8.247201 61.937089 0.052636 
0.001219 17.124237 -0.099918 
0.023672 17.465495 -0.098313 
0.001029 16.993316 -0.099931 
0.001076 16.964724 -0.099928 
0.001734 17.130937 -0.099884 
0.004404 16.960823 -0.099703 
7.693756 24.582236 0.068329 
0.000236 16.991631 -0.099984 
0.003588 16.942596 -0.099758 
0.000179 17.029890 -0.099988 
0.009458 16.881155 -0.099352 
0.000458 17.101660 -0.099969 
0.009652 17.196206 -0.099338 
0.005393 17.146992 -0.099635 
0.001091 16.941031 -0.099927 
0.009532 16.775220 -0.099347 
6.356482 17.469786 0.073443 
0.000307 16.996356 -0.099979 
7.835541 15.017918 0.059720 
3.444746 15.053426 0.131902 
4.397377 15.013735 0.085311 
1.687304 15.029112 0.195863 
1.912078 15.006070 0.189220 
0.689925 15.343257 -0.006901 
0.395620 15.588159 -0.053232 
0.244797 15.815925 -0.074571 
0.925970 15.251571 0.031137 
0.364662 15.626686 -0.057820 
0.000801 17.045993 -0.099946 
0.005073 17.237279 -0.099657 
0.001577 16.936698 -0.099894 
0.082868 17.299950 -0.093229 
0.032715 17.216072 -0.097613 
0.007447 17.206864 -0.099493 
0.020863 17.120865 -0.098524 
0.001231 17.141416 -0.099918 
1.8758 23.6183 0.194309 
5.02404 15.0035 0.103409 
1.26188 21.4158 0.181785 
4.97067 17.4038 0.111336 
4.81491 20.6542 0.0977692 
0.144222 16.0547 -0.0868605 
1.16282 21.5919 0.0683156 
1.91307 26.0123 0.18828 
2.3948 26.5683 0.144269 
1.64642 15.6823 0.195317 
1.82365 20.2416 0.166396 
4.45863 15.8381 0.090923 
4.76121 21.3116 0.0967373 
4.7368 25.5186 0.0809614 
1.85716 15.9487 0.195144 
8.10537 53.0748 0.0657146 
4.38954 44.1934 0.0855851 
4.96703 17.0127 0.101317 
1.815 21.1759 0.153291 
1.58009 15.2215 0.194114 
1.72207 18.1283 0.155109 
0.097589 16.232252 -0.091794 
0.176692 15.991982 -0.083115 
0.107518 16.169733 -0.090791 
0.034993 16.684807 -0.097432 
0.046379 16.474440 -0.096501 
0.047688 16.911811 -0.096391 
0.803996 15.285521 0.011535 
0.480195 15.728541 -0.040314 
0.058357 16.407624 -0.095474 
0.071331 16.308958 -0.094309 
0.242291 17.783804 -0.074900 
0.008306 16.933340 -0.099433 
0.044500 17.422641 -0.096658 
0.000159 17.070573 -0.099989 
0.003592 16.864314 -0.099758 
0.002231 17.077423 -0.099850 
0.132797 16.084165 -0.088120 
0.072574 16.326270 -0.094194 
0.111956 16.161788 -0.090334 
0.130445 16.106745 -0.088376 
0.221783 15.865445 -0.077553 
8.247405 15.162061 0.052635 
0.002307 16.955517 -0.099845 
0.015787 17.347056 -0.098899 
0.003672 17.184531 -0.099752 
0.000226 17.031238 -0.099985 
8.247786 31.049712 0.052634 
0.005665 16.841207 -0.099616 
0.000252 17.000314 -0.099983 
0.013491 16.856456 -0.099065 
0.002765 17.073634 -0.099814 
0.007615 16.887847 -0.099481 
8.248730 21.162129 0.052632 
0.001314 17.023255 -0.099912 
0.002009 17.161534 -0.099865 
0.005600 17.053838 -0.099620 
0.382878 15.623164 -0.055131 
0.272910 15.763885 -0.070814 
0.306109 15.711612 -0.066231 
0.324396 15.679646 -0.063645 
0.287832 15.745488 -0.068772 
1.299007 15.001640 0.184398 
2.736613 15.005394 0.139937 
1.233931 15.043929 0.173734 
8.013205 15.034861 0.066504 
1.652768 15.007209 0.140664 
0.000671 16.972913 -0.099955 
0.009975 17.213555 -0.099315 
0.006176 16.871814 -0.099581 
0.009048 17.069919 -0.099381 
0.001993 16.916352 -0.099866 
0.005523 17.067601 -0.099626 
0.000413 17.059548 -0.099972 
8.192254 27.721707 0.063453 
0.001288 17.013953 -0.099914 
0.005752 17.241256 -0.099610 
0.001134 17.091153 -0.099924 
0.003283 17.142890 -0.099779 
0.004575 16.865432 -0.099691 
0.000498 17.102047 -0.099967 
0.000871 17.107492 -0.099942 
0.010109 16.794053 -0.099306 
0.000100 17.062116 -0.099993 
0.000077 17.010750 -0.099995 
0.000337 17.007503 -0.099978 
0.024975 16.725550 -0.098214 
0.001706 16.955627 -0.099886 
0.017643 16.666638 -0.098763 
0.001540 16.922079 -0.099897 
0.000541 16.968005 -0.099964 
0.000822 17.002649 -0.099945 
1.330656 15.019530 0.186100 
4.234195 15.007118 0.123087 
1.879719 15.033675 0.194075 
1.281978 15.019770 0.168948 
1.771859 15.055383 0.154115 
0.943917 15.365226 0.034001 
0.944072 16.386471 0.034025 
1.710203 16.438034 0.149031 
2.46664 15.049 0.143318 
5.0534 42.1141 0.105748 
4.63791 15.0047 0.0817922 
1.72888 15.4799 0.151786 
0.828884 15.2018 0.0155503 
5.05377 40.123 0.106931 
1.90495 15.1728 0.182805 
3.01772 18.2609 0.136647 
5.31428 24.3634 0.0775943 
4.37341 18.0419 0.0878243 
4.1842 28.2295 0.123678 
1.1419 15.2503 0.0650923 
6.66882 17.4377 0.0723278 
1.1282 17.3313 0.0629738 
5.05236 38.0284 0.105547 
4.82957 15.0033 0.11461 
1.91169 24.973 0.185746 
1.55969 26.9119 0.193674 
1.78834 19.055 0.196307 
1.3754 22.3197 0.164408 
5.05303 19.0061 0.10567 
1.151286 15.067082 0.066540 
4.836765 19.462623 0.098208 
0.698184 15.293831 -0.005567 
0.563333 15.405437 -0.027226 
0.405373 15.568158 -0.051769 
0.316748 15.692575 -0.064732 
0.153625 16.035224 -0.085800 
0.146812 16.042685 -0.086571 
0.102497 16.206568 -0.091301 
0.067521 16.395633 -0.094656 
0.065787 16.771727 -0.094813 
0.075034 17.019605 -0.093966 
0.053271 16.691528 -0.095916 
0.043639 16.784296 -0.096729 
0.034889 16.658320 -0.097440 
0.047138 16.581549 -0.096437 
0.121649 16.991028 -0.089318 
0.048881 16.457913 -0.096290 
0.061722 16.768584 -0.095177 
0.080835 16.268338 -0.093422 
0.058061 16.377711 -0.095500 
0.000205 17.053584 -0.099986 
0.002426 17.083513 -0.099837 
0.039184 17.525245 -0.097095 
0.005533 16.950558 -0.099625 
0.005437 16.896844 -0.099632 
0.107478 16.174717 -0.090795 
0.077081 16.312288 -0.093775 
0.119626 16.132736 -0.089533 
0.109887 16.158737 -0.090548 
0.123653 16.123905 -0.089105 
0.009778 17.222151 -0.099329 
0.001363 16.962804 -0.099909 
0.010282 17.174315 -0.099294 
0.012551 16.903654 -0.099132 
0.003091 16.987411 -0.099792 
8.247045 15.162253 0.052636 
0.067851 17.628542 -0.094626 
8.246989 61.936450 0.052636 
0.002904 16.965743 -0.099805 
8.246306 31.048321 0.052638 
0.004494 16.840522 -0.099696 
0.000640 16.991891 -0.099957 
0.000607 17.112255 -0.099959 
0.002670 16.893347 -0.099821 
0.002488 17.180078 -0.099833 
0.280226 15.749575 -0.069817 
0.290551 15.733603 -0.068397 
0.302693 15.713235 -0.066709 
0.335067 15.660633 -0.062119 
0.395622 15.584972 -0.053231 
8.050885 15.009594 0.061387 
1.910545 15.008572 0.185071 
1.716508 15.016368 0.149958 
4.570747 15.085637 0.093250 
4.623261 15.037322 0.094221 
0.000729 16.960693 -0.099951 
0.000136 17.008677 -0.099991 
0.012369 16.796917 -0.099145 
0.005955 17.128309 -0.099596 
0.002432 16.896002 -0.099837 
0.005903 17.155284 -0.099600 
0.002335 16.993946 -0.099843 
8.247399 21.160870 0.052635 
0.000647 17.080510 -0.099957 
4.911455 28.425121 0.099848 
0.007941 16.869359 -0.099458 
0.000030 17.050138 -0.099998 
0.029705 17.139800 -0.097849 
0.000235 17.039067 -0.099984 
0.000713 17.111836 -0.099952 
0.013788 17.192817 -0.099043 
0.007067 16.813706 -0.099519 
0.001458 16.956786 -0.099902 
0.000167 17.076333 -0.099989 
0.015812 16.761220 -0.098897 
0.144435 17.940000 -0.086837 
0.002835 16.902098 -0.099809 
0.012350 16.716396 -0.099147 
0.355599 19.253 -0.0591462 
1.70018 27.0696 0.195999 
1.91309 15.1082 0.188245 
2.49198 17.475 0.142989 
1.25651 17.6885 0.0826003 
3.43301 15.6168 0.13203 
5.04206 17.9867 0.108296 
5.53771 17.1392 0.0765944 
0.476906 15.5621 -0.040825 
1.89822 21.46 0.19245 
4.89805 19.7971 0.113197 
5.05419 31.9681 0.105962 
4.61805 37.7351 0.118095 
5.00944 42.2828 0.102764 
1.24206 16.6489 0.17243 
1.82092 21.6404 0.165949 
1.92174 17.3716 0.151376 
8.14817 56.1292 0.0624682 
6.15717 25.0194 0.0741672 
4.94052 40.7943 0.112174 
1.30758 23.6879 0.184892 
0.480821 16.167722 -0.040217 
1.306809 15.001236 0.184849 
8.075733 15.147255 0.053072 
7.827705 15.050415 0.067653 
5.010473 15.077664 0.109962 
1.652023 15.013993 0.140556 
1.824420 15.373768 0.195948 
1.120292 15.452861 0.061749 
0.122008 16.321089 -0.089280 
0.450711 15.807475 -0.044872 
1.471013 15.618956 0.191379 
0.035146 16.606944 -0.097420 
0.061251 16.500528 -0.095218 
0.000506 17.047811 -0.099966 
0.006621 16.805118 -0.099550 
0.033296 17.491320 -0.097567 
0.002622 17.147731 -0.099824 
0.001773 16.924799 -0.099881 
0.012610 16.855260 -0.099128 
0.010406 17.326173 -0.099285 
0.030095 17.398620 -0.097819 
0.076751 17.877743 -0.093806 
0.005467 16.952643 -0.099630 
0.003575 17.188417 -0.099759 
0.032778 17.620016 -0.097608 
0.021502 16.640824 -0.098476 
0.099749 16.255242 -0.091578 
0.122460 16.158595 -0.089232 
0.162447 16.075091 -0.084787 
0.110161 16.202836 -0.090520 
0.386548 17.248947 -0.054585 
0.056131 17.452136 -0.095668 
0.693660 18.496722 -0.006298 
0.000264 17.060400 -0.099982 
4.593860 27.887609 0.082217 
0.001190 17.101900 -0.099920 
1.236421 15.396994 0.173267 
0.121486 16.183283 -0.089336 
0.123939 16.144044 -0.089075 
0.617017 19.228358 -0.018646 
0.114923 16.222375 -0.090026 
0.001232 16.935721 -0.099918 
0.007237 17.302623 -0.099507 
0.001824 17.168339 -0.099878 
0.004970 16.961854 -0.099664 
0.006077 17.186550 -0.099588 
0.001066 16.978875 -0.099929 
8.246531 31.048138 0.052637 
0.000010 17.037151 -0.099999 
0.002254 17.070473 -0.099849 
0.001254 16.999802 -0.099916 
0.000358 17.017242 -0.099976 
0.002553 16.946624 -0.099829 
0.000357 17.090970 -0.099976 
0.018247 17.262377 -0.098718 
0.001281 17.064714 -0.099914 
0.340962 15.739467 -0.061270 
0.300831 15.795947 -0.066969 
1.767646 15.173030 0.196355 
0.318253 15.767061 -0.064518 
0.322841 15.762497 -0.063867 
4.904395 15.065379 0.113053 
6.000314 15.048785 0.074750 
1.939514 15.057825 0.151072 
1.648460 15.036497 0.195348 
2.625712 15.000822 0.141294 
0.004378 17.135728 -0.099704 
0.001484 16.924564 -0.099901 
0.003165 16.870656 -0.099787 
0.043624 17.542982 -0.096730 
0.000209 17.017163 -0.099986 
0.014625 17.097047 -0.098983 
0.049218 17.562488 -0.096262 
0.002408 17.098818 -0.099838 
0.019251 17.195667 -0.098644 
0.024026 17.330501 -0.098286 
8.248029 21.162489 0.052634 
0.018258 17.035623 -0.098718 
0.001114 17.130258 -0.099925 
4.32151 28.4153 0.12203 
1.79422 18.0316 0.161689 
2.18897 32.4827 0.147149 
4.24705 17.8591 0.122933 
2.88269 36.4043 0.138204 
1.75034 30.4462 0.154538 
5.01497 24.834 0.102995 
5.0008 23.1835 0.0792173 
4.75862 17.0206 0.115888 
1.74647 15.2518 0.196318 
4.46028 29.9669 0.0909624 
4.7921 21.3079 0.097324 
1.64302 27.713 0.195264 
5.39197 49.9762 0.0772354 
5.04608 15.6856 0.104804 
1.73989 17.4866 0.153421 
1.6764 15.0227 0.144092 
1.31719 22.0421 0.091714 
4.30097 18.9743 0.122282 
1.88753 18.3319 0.151972 
1.67486 16.3432 0.195714 
8.247922 31.049596 0.052634 
8.248164 61.938490 0.052634 
7.516035 29.099871 0.056650 
7.779268 28.761875 0.059317 
8.248257 21.161973 0.052633 
7.786259 21.761394 0.059367 
8.248548 15.162018 0.052633 
7.820371 15.672380 0.059611 
8.188898 15.010444 0.063314 
7.668409 15.170873 0.058483 
8.151659 18.579327 0.062520 
4.907616 15.001965 0.099757 
3.371326 15.061941 0.132706 
1.510766 15.001343 0.160064 
1.888968 15.040141 0.193398 
5.051327 15.172290 0.107383 
1.865154 15.455503 0.194833 
0.208326 16.627909 -0.079254 
0.454556 16.876255 -0.044281 
0.124072 17.129193 -0.089061 
0.259192 16.130866 -0.072662 
0.150140 16.969739 -0.086196 
0.091800 16.741001 -0.092365 
0.076434 16.642313 -0.093836 
0.096780 16.620825 -0.091874 
0.035673 16.859368 -0.097378 
0.013735 16.824340 -0.099047 
0.005615 17.044677 -0.099619 
0.005791 16.842018 -0.099607 
0.000904 17.001989 -0.099940 
0.008008 16.943824 -0.099453 
0.016689 17.206559 -0.098833 
0.002269 17.068200 -0.099848 
0.008728 17.034663 -0.099403 
0.029974 17.593487 -0.097828 
0.007786 17.189370 -0.099469 
0.090474 16.467631 -0.092495 
1.784005 21.599423 0.160102 
0.141853 16.365507 -0.087124 
0.125571 16.428325 -0.088901 
0.157735 16.326043 -0.085330 
0.000922 17.119212 -0.099938 
0.003638 17.160476 -0.099755 
0.000994 16.945590 -0.099934 
0.001281 17.000886 -0.099914 
0.005187 17.228251 -0.099649 
0.129021 16.389156 -0.088530 
0.139806 16.335405 -0.087351 
0.059018 16.531659 -0.095415 
0.137809 16.351979 -0.087572 
0.112084 16.393821 -0.090321 
0.000206 17.056056 -0.099986 
0.701844 18.530717 -0.004976 
0.000213 17.028459 -0.099986 
0.009215 17.266013 -0.099369 
0.001578 17.117071 -0.099894 
0.002038 16.928760 -0.099863 
0.000030 17.021196 -0.099998 
0.001042 17.068804 -0.099930 
0.000333 16.983181 -0.099978 
0.000352 16.989620 -0.099977 
0.007323 17.278036 -0.099501 
0.000132 17.071752 -0.099991 
0.004791 17.239427 -0.099676 
0.000772 17.120635 -0.099948 
0.000258 17.070389 -0.099983 
0.314167 16.076014 -0.065097 
0.448287 15.937053 -0.045245 
0.387892 15.991958 -0.054385 
0.411847 15.906430 -0.050793 
0.417236 15.570078 -0.049979 
4.469972 15.058490 0.083757 
1.894378 15.028014 0.179815 
1.362919 15.001949 0.187568 
4.567587 15.008677 0.082494 
1.236795 15.038330 0.173204 
0.005813 17.099506 -0.099606 
0.007241 16.817205 -0.099507 
0.039729 17.311260 -0.097050 
1.85138 15.9793 0.171113 
1.29566 15.0001 0.168108 
4.39115 47.2519 0.0855246 
1.61531 20.1199 0.157433 
4.79742 19.2775 0.115208 
1.73285 17.9314 0.154889 
1.24749 15.1797 0.171779 
4.85386 24.9501 0.114134 
6.31279 15.6898 0.0736008 
1.33649 15.0644 0.166031 
3.59521 17.485 0.130261 
1.04796 15.1191 0.0504642 
0.549246 18.4369 -0.0294637 
4.41382 22.2195 0.0848499 
5.00373 20.9817 0.110228 
4.45729 15.2724 0.0908908 
5.05441 17.4728 0.106724 
2.38191 35.6456 0.144442 
4.98865 17.5419 0.110766 
1.46873 22.8688 0.114048 
1.89279 23.7944 0.179425 
0.118225 16.972061 -0.089680 
0.094332 16.723772 -0.092117 
0.086882 16.869348 -0.092844 
0.104098 16.258414 -0.091140 
0.078299 16.538628 -0.093661 
0.063387 16.491730 -0.095028 
0.044576 16.728146 -0.096651 
0.053577 16.733311 -0.095889 
0.064305 16.662138 -0.094946 
0.752532 15.302845 0.003219 
0.037509 16.541759 -0.097230 
0.035104 16.827800 -0.097423 
8.247668 31.049378 0.052635 
0.046864 16.505878 -0.096460 
0.006727 16.814766 -0.099543 
0.015732 16.734662 -0.098903 
8.247933 21.162589 0.052634 
0.052806 17.506090 -0.095956 
0.000828 17.092032 -0.099945 
0.000766 17.056525 -0.099949 
1.054600 19.786048 0.051506 
5.054676 15.015414 0.106584 
8.114109 15.025397 0.065623 
1.732557 15.011430 0.152331 
4.417663 15.012357 0.084756 
1.756621 15.028322 0.155927 
0.269235 15.777919 -0.071312 
1.460617 15.783170 0.112866 
1.722448 17.329473 0.150834 
0.413057 15.680201 -0.050611 
0.310290 15.699052 -0.065643 
0.060997 16.472239 -0.095241 
0.019401 17.133884 -0.098633 
0.001622 16.950995 -0.099891 
0.007216 17.000754 -0.099509 
0.017022 16.793314 -0.098808 
0.001595 16.941053 -0.099893 
0.005609 17.269107 -0.099620 
8.248990 61.939770 0.052632 
0.007742 17.130356 -0.099472 
0.002492 17.029190 -0.099833 
0.007715 17.279172 -0.099474 
0.000092 17.008144 -0.099994 
0.007126 16.858564 -0.099515 
0.008147 16.846030 -0.099444 
0.037883 16.614841 -0.097200 
0.140809 16.099816 -0.087240 
1.567816 15.126762 0.193853 
0.135799 16.095252 -0.087792 
1.601037 24.939909 0.194533 
0.126620 16.188568 -0.088788 
0.000161 17.044310 -0.099989 
0.000602 17.103637 -0.099960 
0.002293 17.183450 -0.099846 
0.029378 17.272846 -0.097875 
0.021543 17.486215 -0.098473 
0.115005 16.215122 -0.090017 
0.121779 16.203617 -0.089305 
0.116080 16.249518 -0.089905 
0.099601 16.199246 -0.091593 
0.169964 16.007623 -0.083910 
0.000625 16.984827 -0.099958 
0.002842 16.974305 -0.099809 
0.000805 17.055074 -0.099946 
0.000492 17.100045 -0.099967 
0.002645 17.145389 -0.099822 
0.000804 17.008781 -0.099946 
0.005430 17.205793 -0.099632 
0.009081 16.788935 -0.099378 
0.000110 17.015958 -0.099993 
0.001276 17.101045 -0.099915 
0.002617 16.901582 -0.099824 
0.005036 16.829527 -0.099659 
0.008837 16.786014 -0.099395 
0.001352 16.928584 -0.099910 
0.000360 16.980466 -0.099976 
0.678537 15.543821 -0.008740 
0.710934 15.654901 -0.003507 
0.742934 15.907413 0.001667 
