1.22977 20.5568 0.174881 
0.504651 18.8708 -0.0364964 
1.48709 15.5891 0.191843 
8.1927 27.6013 0.0634746 
1.6442 26.2725 0.195282 
1.69195 15.0632 0.195914 
1.74932 17.7708 0.196328 
5.04044 16.0582 0.108414 
5.04077 45.0318 0.0789904 
1.26448 17.1232 0.182005 
5.02891 37.9158 0.109113 
1.91712 34.2469 0.151456 
1.91179 15.0318 0.185815 
5.03597 15.0564 0.0790173 
4.75262 19.4468 0.11599 
1.85421 23.4025 0.195244 
3.6438 15.0078 0.129731 
7.46254 52.009 0.0693512 
1.41869 15.8883 0.189703 
2.3815 15.0456 0.144447 
1.47271 24.9972 0.161147 
0.332004 18.513405 -0.062558 
0.301567 18.618041 -0.066866 
0.236740 18.351777 -0.075625 
0.151605 18.011741 -0.086030 
0.077232 17.688251 -0.093761 
0.090148 17.926806 -0.092527 
0.093832 18.061725 -0.092166 
0.348441 18.932358 -0.060188 
0.051557 17.748855 -0.096063 
0.071053 17.887911 -0.094334 
0.053162 17.670877 -0.095925 
6.084436 15.210099 0.074436 
4.836351 15.016229 0.098200 
1.229766 15.017039 0.177206 
1.651385 15.016260 0.140463 
5.023736 15.059971 0.103394 
1.893327 16.125082 0.179556 
0.873497 16.145414 0.022730 
4.896149 18.642325 0.079850 
0.382165 16.602788 -0.055237 
1.884778 15.497657 0.177586 
0.025172 17.389471 -0.098199 
0.035982 17.493617 -0.097353 
0.032604 17.352237 -0.097622 
0.011210 17.337338 -0.099228 
0.017595 17.424277 -0.098766 
0.004876 17.062614 -0.099670 
0.001577 16.929540 -0.099894 
0.000098 17.053902 -0.099993 
0.002100 16.925404 -0.099859 
8.248346 21.161917 0.052633 
0.013169 16.788183 -0.099088 
0.005239 17.202462 -0.099645 
0.015406 16.681569 -0.098926 
0.007738 16.827470 -0.099472 
0.012952 16.734875 -0.099104 
0.723647 18.457772 -0.001451 
1.467792 24.050776 0.161293 
0.088746 16.252965 -0.092663 
0.060999 16.364362 -0.095241 
0.124004 16.113077 -0.089068 
0.025522 16.687643 -0.098172 
0.000940 17.102287 -0.099937 
0.023431 16.615208 -0.098331 
0.003738 16.915121 -0.099748 
0.003115 17.181434 -0.099790 
0.286073 15.766284 -0.069015 
0.097631 16.205187 -0.091790 
0.107670 16.165055 -0.090776 
0.244464 15.859167 -0.074615 
0.128876 16.095484 -0.088545 
0.001720 17.019306 -0.099885 
0.004121 16.852575 -0.099722 
0.000314 17.007688 -0.099979 
0.001919 17.170704 -0.099871 
0.000724 16.997673 -0.099952 
0.001752 17.115174 -0.099883 
0.000069 17.020637 -0.099995 
0.000360 17.094860 -0.099976 
0.002680 17.160630 -0.099820 
0.001422 17.143746 -0.099905 
0.022955 16.605859 -0.098367 
0.000641 16.969459 -0.099957 
0.000045 17.030338 -0.099997 
0.005858 16.864665 -0.099603 
0.000471 17.091505 -0.099969 
1.700573 15.019201 0.147619 
0.382571 15.596848 -0.055176 
0.348367 15.646161 -0.060198 
0.659637 15.363131 -0.011789 
0.259061 15.800108 -0.072680 
1.586883 15.010966 0.158107 
3.018490 15.018415 0.136639 
1.407156 15.032709 0.189295 
1.419150 15.020885 0.189719 
1.881790 15.025410 0.193940 
0.058811 17.768620 -0.095434 
0.006253 16.808367 -0.099575 
8.248091 31.050100 0.052634 
