1.63033 15.0989 0.195059 
4.83798 16.344 0.0802313 
1.71551 15.2345 0.155243 
4.85314 17.6672 0.114149 
2.672 17.2487 0.140722 
4.20927 15.3167 0.123383 
4.87454 18.2258 0.0990054 
4.36996 23.5944 0.0871418 
1.74029 15.0769 0.153481 
5.04476 17.2617 0.108081 
4.90416 31.9747 0.113058 
1.58598 20.7434 0.158129 
4.62192 17.2189 0.118038 
1.70357 24.3912 0.196032 
1.89324 25.0931 0.179534 
0.177494 16.5852 -0.0830199 
1.75113 15.0208 0.155101 
3.60131 36.9776 0.130194 
3.37322 35.1974 0.132685 
4.71627 42.9385 0.0959073 
4.15986 18.7841 0.123963 
4.863131 34.488441 0.098759 
0.256473 16.541862 -0.073025 
0.203794 16.827862 -0.079819 
0.148274 16.772375 -0.086406 
0.084280 16.826099 -0.093094 
0.104600 16.794865 -0.091089 
1.260126 18.734488 0.083146 
0.386087 16.068495 -0.054654 
0.210901 15.963401 -0.078931 
0.200801 16.183936 -0.080190 
0.479712 18.301505 -0.040389 
0.056588 16.759043 -0.095628 
0.042034 17.004088 -0.096861 
0.006212 17.077037 -0.099578 
0.014119 17.034874 -0.099020 
0.006157 17.280170 -0.099582 
0.157052 16.164896 -0.085409 
0.139009 16.472986 -0.087439 
0.121503 16.602713 -0.089334 
0.265759 17.311210 -0.071781 
0.162998 16.190595 -0.084723 
0.001372 16.938333 -0.099908 
0.005050 17.186184 -0.099658 
0.000874 17.127363 -0.099942 
0.005131 16.894000 -0.099653 
0.001351 16.952602 -0.099910 
8.247463 31.049062 0.052635 
8.247300 61.936737 0.052636 
0.010728 16.839332 -0.099262 
0.000991 17.028983 -0.099934 
0.017859 16.853110 -0.098747 
0.000016 17.039666 -0.099999 
0.005405 16.946702 -0.099634 
0.003172 16.960158 -0.099787 
0.000766 17.019886 -0.099949 
8.185683 15.010120 0.063208 
0.608738 15.376843 -0.019974 
0.445321 15.703454 -0.045700 
0.643432 15.626013 -0.014399 
0.294810 15.746627 -0.067807 
0.356053 15.699980 -0.059080 
4.493623 15.008931 0.091713 
1.877361 15.049841 0.194219 
5.756217 15.005577 0.075694 
3.477507 15.036073 0.131544 
1.231178 15.011694 0.177695 
0.000918 16.980200 -0.099939 
0.008639 16.767299 -0.099409 
0.001108 16.937877 -0.099926 
0.003477 16.874174 -0.099766 
8.247224 21.161146 0.052636 
0.000143 17.005021 -0.099990 
0.004922 17.074073 -0.099667 
0.002695 17.082520 -0.099819 
0.000369 17.078413 -0.099975 
0.002093 17.075250 -0.099860 
0.000909 17.095944 -0.099939 
0.003484 16.883844 -0.099765 
8.072007 25.363975 0.066032 
0.000277 16.995529 -0.099982 
0.007242 16.871241 -0.099507 
0.000065 17.015858 -0.099996 
0.009102 17.165546 -0.099377 
0.000515 17.035972 -0.099966 
0.006349 17.140128 -0.099569 
0.001355 17.064409 -0.099909 
0.019803 16.773698 -0.098603 
0.004612 16.871551 -0.099688 
0.000781 16.981021 -0.099948 
0.028824 16.792437 -0.097918 
0.091322 16.703229 -0.092412 
4.290789 15.011949 0.122406 
1.326848 15.041162 0.166478 
4.848516 15.002112 0.098451 
4.974344 15.016153 0.111224 
1.912038 15.024545 0.185997 
0.876651 15.839038 0.023237 
0.726262 15.271664 -0.001029 
0.399272 16.934950 -0.052685 
