1.64473 15.2076 0.195291 
1.2063 15.0617 0.0749767 
1.7185 18.5131 0.150252 
1.33323 27.8817 0.186225 
5.48429 15.3538 0.0768249 
1.59684 19.2738 0.194452 
4.38106 22.1441 0.0883873 
3.92501 28.8876 0.126636 
4.48179 44.8635 0.0914553 
1.6124 26.2787 0.194745 
4.44122 27.3794 0.0904892 
1.8319 27.0328 0.195816 
4.61332 20.362 0.0940396 
0.0449784 17.0233 -0.0966177 
4.93024 16.6756 0.100311 
1.81141 15.417 0.196126 
2.99511 35.7423 0.136905 
2.88994 15.5313 0.13812 
3.74107 18.1876 0.128667 
1.91311 22.6971 0.188197 
5.87548 22.9791 0.0752265 
0.037234 16.515323 -0.097252 
0.015064 16.755760 -0.098951 
0.030387 16.714650 -0.097796 
0.024152 16.602209 -0.098277 
0.020901 16.803524 -0.098521 
0.017713 16.961415 -0.098758 
0.018070 16.650751 -0.098731 
0.022677 16.908593 -0.098388 
0.054716 16.459891 -0.095791 
0.010800 16.751029 -0.099257 
0.005400 16.820643 -0.099634 
8.248181 21.162082 0.052634 
0.008176 16.773322 -0.099442 
8.247704 61.937764 0.052635 
0.001085 16.938665 -0.099927 
8.248198 15.162000 0.052634 
0.014352 16.746535 -0.099003 
0.004935 16.847990 -0.099666 
0.038361 16.552231 -0.097161 
0.004074 16.975077 -0.099725 
0.001090 16.969805 -0.099927 
7.087327 15.110434 0.070814 
1.384172 15.067144 0.164075 
1.680363 15.001991 0.195782 
8.052134 15.009566 0.061398 
4.605691 15.073572 0.093900 
0.221904 15.894782 -0.077537 
1.817158 15.705641 0.165337 
0.441548 15.589417 -0.046278 
1.376739 16.638924 0.164356 
0.290344 15.764237 -0.068426 
0.018823 17.164020 -0.098676 
0.004025 16.894819 -0.099728 
0.000906 17.100746 -0.099939 
0.008795 16.897004 -0.099398 
0.000011 17.038085 -0.099999 
0.004318 16.855825 -0.099708 
8.247800 31.049568 0.052634 
0.005190 17.163255 -0.099649 
0.000348 17.066946 -0.099977 
4.450715 41.008754 0.084081 
0.102973 16.422276 -0.091253 
0.002938 16.881696 -0.099802 
0.000239 17.015798 -0.099984 
0.016494 16.844888 -0.098847 
0.001565 17.096563 -0.099895 
0.674673 19.234675 -0.009364 
0.110409 16.163176 -0.090494 
0.288213 17.011835 -0.068720 
0.120846 16.124930 -0.089404 
0.110357 16.158800 -0.090500 
0.000160 17.075124 -0.099989 
0.000144 17.046241 -0.099990 
0.002189 17.180905 -0.099853 
0.000708 17.105694 -0.099953 
0.000135 17.002026 -0.099991 
0.092865 16.222377 -0.092261 
0.125397 16.113658 -0.088919 
0.116587 16.143010 -0.089852 
0.131932 16.086218 -0.088214 
0.121901 16.119618 -0.089292 
0.001713 17.080830 -0.099885 
0.001021 17.024727 -0.099932 
0.069291 17.407642 -0.094495 
0.001284 16.975103 -0.099914 
0.004974 16.915027 -0.099663 
0.108674 17.027567 -0.090673 
0.016762 16.739520 -0.098827 
0.003747 17.146323 -0.099747 
0.018344 16.678348 -0.098711 
0.031835 16.608587 -0.097682 
0.001700 16.938600 -0.099886 
0.003139 17.112539 -0.099789 
0.015144 16.709241 -0.098945 
0.014368 16.700613 -0.099002 
0.012589 17.195497 -0.099129 
0.402849 15.679688 -0.052148 
0.501057 15.587913 -0.037059 
0.569123 15.432906 -0.026305 
