0.185225 17.5421 -0.0820933 
4.69067 40.5615 0.0954421 
4.99071 42.666 0.10207 
0.303028 15.7468 -0.0666621 
1.90622 19.6056 0.183244 
7.56761 29.2936 0.0575395 
1.30759 16.4202 0.184893 
5.01004 39.1375 0.10998 
1.23339 15.1144 0.178254 
2.27725 35.5004 0.145882 
5.19634 21.3426 0.0781675 
1.86366 15.2716 0.194896 
1.41942 32.5147 0.162825 
1.69764 27.4977 0.155615 
1.90537 15.0511 0.191338 
4.69801 21.5769 0.0955752 
1.79236 16.4773 0.196286 
4.99317 17.815 0.0792614 
4.3785 15.102 0.121322 
4.94773 19.6433 0.111984 
0.976841 15.2108 0.0392372 
0.014608 16.736288 -0.098984 
0.080975 16.586992 -0.093409 
0.054227 16.393551 -0.095833 
0.013434 16.709702 -0.099069 
0.028508 16.767232 -0.097942 
0.000680 17.060629 -0.099955 
0.214286 15.911977 -0.078504 
0.291190 15.730777 -0.068309 
0.355053 15.642426 -0.059226 
0.232661 15.842083 -0.076155 
0.451477 15.605479 -0.044755 
8.113252 15.025474 0.065632 
5.053274 15.010846 0.107048 
1.250441 15.039876 0.171465 
4.955665 15.011911 0.079483 
4.456934 15.121046 0.083972 
0.035326 17.466654 -0.097406 
0.004971 17.117494 -0.099664 
0.002774 16.881221 -0.099814 
0.033070 17.423645 -0.097585 
0.020117 17.486599 -0.098580 
8.248630 21.161971 0.052632 
0.003787 16.963506 -0.099745 
0.001031 17.130131 -0.099931 
0.033665 16.782987 -0.097538 
0.006066 16.969302 -0.099588 
0.111904 17.952121 -0.090340 
0.025408 17.255991 -0.098181 
0.000274 17.018214 -0.099982 
0.006321 17.108652 -0.099571 
8.248064 61.938150 0.052634 
0.001901 17.154836 -0.099873 
0.016293 17.250477 -0.098862 
0.000339 16.988812 -0.099977 
0.006838 17.269520 -0.099535 
0.012063 16.881540 -0.099167 
0.000861 16.961810 -0.099942 
0.003006 16.891339 -0.099798 
0.003289 17.130326 -0.099779 
0.002040 17.126151 -0.099863 
0.002620 16.899167 -0.099824 
1.232505 15.011908 0.178049 
1.484363 15.031727 0.191765 
2.880691 15.020835 0.138228 
4.566733 15.005453 0.118829 
1.660752 15.002382 0.195527 
1.255595 17.707313 0.082461 
0.392465 15.604480 -0.053703 
0.227319 15.857653 -0.076844 
0.367620 15.628226 -0.057385 
0.226165 15.858044 -0.076992 
0.008932 16.826725 -0.099389 
0.070845 17.469538 -0.094353 
0.001124 16.945596 -0.099925 
0.000513 17.103636 -0.099966 
0.011729 17.169666 -0.099191 
0.000080 17.063176 -0.099995 
0.000983 17.058310 -0.099934 
0.000317 17.073495 -0.099979 
0.001019 17.107065 -0.099932 
0.004909 17.192554 -0.099668 
0.000121 17.046559 -0.099992 
0.009954 17.228791 -0.099317 
0.005012 16.920533 -0.099661 
0.000087 17.022497 -0.099994 
0.000268 16.990396 -0.099982 
0.833878 20.767906 0.016355 
0.113034 16.167947 -0.090223 
0.088001 16.349547 -0.092735 
0.407022 18.378873 -0.051521 
0.141662 16.075976 -0.087146 
0.079726 17.978248 -0.093527 
0.000020 17.024570 -0.099999 
0.022530 17.507192 -0.098399 
0.360957 18.589888 -0.058363 
1.606577 23.588433 0.194638 
0.137010 16.126483 -0.087659 
0.113629 16.982051 -0.090161 
0.085708 16.427761 -0.092957 
