1.10168 15.5327 0.0588584 
1.27398 17.8534 0.16949 
1.68108 22.7504 0.195791 
1.47526 27.9493 0.161071 
6.64474 25.4667 0.0724136 
2.81729 31.3867 0.138973 
1.63106 23.4424 0.137525 
4.95209 18.3049 0.111866 
3.33125 36.9204 0.133146 
4.99977 15.298 0.102392 
4.83391 21.7367 0.114527 
4.83848 15.0116 0.0982435 
4.39074 41.9794 0.0855398 
1.4416 17.0995 0.1621 
1.63159 15.5523 0.157059 
2.24754 15.9377 0.146303 
4.36999 27.8922 0.0872008 
1.76876 23.6789 0.157766 
0.329761 15.6894 -0.0628795 
2.72994 15.5534 0.140017 
4.20024 20.3516 0.12349 
0.299117 15.717286 -0.067208 
1.391190 15.171391 0.102692 
0.994143 15.126522 0.041980 
1.902693 19.423208 0.182086 
0.480518 18.142940 -0.040264 
0.093871 16.872074 -0.092162 
0.120613 16.217359 -0.089428 
0.055768 16.435128 -0.095700 
1.844508 15.019354 0.169909 
0.072909 16.393223 -0.094163 
1.713104 15.315053 0.196117 
0.046639 16.692414 -0.096479 
0.044189 16.848751 -0.096683 
0.040902 16.615745 -0.096954 
0.071148 16.581942 -0.094325 
0.026649 16.831542 -0.098086 
0.035177 16.801958 -0.097417 
0.069221 17.255753 -0.094502 
0.078289 16.279391 -0.093662 
8.246316 15.162354 0.052638 
0.019929 16.659268 -0.098594 
0.024389 16.647636 -0.098258 
8.248730 21.162096 0.052632 
0.035618 16.576289 -0.097382 
0.016583 16.782609 -0.098841 
0.006316 16.885143 -0.099571 
0.621276 16.931792 -0.017962 
0.341165 15.654915 -0.061241 
0.259525 15.786601 -0.072618 
0.453416 15.536252 -0.044456 
1.910299 15.792234 0.184943 
6.887278 15.029201 0.071545 
4.414348 15.213197 0.089727 
7.723052 15.058780 0.068188 
1.529998 15.000043 0.159546 
1.273762 15.001125 0.182733 
0.008099 17.302380 -0.099447 
0.001389 16.925878 -0.099907 
0.000016 17.039816 -0.099999 
0.009166 17.175090 -0.099372 
0.003320 17.046376 -0.099776 
0.031238 16.667385 -0.097729 
8.247201 61.937089 0.052636 
0.001219 17.124237 -0.099918 
0.023672 17.465495 -0.098313 
0.001029 16.993316 -0.099931 
0.001076 16.964724 -0.099928 
0.001734 17.130937 -0.099884 
0.004404 16.960823 -0.099703 
7.693756 24.582236 0.068329 
0.000236 16.991631 -0.099984 
0.003588 16.942596 -0.099758 
0.000179 17.029890 -0.099988 
0.009458 16.881155 -0.099352 
0.000458 17.101660 -0.099969 
0.009652 17.196206 -0.099338 
0.005393 17.146992 -0.099635 
0.001091 16.941031 -0.099927 
0.009532 16.775220 -0.099347 
6.356482 17.469786 0.073443 
0.000307 16.996356 -0.099979 
7.835541 15.017918 0.059720 
3.444746 15.053426 0.131902 
4.397377 15.013735 0.085311 
1.687304 15.029112 0.195863 
1.912078 15.006070 0.189220 
0.689925 15.343257 -0.006901 
0.395620 15.588159 -0.053232 
0.244797 15.815925 -0.074571 
0.925970 15.251571 0.031137 
0.364662 15.626686 -0.057820 
0.000801 17.045993 -0.099946 
0.005073 17.237279 -0.099657 
0.001577 16.936698 -0.099894 
0.082868 17.299950 -0.093229 
0.032715 17.216072 -0.097613 
0.007447 17.206864 -0.099493 
0.020863 17.120865 -0.098524 
0.001231 17.141416 -0.099918 
