1.85423 21.0905 0.195244 
4.3751 20.4785 0.0863286 
1.28278 17.9542 0.168895 
1.40018 22.6179 0.104016 
4.41689 43.2638 0.0847749 
4.98814 24.0735 0.0792907 
5.05467 31.6431 0.106181 
5.04604 35.9309 0.107969 
1.85381 15.2263 0.195257 
4.56651 22.1991 0.0825053 
1.37172 30.4301 0.164551 
4.3185 16.7022 0.122067 
4.845 15.1063 0.11431 
4.85879 42.0269 0.0986665 
2.12178 16.3603 0.148151 
1.22986 15.111 0.174845 
1.14625 15.1223 0.0657632 
1.19874 21.5536 0.0738232 
1.26836 16.3023 0.182319 
4.36457 32.3955 0.121496 
1.86974 23.2825 0.194625 
8.248191 31.050205 0.052634 
7.516609 29.701748 0.056670 
7.540859 29.171677 0.057185 
8.247445 15.162127 0.052635 
7.523663 15.053420 0.056867 
8.246428 61.934425 0.052638 
8.139626 28.024131 0.062347 
7.740038 57.980392 0.059032 
1.155901 17.161608 0.067251 
7.736789 56.941458 0.059008 
7.649872 15.318781 0.058331 
7.557757 15.084505 0.055329 
7.731602 15.251004 0.054236 
7.965637 15.137165 0.053389 
4.634043 16.562829 0.094417 
7.805443 15.121018 0.053932 
8.248547 21.161795 0.052633 
7.859074 15.698791 0.059888 
8.035704 15.009946 0.061251 
8.196342 20.431222 0.063904 
1.707007 21.546235 0.148562 
4.696974 15.065095 0.095556 
1.896074 15.004378 0.192704 
1.982075 15.001494 0.150360 
1.735879 15.011258 0.152824 
4.430583 15.007844 0.084469 
1.344937 15.403268 0.095848 
1.313795 16.003224 0.185233 
1.257416 15.579779 0.181386 
1.631233 15.039711 0.195074 
1.907314 16.230059 0.183647 
0.701774 17.711570 -0.004987 
0.381051 16.721421 -0.055402 
0.358880 16.608673 -0.058667 
0.340026 16.668950 -0.061405 
0.355178 16.673088 -0.059207 
0.237985 16.822308 -0.075463 
0.149651 17.008922 -0.086251 
0.135438 16.908902 -0.087832 
0.103944 17.034839 -0.091155 
0.111350 16.969220 -0.090397 
0.051880 17.238165 -0.096035 
0.031573 17.558988 -0.097703 
0.018737 17.321200 -0.098682 
0.024995 17.376271 -0.098212 
0.009528 17.286873 -0.099347 
0.164933 16.685151 -0.084499 
0.179267 18.518005 -0.082809 
0.135321 16.714311 -0.087845 
0.057473 16.965129 -0.095551 
0.291033 17.420077 -0.068330 
0.025010 17.536761 -0.098211 
0.013568 17.336687 -0.099059 
0.016173 17.164979 -0.098871 
0.014673 17.420315 -0.098979 
0.035408 17.594981 -0.097399 
0.146592 16.651027 -0.086595 
0.174825 16.605658 -0.083337 
0.107170 16.754426 -0.090827 
0.161246 16.587202 -0.084926 
0.150830 16.554237 -0.086118 
0.004859 17.250971 -0.099671 
0.003722 17.145379 -0.099749 
0.008259 17.126108 -0.099436 
0.003198 17.201407 -0.099785 
0.007671 17.303374 -0.099477 
0.005336 17.263094 -0.099639 
0.004708 17.194328 -0.099682 
0.003554 17.198579 -0.099761 
0.015034 17.012065 -0.098953 
0.003343 17.082588 -0.099775 
0.004338 17.106390 -0.099707 
0.002299 17.148305 -0.099846 
0.003001 17.105543 -0.099798 
0.002592 17.192108 -0.099826 
0.045336 17.529942 -0.096588 
0.663406 15.917948 -0.011181 
0.373876 15.749257 -0.056464 
0.428665 15.739451 -0.048244 
