0.818721 17.6984 0.0139113 
5.77244 23.2808 0.0756299 
1.36995 15.0904 0.0995558 
1.59767 27.1883 0.194468 
5.32756 23.5703 0.077532 
4.51447 19.929 0.11955 
4.37048 15.0739 0.0868786 
1.57092 23.6368 0.158498 
2.39162 18.2046 0.144311 
5.03472 22.9365 0.103983 
1.68287 15.0248 0.155928 
1.57657 22.6377 0.158359 
0.522359 19.355 -0.0337139 
5.06408 18.2905 0.0788613 
4.73436 30.8441 0.116295 
4.33799 16.0274 0.121827 
1.77413 24.4779 0.19635 
1.91172 24.858 0.185767 
1.89351 15.4373 0.179601 
4.48779 20.1596 0.0915869 
4.90913 15.7293 0.112944 
0.318206 18.792616 -0.064525 
0.217052 18.509139 -0.078155 
0.256664 18.762607 -0.073000 
0.006984 17.113106 -0.099525 
0.511359 15.702404 -0.035444 
0.012184 17.368439 -0.099158 
0.011955 17.248809 -0.099175 
0.003357 17.196463 -0.099774 
0.000058 17.022229 -0.099996 
0.000381 17.073472 -0.099975 
8.248034 15.161997 0.052634 
0.012823 16.852168 -0.099113 
0.005904 16.816026 -0.099599 
0.003745 16.893676 -0.099748 
0.002524 16.887954 -0.099830 
0.023032 17.497512 -0.098361 
1.702857 19.332115 0.147953 
0.116831 16.359002 -0.089826 
0.053073 16.486314 -0.095933 
1.907997 15.067649 0.190749 
5.049836 40.684175 0.105191 
0.094071 17.371621 -0.092142 
0.582823 16.687040 -0.024120 
0.022618 17.061455 -0.098393 
0.039482 17.253899 -0.097070 
0.008816 17.010368 -0.099397 
0.191818 15.931840 -0.081293 
0.084576 16.416251 -0.093065 
0.116072 16.251145 -0.089906 
0.175225 16.150894 -0.083290 
0.094823 16.252798 -0.092068 
4.897778 15.994194 0.099527 
0.010393 17.198397 -0.099286 
0.001677 17.065680 -0.099888 
0.016864 17.447465 -0.098820 
0.006736 16.800113 -0.099542 
0.083862 17.942297 -0.093134 
0.000679 17.047649 -0.099955 
8.247269 61.936642 0.052636 
0.009865 16.881296 -0.099323 
0.000965 16.978705 -0.099935 
0.004625 16.941603 -0.099687 
0.000639 16.975941 -0.099957 
0.002159 17.179783 -0.099855 
0.037527 17.552038 -0.097229 
0.000644 16.960929 -0.099957 
0.423843 15.595665 -0.048977 
0.279617 15.781317 -0.069900 
0.347042 15.651010 -0.060390 
0.293380 15.751096 -0.068005 
0.291665 15.747240 -0.068243 
8.194125 15.011325 0.063557 
1.267078 15.040967 0.170000 
1.876093 15.018298 0.175764 
5.040129 15.002849 0.104333 
4.371360 15.053385 0.121411 
8.033927 17.830342 0.066347 
0.024254 16.686216 -0.098269 
8.247744 31.049621 0.052635 
0.001792 16.937922 -0.099880 
0.000120 17.065049 -0.099992 
0.007130 17.288767 -0.099515 
0.000805 17.123487 -0.099946 
0.002775 16.963500 -0.099813 
0.000059 17.035997 -0.099996 
0.008248 17.056877 -0.099437 
0.000280 16.990938 -0.099981 
0.007172 17.292159 -0.099512 
7.597013 53.636933 0.068774 
0.000217 16.993692 -0.099986 
0.017042 17.052711 -0.098807 
0.003507 16.871993 -0.099764 
0.000323 16.994587 -0.099978 
0.001248 17.128322 -0.099916 
0.005228 16.971696 -0.099646 
0.002178 16.966882 -0.099854 
0.000670 16.965493 -0.099955 
0.011912 17.036271 -0.099178 
0.000992 16.979932 -0.099934 
