1.85138 15.9793 0.171113 
1.29566 15.0001 0.168108 
4.39115 47.2519 0.0855246 
1.61531 20.1199 0.157433 
4.79742 19.2775 0.115208 
1.73285 17.9314 0.154889 
1.24749 15.1797 0.171779 
4.85386 24.9501 0.114134 
6.31279 15.6898 0.0736008 
1.33649 15.0644 0.166031 
3.59521 17.485 0.130261 
1.04796 15.1191 0.0504642 
0.549246 18.4369 -0.0294637 
4.41382 22.2195 0.0848499 
5.00373 20.9817 0.110228 
4.45729 15.2724 0.0908908 
5.05441 17.4728 0.106724 
2.38191 35.6456 0.144442 
4.98865 17.5419 0.110766 
1.46873 22.8688 0.114048 
1.89279 23.7944 0.179425 
0.118225 16.972061 -0.089680 
0.094332 16.723772 -0.092117 
0.086882 16.869348 -0.092844 
0.104098 16.258414 -0.091140 
0.078299 16.538628 -0.093661 
0.063387 16.491730 -0.095028 
0.044576 16.728146 -0.096651 
0.053577 16.733311 -0.095889 
0.064305 16.662138 -0.094946 
0.752532 15.302845 0.003219 
0.037509 16.541759 -0.097230 
0.035104 16.827800 -0.097423 
8.247668 31.049378 0.052635 
0.046864 16.505878 -0.096460 
0.006727 16.814766 -0.099543 
0.015732 16.734662 -0.098903 
8.247933 21.162589 0.052634 
0.052806 17.506090 -0.095956 
0.000828 17.092032 -0.099945 
0.000766 17.056525 -0.099949 
1.054600 19.786048 0.051506 
5.054676 15.015414 0.106584 
8.114109 15.025397 0.065623 
1.732557 15.011430 0.152331 
4.417663 15.012357 0.084756 
1.756621 15.028322 0.155927 
0.269235 15.777919 -0.071312 
1.460617 15.783170 0.112866 
1.722448 17.329473 0.150834 
0.413057 15.680201 -0.050611 
0.310290 15.699052 -0.065643 
0.060997 16.472239 -0.095241 
0.019401 17.133884 -0.098633 
0.001622 16.950995 -0.099891 
0.007216 17.000754 -0.099509 
0.017022 16.793314 -0.098808 
0.001595 16.941053 -0.099893 
0.005609 17.269107 -0.099620 
8.248990 61.939770 0.052632 
0.007742 17.130356 -0.099472 
0.002492 17.029190 -0.099833 
0.007715 17.279172 -0.099474 
0.000092 17.008144 -0.099994 
0.007126 16.858564 -0.099515 
0.008147 16.846030 -0.099444 
0.037883 16.614841 -0.097200 
0.140809 16.099816 -0.087240 
1.567816 15.126762 0.193853 
0.135799 16.095252 -0.087792 
1.601037 24.939909 0.194533 
0.126620 16.188568 -0.088788 
0.000161 17.044310 -0.099989 
0.000602 17.103637 -0.099960 
0.002293 17.183450 -0.099846 
0.029378 17.272846 -0.097875 
0.021543 17.486215 -0.098473 
0.115005 16.215122 -0.090017 
0.121779 16.203617 -0.089305 
0.116080 16.249518 -0.089905 
0.099601 16.199246 -0.091593 
0.169964 16.007623 -0.083910 
0.000625 16.984827 -0.099958 
0.002842 16.974305 -0.099809 
0.000805 17.055074 -0.099946 
0.000492 17.100045 -0.099967 
0.002645 17.145389 -0.099822 
0.000804 17.008781 -0.099946 
0.005430 17.205793 -0.099632 
0.009081 16.788935 -0.099378 
0.000110 17.015958 -0.099993 
0.001276 17.101045 -0.099915 
0.002617 16.901582 -0.099824 
0.005036 16.829527 -0.099659 
0.008837 16.786014 -0.099395 
0.001352 16.928584 -0.099910 
0.000360 16.980466 -0.099976 
0.678537 15.543821 -0.008740 
0.710934 15.654901 -0.003507 
0.742934 15.907413 0.001667 
