1.74018 20.3273 0.196293 
1.90886 15.075 0.190515 
1.4999 23.3894 0.160365 
1.87402 26.7027 0.194407 
1.91035 17.7053 0.184968 
2.82798 29.9938 0.138847 
4.96154 17.8332 0.101156 
4.40904 20.2151 0.0849727 
1.23472 15.8715 0.178532 
7.93117 57.4359 0.0604142 
6.98241 19.9304 0.0711997 
1.26396 15.0641 0.170245 
3.5587 35.4022 0.130659 
4.99133 19.4775 0.102091 
2.48359 15.5963 0.143098 
1.34721 16.5683 0.165557 
1.63099 15.0321 0.137514 
1.24499 15.0616 0.180078 
1.41883 28.5616 0.189708 
8.19122 15.6382 0.0634052 
1.84947 22.7194 0.195392 
8.007841 30.829843 0.053263 
1.709140 15.001198 0.196083 
0.907435 18.516749 0.028173 
1.334669 18.401761 0.094321 
0.117514 16.408856 -0.089755 
0.726935 15.915508 -0.000920 
0.659579 18.385421 -0.011798 
0.224789 16.132830 -0.077169 
0.045084 16.515229 -0.096609 
1.880388 23.506454 0.194032 
0.006003 16.964947 -0.099593 
0.025599 16.636007 -0.098166 
0.004244 16.869422 -0.099713 
0.006312 16.808850 -0.099571 
0.007214 16.817833 -0.099509 
0.002030 16.903120 -0.099864 
0.000169 17.055586 -0.099989 
0.000460 17.001394 -0.099969 
0.014623 16.778168 -0.098983 
0.018027 17.154080 -0.098735 
0.002536 16.963840 -0.099830 
0.007461 17.154418 -0.099492 
0.019185 16.644288 -0.098649 
0.009683 17.343488 -0.099336 
0.001028 17.119034 -0.099931 
0.004326 17.105589 -0.099708 
0.353271 15.874165 -0.059485 
0.315069 15.851488 -0.064969 
0.271912 15.931805 -0.070949 
1.748482 15.028606 0.196325 
0.414651 15.639886 -0.050370 
5.513697 15.005084 0.076697 
4.908982 15.025330 0.099789 
4.629842 15.040141 0.094341 
8.132321 15.023444 0.065414 
3.320482 15.001046 0.133264 
0.004137 17.183959 -0.099721 
0.020522 16.688663 -0.098550 
0.017547 17.372203 -0.098770 
0.040678 17.411569 -0.096973 
0.010025 17.272553 -0.099312 
0.001283 17.114346 -0.099914 
0.000139 17.053113 -0.099991 
0.001998 16.940851 -0.099866 
0.006753 16.960993 -0.099541 
0.027789 17.441419 -0.097998 
0.011450 17.276406 -0.099211 
7.592672 49.968059 0.068793 
0.014220 17.286047 -0.099012 
7.779553 24.480493 0.067906 
0.000036 17.019243 -0.099998 
0.001327 16.952939 -0.099911 
0.000402 16.977882 -0.099973 
0.013610 16.790292 -0.099056 
0.000102 17.028868 -0.099993 
0.001836 16.916739 -0.099877 
0.001014 16.948225 -0.099932 
0.004923 16.841763 -0.099667 
0.006620 16.819692 -0.099550 
0.001153 17.134649 -0.099923 
0.003950 17.197415 -0.099734 
1.273568 15.000940 0.169520 
4.708253 15.066778 0.095761 
1.873536 15.001437 0.152221 
4.606851 15.004625 0.118258 
1.911899 15.027800 0.189328 
0.497007 15.489188 -0.037693 
0.318636 15.890980 -0.064464 
0.384494 15.773085 -0.054891 
0.334947 15.784506 -0.062136 
0.953205 15.322021 0.035480 
0.002058 17.173906 -0.099862 
0.000290 16.989593 -0.099981 
0.007887 17.205857 -0.099462 
0.000346 17.005496 -0.099977 
0.002328 17.170275 -0.099844 
0.000686 17.116876 -0.099954 
0.007570 16.930857 -0.099484 
0.014013 17.007441 -0.099027 
