5.03695 16.04 0.108648 
2.43055 25.4808 0.143793 
4.52349 17.2635 0.0830073 
1.85979 15.3707 0.172633 
1.26906 15.0405 0.084493 
1.25036 15.529 0.180688 
5.04593 16.9211 0.107979 
4.82607 41.3469 0.0979918 
1.3135 16.7706 0.167137 
1.24112 20.6768 0.0802713 
1.65141 22.8773 0.195392 
5.00044 19.2711 0.102416 
4.9252 15.0952 0.0796682 
5.05305 33.9685 0.105674 
1.35471 26.368 0.165238 
2.62183 18.015 0.141342 
1.5697 19.4785 0.193894 
4.2041 15.0007 0.123444 
1.2572 15.3601 0.170818 
4.66096 16.265 0.117455 
4.22706 37.7293 0.123172 
8.248002 15.162111 0.052634 
3.348296 17.544126 0.132958 
4.561089 15.652897 0.082565 
8.248178 21.161775 0.052634 
0.276952 15.825519 -0.070264 
0.213143 15.946019 -0.078649 
1.792963 15.842929 0.161493 
1.866554 15.009220 0.173896 
0.460129 15.511234 -0.043422 
1.831738 17.855147 0.167736 
0.098096 16.202446 -0.091743 
7.813260 15.051582 0.067731 
4.371665 15.008620 0.087618 
4.591696 15.077844 0.093641 
5.025952 15.007987 0.109266 
1.483826 15.015545 0.116244 
0.133851 16.083904 -0.088005 
0.082361 16.274071 -0.093277 
0.059319 16.447882 -0.095389 
0.052672 16.419580 -0.095967 
0.060619 16.393530 -0.095274 
0.069092 16.320198 -0.094513 
0.052413 16.617985 -0.095989 
0.041225 16.588218 -0.096928 
0.050505 16.556862 -0.096152 
8.248417 31.050353 0.052633 
0.032731 16.560334 -0.097612 
0.059068 16.855510 -0.095411 
0.035889 16.664181 -0.097361 
0.038429 16.526494 -0.097156 
8.248221 61.938340 0.052633 
0.035662 16.822286 -0.097379 
0.027276 16.647641 -0.098038 
0.017651 16.732487 -0.098762 
0.020824 16.676681 -0.098527 
0.010145 16.783460 -0.099303 
0.013646 16.802329 -0.099054 
0.011336 16.787573 -0.099219 
0.006014 16.878428 -0.099592 
0.007834 16.849771 -0.099466 
0.006803 16.803557 -0.099537 
1.884795 15.029193 0.193729 
7.946258 15.018635 0.066961 
1.229284 15.001264 0.176984 
1.519997 15.032443 0.192724 
1.734221 15.002477 0.196263 
0.312487 15.712838 -0.065334 
0.372525 15.621112 -0.056663 
0.359370 15.625436 -0.058595 
0.318340 15.692131 -0.064506 
0.288601 15.749067 -0.068666 
0.005048 16.831406 -0.099658 
0.006940 16.792759 -0.099528 
0.000215 16.998369 -0.099986 
0.009451 16.815022 -0.099352 
0.001617 16.980278 -0.099892 
0.003659 17.187665 -0.099753 
0.007515 17.254652 -0.099488 
0.001312 17.124072 -0.099912 
0.016615 17.301428 -0.098838 
0.000498 17.066363 -0.099967 
0.002769 17.143847 -0.099814 
0.003108 17.208898 -0.099791 
0.001339 16.949011 -0.099910 
0.000016 17.031143 -0.099999 
0.026506 16.901612 -0.098097 
0.092778 16.220429 -0.092269 
0.403896 19.382923 -0.051991 
0.142541 16.089640 -0.087048 
0.276654 18.032073 -0.070305 
0.522083 18.711396 -0.033757 
0.209584 16.850773 -0.079096 
0.012635 17.350445 -0.099126 
0.034873 17.547904 -0.097442 
0.111262 17.850761 -0.090406 
0.050593 17.451978 -0.096145 
0.122078 16.116945 -0.089273 
2.677805 16.444918 0.140651 
0.934414 19.848340 0.032485 
