4.64717 27.271 0.117664 
2.59856 28.1836 0.141632 
1.26511 16.7587 0.170153 
1.01243 16.0298 0.04487 
1.82027 15.0079 0.165843 
4.47463 29.4243 0.120083 
2.8267 34.5677 0.138862 
1.88805 15.0391 0.178314 
2.16766 35.1673 0.147463 
4.92707 16.4108 0.100231 
1.26456 27.4101 0.182012 
1.33453 15.6625 0.186288 
1.30263 17.3616 0.18461 
4.77346 16.1927 0.096968 
5.73037 26.1836 0.0757977 
5.00733 23.5648 0.0791797 
1.7168 17.8611 0.150002 
5.80319 15.4054 0.0755084 
5.05155 19.1173 0.105418 
4.37315 19.7584 0.0877974 
1.87941 16.6387 0.194094 
1.896789 32.781696 0.151809 
0.672987 16.240076 -0.009636 
0.450340 15.638445 -0.044929 
0.306287 15.818544 -0.066206 
0.179865 16.038186 -0.082737 
0.099586 16.256871 -0.091594 
0.107632 16.348656 -0.090780 
0.399893 15.667719 -0.052592 
0.059060 16.492657 -0.095412 
0.025109 16.650740 -0.098204 
0.003959 16.882890 -0.099733 
0.010448 16.803695 -0.099282 
0.000245 17.018605 -0.099984 
0.007663 17.114919 -0.099478 
0.001465 16.923256 -0.099902 
0.000818 17.043655 -0.099945 
1.824526 15.026759 0.166540 
0.497111 15.458444 -0.037677 
0.600317 15.388411 -0.021323 
0.324844 15.744131 -0.063582 
0.205759 15.895687 -0.079574 
4.690673 15.007471 0.095442 
5.041009 15.075109 0.108374 
2.924061 15.022148 0.137723 
1.771933 15.058448 0.154113 
1.344755 15.003540 0.186768 
0.008658 16.867414 -0.099408 
0.015949 17.201967 -0.098887 
0.005968 17.032268 -0.099595 
0.004342 16.887803 -0.099707 
0.025842 17.095674 -0.098148 
8.248547 21.162042 0.052633 
0.008755 16.949508 -0.099401 
0.006314 17.167929 -0.099571 
0.038056 17.483885 -0.097186 
0.001849 17.020511 -0.099876 
0.020882 17.429557 -0.098523 
0.001063 16.961793 -0.099929 
0.002447 16.950066 -0.099836 
0.037458 16.874634 -0.097234 
0.012460 17.190997 -0.099139 
8.247078 61.935845 0.052636 
0.000771 17.096178 -0.099948 
0.000188 17.078734 -0.099987 
0.006165 16.945569 -0.099581 
0.039307 17.347729 -0.097085 
0.003304 17.177206 -0.099778 
0.018335 16.656942 -0.098712 
0.002403 16.947368 -0.099839 
0.006968 16.817820 -0.099526 
8.248786 15.162047 0.052632 
7.985403 15.037343 0.066702 
5.161299 15.004787 0.078345 
4.793633 15.109491 0.097353 
5.006830 15.001377 0.110108 
4.272638 15.129828 0.122626 
1.131730 17.243681 0.063520 
0.542795 17.000967 -0.030486 
0.362682 15.634473 -0.058110 
0.328325 15.725371 -0.063085 
0.341031 15.715742 -0.061260 
0.116250 18.095745 -0.089887 
0.000181 17.009224 -0.099988 
0.001533 16.990234 -0.099897 
0.000812 16.999508 -0.099946 
0.001994 17.109042 -0.099866 
0.012265 17.385799 -0.099153 
0.001250 17.142403 -0.099916 
8.248251 31.050260 0.052633 
0.000173 17.060049 -0.099988 
0.000746 17.030280 -0.099950 
0.096267 17.429019 -0.091925 
0.000126 17.006025 -0.099992 
0.003360 16.871259 -0.099774 
0.001245 17.129170 -0.099917 
0.012353 16.889977 -0.099146 
0.862739 20.655209 0.021001 
1.616180 22.942718 0.135376 
0.132388 16.084744 -0.088165 
