0.670948 16.6243 -0.00996466 
2.2754 17.2592 0.145908 
4.37055 46.628 0.0874182 
4.42715 17.1072 0.0901082 
1.7153 15.0496 0.196135 
3.59004 15.1951 0.130317 
4.38392 44.0897 0.088545 
1.50074 21.6692 0.160341 
1.5018 16.4206 0.160312 
1.81275 15.4443 0.19611 
4.46625 41.6567 0.0838172 
5.00705 17.8562 0.102669 
4.40169 28.4945 0.0851783 
1.91194 17.3813 0.185922 
1.28452 17.0933 0.183488 
1.62959 15.422 0.157104 
1.74954 15.5089 0.154863 
4.92042 15.1885 0.100066 
4.26236 17.8673 0.12275 
3.81375 38.0887 0.127869 
0.84725 19.3905 0.0185091 
0.362177 17.874776 -0.058184 
1.297666 15.010886 0.184318 
1.708560 15.021177 0.196078 
7.727048 15.024909 0.058936 
5.619589 15.060537 0.076250 
8.043481 15.841822 0.061320 
0.272435 17.549641 -0.070878 
0.205108 17.488084 -0.079655 
0.028197 16.912690 -0.097966 
0.058265 16.597025 -0.095482 
0.017981 16.672529 -0.098738 
0.027637 16.699016 -0.098010 
0.037510 16.575477 -0.097230 
0.020015 16.792316 -0.098587 
8.248800 21.161911 0.052632 
0.015105 16.758969 -0.098948 
1.874456 24.855243 0.194383 
0.095976 16.317767 -0.091954 
0.019805 16.688695 -0.098603 
0.032778 16.536503 -0.097608 
0.071371 16.364179 -0.094305 
0.031357 16.598193 -0.097720 
0.015933 16.737729 -0.098888 
0.050472 16.431922 -0.096155 
0.020548 16.853490 -0.098548 
8.248446 31.050256 0.052633 
0.026009 16.578318 -0.098135 
0.026361 16.595104 -0.098108 
0.015736 16.709081 -0.098902 
0.017451 16.754916 -0.098777 
0.021654 16.624777 -0.098465 
1.625222 15.008507 0.136681 
1.635524 15.029815 0.195145 
4.823125 15.020197 0.114733 
1.843216 15.022523 0.169686 
2.251700 15.002567 0.146244 
0.234570 15.875944 -0.075907 
0.276663 15.815344 -0.070303 
0.317955 15.748946 -0.064561 
0.423733 15.615268 -0.048994 
0.316818 15.731038 -0.064722 
0.005074 16.853671 -0.099657 
0.008510 16.805393 -0.099418 
0.001916 16.906704 -0.099872 
0.003209 16.871081 -0.099784 
0.003667 16.861080 -0.099753 
0.000302 16.985151 -0.099980 
8.246955 61.935786 0.052636 
0.001925 17.034838 -0.099871 
0.000556 16.968516 -0.099963 
0.000940 16.949196 -0.099937 
0.008767 17.150746 -0.099400 
0.003798 17.100130 -0.099744 
0.002300 16.984405 -0.099846 
0.001907 16.924341 -0.099872 
0.003799 16.905041 -0.099744 
0.112863 16.159972 -0.090240 
0.125570 16.128554 -0.088901 
0.114058 16.163063 -0.090116 
0.697077 19.262848 -0.005746 
0.112645 16.163298 -0.090263 
0.004840 16.880421 -0.099673 
0.000239 17.000371 -0.099984 
0.000336 16.984826 -0.099978 
0.000300 17.045599 -0.099980 
0.000069 17.013812 -0.099995 
0.098875 16.210712 -0.091665 
0.149236 16.794099 -0.086298 
0.151849 16.055250 -0.086002 
0.114380 16.692827 -0.090083 
0.152426 16.950721 -0.085937 
0.000165 17.032578 -0.099989 
0.022938 17.294459 -0.098368 
0.006282 17.033390 -0.099573 
0.012255 17.299356 -0.099153 
0.005872 17.210597 -0.099602 
0.000784 17.080309 -0.099948 
0.002533 17.022627 -0.099830 
0.008059 16.776318 -0.099450 
