4.99199 24.2145 0.110652 
4.60205 16.3402 0.118327 
2.51778 32.9547 0.142656 
1.87628 16.0766 0.175802 
7.48222 24.5528 0.0692691 
7.82713 15.184 0.0676566 
4.53292 44.1087 0.0925198 
1.26513 15.2503 0.182059 
1.29646 16.7677 0.168062 
0.118966 17.199 -0.0896022 
4.64348 19.2506 0.117719 
4.76783 17.8213 0.11573 
1.87519 22.3387 0.194343 
4.87044 17.0115 0.113794 
1.87896 25.9678 0.152124 
1.2276 16.3253 0.0782194 
4.96401 35.8543 0.101228 
3.95812 37.0643 0.126266 
1.25041 23.2059 0.180693 
1.36976 16.4305 0.164628 
1.30397 28.1301 0.184687 
0.074325 17.437118 -0.094032 
4.507141 15.004654 0.083218 
1.436574 15.015715 0.109355 
1.747076 15.029938 0.196320 
7.880790 15.046086 0.067358 
4.663291 15.063982 0.094947 
1.726039 15.111758 0.151365 
1.497400 15.726210 0.192128 
0.164153 16.168625 -0.084589 
0.394545 16.766433 -0.053392 
0.066513 16.365897 -0.094747 
0.005544 16.863551 -0.099624 
0.011713 16.818382 -0.099192 
0.012293 17.337943 -0.099151 
0.023868 16.912990 -0.098298 
0.001989 17.120652 -0.099867 
0.002704 17.027354 -0.099818 
0.125926 18.244881 -0.088863 
0.028320 17.179649 -0.097957 
0.036492 17.027412 -0.097312 
0.062058 16.670706 -0.095147 
0.211705 17.763534 -0.078830 
0.916007 20.454083 0.029544 
0.005870 17.203810 -0.099602 
0.022630 16.899995 -0.098392 
0.001643 16.983478 -0.099890 
0.749585 18.267392 0.002743 
0.108734 16.309408 -0.090666 
0.255395 15.794260 -0.073169 
0.132552 16.121005 -0.088147 
0.119362 16.187941 -0.089560 
0.000444 16.984507 -0.099970 
0.011077 16.732709 -0.099237 
0.094054 16.397066 -0.092144 
0.005930 16.948192 -0.099598 
0.005489 17.109773 -0.099628 
0.170035 16.004462 -0.083902 
0.149680 16.113569 -0.086248 
0.181061 15.957914 -0.082594 
0.296658 15.941724 -0.067550 
0.110343 16.225875 -0.090501 
0.005771 17.027071 -0.099609 
8.246319 21.160942 0.052638 
0.000657 16.965133 -0.099956 
0.001388 17.056142 -0.099907 
0.004439 16.864685 -0.099700 
0.002005 17.095833 -0.099866 
0.002881 16.877994 -0.099806 
0.042791 17.561119 -0.096799 
0.002609 17.143383 -0.099825 
0.005036 16.953220 -0.099659 
0.000022 17.034791 -0.099999 
0.000312 17.090499 -0.099979 
0.059062 17.764754 -0.095412 
0.023308 17.347582 -0.098340 
0.000945 16.975899 -0.099937 
0.490957 15.472450 -0.038638 
0.264630 15.785217 -0.071933 
0.422869 15.541765 -0.049125 
0.295026 15.723950 -0.067777 
0.311071 15.697943 -0.065533 
4.814860 15.009481 0.114888 
4.376085 15.072776 0.086256 
1.254645 15.038475 0.171053 
4.810690 15.006450 0.097686 
1.228379 15.000251 0.176137 
0.016167 17.281809 -0.098871 
0.001243 16.937753 -0.099917 
0.036846 17.376213 -0.097284 
0.000248 17.021252 -0.099983 
5.940069 24.901834 0.074979 
0.009197 16.967215 -0.099370 
0.009712 16.816692 -0.099334 
0.008757 16.765979 -0.099401 
0.020711 17.242587 -0.098536 
0.000221 17.060409 -0.099985 
0.003156 17.176172 -0.099788 
0.000718 17.078720 -0.099952 
8.248935 61.939670 0.052632 
