1.22846 15.0369 0.176333 
7.62394 15.1165 0.0548039 
1.79685 16.7033 0.162101 
6.83939 17.8348 0.0717176 
4.66904 39.372 0.117332 
1.73408 15.0312 0.196262 
4.61439 16.9718 0.118148 
4.50669 17.2527 0.0919884 
0.784616 15.4968 0.0084051 
4.66639 15.0043 0.0950029 
1.27403 15.4855 0.169487 
2.11702 26.6498 0.148224 
1.43985 16.7608 0.109834 
5.05396 28.4848 0.10589 
4.98731 17.9364 0.101954 
1.63597 32.1029 0.156959 
1.35562 16.7481 0.187254 
1.22841 26.4186 0.176238 
1.28317 16.8184 0.16887 
1.45882 22.8322 0.112604 
2.28913 17.3272 0.145715 
0.382827 15.879301 -0.055138 
4.707470 15.487379 0.081193 
4.682440 15.063927 0.095293 
1.424731 15.003929 0.189911 
3.236297 15.000280 0.134194 
3.161631 15.051983 0.135024 
0.300297 15.941223 -0.067044 
0.317941 15.848851 -0.064563 
0.199019 16.091741 -0.080410 
0.127966 16.265650 -0.088643 
0.146536 16.275927 -0.086601 
0.154187 16.197237 -0.085736 
0.041448 16.574820 -0.096910 
0.007196 16.965433 -0.099510 
0.015311 16.793890 -0.098933 
0.001573 17.151365 -0.099895 
0.004608 17.134155 -0.099689 
0.000745 16.980685 -0.099950 
0.000891 17.034117 -0.099940 
0.016500 17.442207 -0.098847 
8.247532 61.937020 0.052635 
8.247114 31.048752 0.052636 
0.001832 17.164168 -0.099877 
0.007130 17.300701 -0.099515 
0.004625 16.861124 -0.099687 
0.001549 16.978666 -0.099896 
0.013061 16.733558 -0.099096 
0.029090 16.690560 -0.097897 
0.017463 16.760337 -0.098776 
0.006018 16.913824 -0.099592 
0.002375 17.133929 -0.099841 
1.868901 15.013488 0.174346 
8.096683 15.012688 0.065802 
4.492329 15.004009 0.083422 
1.638029 15.014495 0.138531 
2.335663 15.025402 0.145071 
0.454639 16.276679 -0.044268 
0.410735 15.561338 -0.050961 
0.373482 15.642705 -0.056522 
0.349348 16.057016 -0.060056 
4.313396 17.020899 0.122130 
0.001969 16.909395 -0.099868 
0.010675 17.243875 -0.099266 
0.000934 17.039238 -0.099938 
0.000093 17.047501 -0.099994 
0.008267 16.848539 -0.099435 
0.007684 17.097181 -0.099476 
0.038307 17.455746 -0.097166 
0.000251 17.053639 -0.099983 
0.003098 17.017415 -0.099792 
0.000357 16.985602 -0.099976 
0.003435 17.141973 -0.099769 
0.000570 17.104055 -0.099962 
0.000004 17.042542 -0.100000 
0.001543 16.926081 -0.099897 
0.097344 17.868309 -0.091818 
0.104652 16.197948 -0.091083 
1.258190 21.527777 0.181458 
0.383179 15.689210 -0.055086 
5.005309 19.814512 0.110167 
0.100055 16.193435 -0.091547 
0.022345 17.474126 -0.098413 
0.000147 17.069646 -0.099990 
0.063876 17.781067 -0.094984 
0.000121 17.025172 -0.099992 
0.742931 19.517071 0.001667 
0.135296 16.327763 -0.087847 
1.868427 15.047833 0.174255 
0.091994 16.518007 -0.092346 
0.079271 16.286291 -0.093570 
0.143620 16.052154 -0.086928 
0.005673 16.828206 -0.099615 
0.009759 17.330182 -0.099331 
0.000593 17.094032 -0.099960 
0.001509 17.156336 -0.099899 
0.023691 16.647336 -0.098311 
0.002839 16.885484 -0.099809 
0.001647 16.991408 -0.099890 
0.001934 17.169651 -0.099870 
