4.32151 28.4153 0.12203 
1.79422 18.0316 0.161689 
2.18897 32.4827 0.147149 
4.24705 17.8591 0.122933 
2.88269 36.4043 0.138204 
1.75034 30.4462 0.154538 
5.01497 24.834 0.102995 
5.0008 23.1835 0.0792173 
4.75862 17.0206 0.115888 
1.74647 15.2518 0.196318 
4.46028 29.9669 0.0909624 
4.7921 21.3079 0.097324 
1.64302 27.713 0.195264 
5.39197 49.9762 0.0772354 
5.04608 15.6856 0.104804 
1.73989 17.4866 0.153421 
1.6764 15.0227 0.144092 
1.31719 22.0421 0.091714 
4.30097 18.9743 0.122282 
1.88753 18.3319 0.151972 
1.67486 16.3432 0.195714 
8.247922 31.049596 0.052634 
8.248164 61.938490 0.052634 
7.516035 29.099871 0.056650 
7.779268 28.761875 0.059317 
8.248257 21.161973 0.052633 
7.786259 21.761394 0.059367 
8.248548 15.162018 0.052633 
7.820371 15.672380 0.059611 
8.188898 15.010444 0.063314 
7.668409 15.170873 0.058483 
8.151659 18.579327 0.062520 
4.907616 15.001965 0.099757 
3.371326 15.061941 0.132706 
1.510766 15.001343 0.160064 
1.888968 15.040141 0.193398 
5.051327 15.172290 0.107383 
1.865154 15.455503 0.194833 
0.208326 16.627909 -0.079254 
0.454556 16.876255 -0.044281 
0.124072 17.129193 -0.089061 
0.259192 16.130866 -0.072662 
0.150140 16.969739 -0.086196 
0.091800 16.741001 -0.092365 
0.076434 16.642313 -0.093836 
0.096780 16.620825 -0.091874 
0.035673 16.859368 -0.097378 
0.013735 16.824340 -0.099047 
0.005615 17.044677 -0.099619 
0.005791 16.842018 -0.099607 
0.000904 17.001989 -0.099940 
0.008008 16.943824 -0.099453 
0.016689 17.206559 -0.098833 
0.002269 17.068200 -0.099848 
0.008728 17.034663 -0.099403 
0.029974 17.593487 -0.097828 
0.007786 17.189370 -0.099469 
0.090474 16.467631 -0.092495 
1.784005 21.599423 0.160102 
0.141853 16.365507 -0.087124 
0.125571 16.428325 -0.088901 
0.157735 16.326043 -0.085330 
0.000922 17.119212 -0.099938 
0.003638 17.160476 -0.099755 
0.000994 16.945590 -0.099934 
0.001281 17.000886 -0.099914 
0.005187 17.228251 -0.099649 
0.129021 16.389156 -0.088530 
0.139806 16.335405 -0.087351 
0.059018 16.531659 -0.095415 
0.137809 16.351979 -0.087572 
0.112084 16.393821 -0.090321 
0.000206 17.056056 -0.099986 
0.701844 18.530717 -0.004976 
0.000213 17.028459 -0.099986 
0.009215 17.266013 -0.099369 
0.001578 17.117071 -0.099894 
0.002038 16.928760 -0.099863 
0.000030 17.021196 -0.099998 
0.001042 17.068804 -0.099930 
0.000333 16.983181 -0.099978 
0.000352 16.989620 -0.099977 
0.007323 17.278036 -0.099501 
0.000132 17.071752 -0.099991 
0.004791 17.239427 -0.099676 
0.000772 17.120635 -0.099948 
0.000258 17.070389 -0.099983 
0.314167 16.076014 -0.065097 
0.448287 15.937053 -0.045245 
0.387892 15.991958 -0.054385 
0.411847 15.906430 -0.050793 
0.417236 15.570078 -0.049979 
4.469972 15.058490 0.083757 
1.894378 15.028014 0.179815 
1.362919 15.001949 0.187568 
4.567587 15.008677 0.082494 
1.236795 15.038330 0.173204 
0.005813 17.099506 -0.099606 
0.007241 16.817205 -0.099507 
0.039729 17.311260 -0.097050 
