2.76541 4.20698 
2.93169 3.78149 
4.55629 2.81605 
5.80259 2.67193 
2.29185 3.22809 
4.85279 2.58151 
0.973102 3.2864 
6.18168 2.25652 
6.80101 3.18618 
5.09708 3.01603 
6.25096 1.50408 
5.35778 2.96164 
3.70871 2.5915 
3.83925 3.18909 
1.22047 4.04788 
2.87485 3.17987 
6.08496 3.35616 
2.80706 4.44236 
1.6887 3.95067 
4.6272 2.46336 
1.03995 3.84252 
0.049756 3.416684 
6.104271 1.824732 
6.485341 1.969827 
6.156520 1.059742 
6.093758 0.678379 
6.046791 0.783465 
6.290956 0.612594 
6.286541 0.466396 
6.229254 0.585601 
6.279012 0.425121 
6.248070 1.027451 
6.284446 0.340194 
6.285641 0.418364 
6.284902 0.377520 
6.283234 0.119106 
6.283658 0.249568 
6.114039 0.465567 
6.082889 0.518998 
6.080287 0.885619 
6.014233 0.716075 
6.041955 0.617364 
5.907531 1.700855 
5.596963 2.733622 
6.204420 1.868832 
5.934337 1.790503 
5.989154 1.492261 
4.778503 3.386250 
4.458172 0.902275 
4.461028 1.393302 
4.427153 1.456529 
4.528605 1.433628 
3.205873 2.479194 
3.110200 2.638830 
3.141792 2.185185 
3.035685 1.541995 
2.980807 1.810675 
0.490057 3.145866 
0.187706 3.803820 
0.392259 2.913605 
0.293460 3.147733 
1.406472 2.726148 
0.964048 3.165275 
0.443974 2.781305 
0.564710 3.065143 
1.090846 3.448838 
0.356748 2.456103 
0.319034 2.885058 
0.371732 2.703434 
0.353958 2.168917 
0.354143 2.325089 
0.343040 2.427719 
0.000271 2.605579 
0.010395 3.080516 
0.000133 2.626877 
0.001535 2.822338 
0.000150 2.625394 
0.188673 3.199565 
0.405719 2.691274 
0.426250 3.002375 
0.635014 3.444233 
0.486940 2.973103 
1.733156 2.342760 
1.189156 3.665380 
0.354911 2.245919 
1.223637 2.172169 
1.095483 1.789998 
1.295789 3.062059 
1.963001 2.900134 
1.113710 1.982463 
1.112821 2.315503 
1.097647 1.970703 
2.772267 2.337519 
2.299555 3.169405 
1.250776 2.462511 
3.793265 1.490610 
2.615269 1.754412 
3.197062 0.953129 
3.741689 1.997143 
3.114393 1.302406 
