3.36981 4.31653 
6.75364 3.03552 
1.92933 3.57806 
3.03118 3.3744 
3.14001 3.7801 
6.85794 2.63373 
3.42805 4.01621 
1.51747 3.5436 
0.552909 3.39388 
3.22168 2.36846 
6.14487 2.16933 
3.02836 3.60904 
4.99207 3.27967 
4.21893 3.20506 
6.078 3.5525 
2.11975 2.79578 
5.06105 2.78182 
5.67316 2.63736 
4.77939 2.65131 
4.31214 2.60468 
1.65218 4.12281 
0.115679 3.654294 
3.093245 2.648487 
2.865593 2.279712 
2.716255 2.533501 
2.919329 2.105898 
2.960673 1.758872 
1.727525 2.528139 
1.564619 2.739519 
1.801318 2.153347 
1.877491 1.607016 
1.774450 1.952630 
0.798332 4.163198 
0.709386 3.276476 
0.894887 2.207716 
0.956458 2.714946 
0.924013 1.766723 
0.314403 3.173351 
0.362521 2.122673 
0.302922 2.634876 
0.407924 2.551922 
0.894308 3.613494 
0.000094 2.598665 
0.006904 3.013381 
0.000963 2.780730 
0.010601 2.690805 
0.001206 2.602570 
0.073357 3.521382 
0.370664 2.645418 
0.340386 2.699378 
0.456919 3.075396 
0.131971 2.932443 
0.659531 3.449940 
1.274003 2.819268 
0.888214 2.303262 
1.124180 3.103505 
0.918896 1.957257 
1.782369 3.000123 
2.003607 2.871301 
1.600724 2.954223 
2.057189 2.438222 
1.606522 2.040890 
1.862161 2.150490 
2.537457 2.836442 
1.891959 1.893215 
1.844569 2.125222 
1.807277 1.879705 
3.228460 1.925465 
1.952917 1.975782 
5.195467 3.573834 
3.103476 1.640090 
6.221579 1.245165 
6.486723 1.733714 
6.743742 2.151182 
5.870761 2.323407 
7.783015 2.539364 
7.519688 2.514218 
6.137477 0.950613 
5.978470 1.808463 
6.267438 1.136376 
6.164269 0.751685 
5.954491 0.927217 
6.040975 0.919773 
6.157505 0.306870 
5.203773 2.409605 
6.152800 0.517845 
6.150333 0.400270 
4.108973 2.948034 
6.281349 0.378028 
6.248797 0.124837 
6.237980 0.215278 
6.252685 0.273897 
6.202383 0.210148 
6.216578 0.330227 
6.191653 0.400190 
6.263992 0.422612 
5.317878 2.589606 
6.057484 1.348704 
6.034305 0.705977 
5.996378 0.910968 
