5.00992 3.38434 
3.78109 2.62235 
5.68136 3.41107 
1.86857 4.1766 
6.24819 3.23537 
6.14313 2.64238 
4.44139 3.14582 
0.901241 3.46055 
1.25657 3.7438 
2.21425 3.44882 
6.46425 1.74771 
0.800139 3.57354 
5.66979 2.79548 
7.22691 2.82893 
2.87985 4.55446 
4.34606 3.17345 
2.73637 3.89633 
4.74012 2.05816 
1.44444 3.63593 
4.83825 2.94597 
3.20819 2.92946 
0.101872 3.616241 
6.218737 1.267153 
5.995059 2.182595 
6.289355 0.568387 
6.204619 0.698623 
6.308259 0.900082 
6.244493 0.802017 
6.136810 0.746188 
6.152395 0.315808 
6.131438 0.688322 
6.090273 0.540313 
6.190856 1.485093 
6.006900 0.773444 
6.008415 1.161019 
5.953703 0.976875 
7.081517 2.395719 
4.560792 1.500519 
4.322090 1.941889 
4.234240 2.293513 
4.356916 1.665236 
4.369749 1.748712 
2.815861 2.560882 
2.831315 1.707703 
2.619920 2.490801 
2.905764 1.816168 
2.769977 1.693048 
1.602314 2.742005 
1.556493 2.588652 
1.541987 2.281646 
1.527675 1.688225 
1.611073 2.386566 
0.939364 2.840930 
0.851093 2.537642 
0.738282 2.557245 
0.282097 3.930575 
0.751976 2.580679 
0.301020 3.157139 
0.365864 2.905439 
0.341476 3.156266 
0.413877 2.360951 
0.422317 2.539167 
0.000061 2.606664 
0.015500 2.711354 
0.000024 2.553461 
0.003039 2.628961 
0.000054 2.600881 
0.288968 2.453784 
0.030182 3.294573 
0.304900 2.734716 
0.337264 2.873455 
0.394593 2.821995 
1.155996 2.968935 
1.155694 3.215604 
0.609842 3.100165 
0.516042 3.030098 
0.786900 3.155976 
1.975511 2.570389 
1.526281 2.246158 
1.404609 2.806073 
2.125542 2.668085 
1.814293 2.318680 
2.626436 3.106829 
3.704400 1.835453 
1.579899 2.310263 
2.302349 2.819823 
1.520635 1.588095 
4.369401 2.588359 
2.920771 2.147792 
3.750818 1.639103 
3.193746 2.151636 
2.816673 1.562389 
4.589380 1.802629 
4.496229 0.833727 
4.361299 2.389918 
6.545240 2.188153 
4.485780 0.944271 
5.775031 1.356250 
4.485384 1.183442 
4.475926 1.195618 
