3.91145 3.69087 
2.29482 2.67039 
7.15868 2.73113 
5.13499 2.3294 
1.05115 3.36723 
3.46503 2.07225 
2.57924 2.81164 
4.51164 3.1245 
2.43976 3.12441 
3.19546 4.30787 
3.27926 1.87988 
3.11123 3.86108 
4.36079 2.79127 
5.73162 1.95011 
5.43233 2.15458 
4.026 4.12026 
1.12213 3.98376 
6.21267 3.20525 
2.07393 4.38103 
4.9627 2.22815 
5.25684 2.27759 
0.337492 3.984158 
6.339184 2.030589 
5.935210 1.470089 
5.946923 1.780093 
6.058867 1.362875 
6.366052 1.321011 
6.263270 1.260015 
6.275493 1.066307 
6.271018 0.887090 
6.297157 0.743392 
6.291672 0.630583 
6.287174 0.491239 
6.280616 0.422528 
6.283842 0.272173 
6.282431 0.276581 
6.272974 0.675811 
6.237962 0.424852 
6.265193 0.324061 
6.149958 0.449130 
6.123238 0.384474 
6.151631 1.025334 
5.788950 1.319617 
6.282483 2.535076 
7.783137 2.539169 
5.883974 1.092055 
5.820901 1.244756 
3.202830 2.028910 
3.373480 1.705496 
3.623166 2.638470 
3.329019 2.067627 
3.542879 1.006217 
2.946664 1.880973 
2.749785 1.462052 
2.675266 1.659164 
2.621647 1.295666 
2.593629 1.519798 
2.023002 2.200960 
1.948306 2.676914 
1.991173 1.925274 
1.938852 1.802797 
1.906280 1.432664 
0.810500 3.338001 
1.096059 2.138231 
1.172348 2.782058 
1.065367 2.621862 
1.097940 1.980557 
0.112340 2.902927 
0.123908 3.675038 
0.296624 3.151628 
0.136340 2.938747 
0.087644 2.864706 
0.000051 2.614049 
0.023878 3.242562 
0.000019 2.574359 
0.000218 2.596510 
0.005735 2.985745 
0.022967 2.735912 
0.218987 3.849725 
0.771406 4.159940 
0.002303 2.628410 
0.573614 4.117235 
1.391562 3.244999 
1.028456 2.153469 
1.006473 2.331719 
1.037420 1.836673 
1.005960 1.878112 
1.499102 2.806370 
1.031769 2.066839 
2.041760 2.982823 
1.691886 2.844120 
1.051628 2.220911 
1.941401 1.932872 
2.372102 2.631296 
4.713806 2.798743 
1.889561 1.895231 
3.613413 2.415211 
2.774641 2.292912 
2.693309 1.831985 
2.680351 1.919374 
