3.55437 3.79413 
3.49327 2.25154 
5.30424 1.68606 
5.12801 3.25651 
0.402457 3.69534 
6.28316 2.56141 
4.96487 2.44152 
1.81316 4.21071 
6.4752 2.97811 
3.16657 4.51303 
4.03565 2.68536 
2.07539 3.14508 
6.32121 3.59349 
1.68955 3.47441 
2.75094 2.63673 
2.52381 4.38536 
6.31796 1.46153 
5.16412 2.33634 
3.46265 3.64221 
1.7363 2.86784 
5.28582 2.32112 
0.000062 2.620888 
0.092532 2.872362 
0.041637 3.371659 
0.007468 2.665851 
0.004563 2.948033 
0.113722 3.649165 
1.925381 4.042933 
0.723482 4.154089 
0.400947 4.032684 
1.288996 4.136722 
0.944894 4.168315 
1.692509 4.074761 
0.750819 3.645300 
0.955284 3.249362 
0.573728 4.117672 
1.277596 3.200341 
2.068557 2.838401 
2.197044 1.862070 
2.047616 2.797951 
2.068030 2.213530 
2.083335 2.458292 
2.212930 1.487758 
2.434665 2.591506 
2.201874 1.626169 
2.205645 1.525365 
2.623379 2.670793 
3.161515 3.002530 
2.338850 2.084490 
2.215923 1.627861 
5.862292 2.532899 
2.212366 1.394012 
5.239166 1.709443 
4.916075 2.572772 
6.396863 2.049141 
5.516008 1.921621 
4.737592 2.335336 
6.472558 1.697827 
6.067931 1.349724 
6.022775 1.480484 
6.338711 1.163612 
6.294787 0.964083 
6.183446 1.022650 
6.261624 0.820808 
6.203350 1.097862 
6.290867 0.611289 
6.286394 0.458931 
6.065251 0.391886 
6.083247 0.307084 
6.086701 0.475382 
6.082542 0.415352 
6.035285 0.605602 
6.097017 0.399649 
6.087716 0.313104 
6.072967 0.477155 
6.072292 0.156482 
6.117298 0.504251 
6.111166 1.133060 
6.093297 0.919603 
5.981997 1.540919 
5.839271 2.152561 
6.081998 0.722870 
5.463776 2.144185 
5.230274 1.336729 
5.767868 1.841169 
2.164368 2.031899 
2.215926 1.249448 
2.216585 1.216616 
2.216864 1.328069 
2.217296 1.266600 
2.236312 1.616589 
5.322946 2.982395 
2.222841 1.428916 
2.185510 1.710533 
2.192607 1.650551 
2.176045 1.777800 
2.184321 1.613586 
1.545072 3.499731 
1.972519 2.101679 
1.944857 2.252898 
