4.37518 2.3983 
5.26737 3.03484 
2.75343 4.08947 
1.83676 3.99997 
3.78651 2.82437 
1.67678 3.11806 
1.94635 4.32622 
4.8859 3.36763 
3.31296 3.61558 
5.08971 1.24617 
1.24816 3.31581 
5.35969 3.57861 
6.17059 3.43802 
6.90336 2.77829 
1.90957 3.80804 
5.02804 1.09744 
1.51004 2.88037 
7.5129 2.71287 
0.491749 3.41567 
6.6362 3.10565 
4.61084 2.78057 
0.116708 3.656843 
4.909801 2.086575 
5.252002 1.922372 
5.043326 1.140918 
5.149001 1.653527 
5.125124 1.191925 
4.195299 2.819110 
4.833816 2.157821 
4.352993 2.678048 
5.138442 2.306037 
4.763274 2.306346 
1.510841 2.191186 
0.787589 4.162275 
1.750683 2.056783 
2.382721 2.814174 
1.694823 2.010496 
1.615930 1.850388 
1.603803 1.827736 
1.572974 1.521585 
1.551821 2.069803 
1.570550 1.726459 
0.555272 3.447866 
0.802744 2.469174 
0.834128 1.829051 
0.841279 1.988193 
0.933732 2.824006 
0.270985 3.918274 
0.404672 2.554055 
0.428038 2.672137 
0.422112 2.386738 
0.440205 2.636014 
0.000120 2.627568 
0.010387 2.691300 
0.010250 3.078252 
0.038898 3.345851 
0.000099 2.585452 
0.163369 2.977358 
0.513079 2.956454 
0.777310 3.435249 
0.444537 2.173653 
0.481553 2.576819 
0.642282 3.222545 
1.111157 2.859028 
0.945020 2.646751 
0.636263 3.108376 
1.254367 2.959716 
1.881300 3.128874 
2.064073 2.551923 
1.589877 2.325051 
1.464727 3.032325 
0.815640 2.309362 
3.743791 2.701854 
1.921023 4.049130 
3.167427 2.671887 
1.577970 1.615281 
6.163736 1.575103 
4.166896 3.603083 
6.102172 2.266070 
1.802298 2.284773 
3.861394 2.169592 
4.402640 2.929288 
6.719809 2.123954 
7.025078 2.367783 
5.061639 1.187060 
5.120831 1.715141 
5.512268 2.060636 
4.993107 1.353840 
6.136441 1.147526 
5.508356 2.240410 
4.991149 1.553254 
6.352329 1.368745 
6.262994 1.635475 
6.209798 0.793013 
6.213738 1.014330 
6.196420 0.768494 
6.222163 0.611700 
6.239079 0.413834 
6.248542 0.187046 
6.256908 0.648878 
