3.92662 2.99908 
6.27813 3.5406 
6.70816 3.15492 
3.4955 3.6286 
4.80119 2.41155 
0.130551 3.34434 
4.24867 3.57028 
6.80603 2.62669 
2.12947 2.82449 
6.22219 3.17942 
5.65685 2.24034 
2.28418 3.63371 
5.82254 3.2959 
5.04014 3.24392 
2.92343 4.13668 
0.952869 2.68868 
3.27256 2.93714 
3.11713 2.55975 
3.31049 4.40369 
1.00863 3.37807 
3.05197 3.68208 
0.240764 3.881639 
2.256923 2.959230 
2.768394 1.570550 
2.648187 2.214127 
3.050511 2.675593 
2.831165 1.699818 
2.971229 1.857129 
2.805867 1.888026 
2.806064 1.039342 
2.812276 1.092297 
2.814409 1.281933 
2.807904 1.124816 
5.394677 0.831753 
5.955651 2.077044 
5.834499 2.485312 
6.459325 1.662271 
5.184754 2.218772 
5.430181 1.114702 
5.468293 1.693616 
5.373220 1.101663 
5.214274 1.653976 
5.401983 1.037684 
6.204939 1.957955 
5.380297 0.446485 
5.862371 2.532640 
5.371788 0.716631 
5.375954 0.767085 
5.327940 1.564994 
1.767748 4.064760 
7.593420 2.523124 
6.193268 1.424350 
6.872860 2.269409 
3.964595 2.082635 
5.018753 2.906523 
5.673617 1.738379 
5.833609 2.819388 
5.385287 0.584463 
5.355658 0.928414 
5.356912 1.059453 
5.375033 0.709387 
1.016332 3.882116 
2.808146 1.273917 
2.803587 1.091859 
2.817657 1.456817 
3.760048 2.215335 
2.892885 2.030993 
2.808735 1.120544 
2.804372 1.057319 
3.337298 1.945652 
2.800464 1.193679 
2.805873 1.101833 
2.700645 1.862356 
2.690395 1.705843 
2.663912 1.675501 
2.651758 1.786102 
2.661927 1.773216 
1.778030 2.672142 
1.717737 1.701471 
1.697295 2.167306 
1.659960 1.756795 
1.616641 1.866731 
0.608120 3.503232 
1.000849 2.579653 
0.948701 2.383239 
0.688490 3.489206 
1.008955 2.559550 
0.281842 3.133298 
0.280224 3.103088 
0.322840 2.736300 
0.378135 2.499647 
0.410523 2.707714 
0.000031 2.588195 
0.000008 2.531546 
0.013061 3.121331 
0.000259 2.683387 
0.000021 2.579680 
0.125020 3.677831 
0.536892 4.104030 
0.079138 3.542550 
