4.05156 2.05661 
4.41796 2.61507 
2.44222 4.13719 
0.24211 3.58868 
5.10614 3.00905 
3.34776 4.13529 
4.53592 3.1005 
2.66499 4.54461 
6.57202 3.51135 
3.35711 2.59116 
6.78677 2.50962 
6.2719 2.97974 
2.64243 3.43127 
2.05026 3.47623 
1.35369 3.54969 
5.31918 2.0383 
2.09365 2.51206 
7.20341 3.0331 
1.98351 3.51606 
3.4193 4.29365 
5.70886 2.05569 
6.249189 2.439157 
5.366673 1.721877 
5.446850 1.923082 
5.262766 1.373069 
5.224725 0.932161 
5.208521 1.282061 
5.107800 1.626901 
5.241644 0.568911 
5.236713 0.659765 
5.233000 0.808547 
5.252442 0.782668 
5.234261 0.966449 
5.256014 1.097007 
5.183726 1.257725 
6.560488 1.890886 
5.245782 0.766066 
4.372465 3.134234 
3.853867 2.444749 
4.243327 2.377680 
3.940618 1.791056 
3.878839 1.168159 
2.416108 2.301618 
2.552563 2.492789 
2.370574 2.222881 
2.314613 2.329063 
2.331161 2.057853 
1.106047 4.159332 
1.988621 2.385925 
1.958123 2.278405 
1.896677 2.332021 
1.859749 2.288457 
0.766692 2.597234 
0.793163 2.552575 
1.002137 2.940410 
0.835603 2.717378 
0.684745 2.768589 
0.236316 3.875902 
0.389101 3.183167 
0.453075 2.600345 
0.431347 2.853396 
0.467562 2.457258 
0.000137 2.557050 
0.032951 3.314608 
0.008125 2.678718 
0.003769 2.927769 
0.000031 2.595106 
0.509405 2.890191 
0.338849 3.012007 
0.507853 2.591053 
0.461529 1.967721 
0.451640 2.278135 
0.996365 3.466678 
1.248464 3.515300 
1.317797 3.945688 
0.735215 3.298337 
0.798176 3.373362 
1.690759 3.053453 
1.841028 2.308140 
1.948790 2.406935 
2.635830 2.912982 
1.718609 1.652068 
1.923858 2.842145 
1.670320 1.795783 
2.599123 2.285521 
1.703013 1.497345 
1.709251 1.868485 
5.569190 2.757661 
3.740260 1.517939 
1.706503 1.473924 
1.704444 1.437847 
4.672092 2.843015 
3.802101 1.683168 
3.744264 1.707377 
3.891891 1.482202 
3.871189 0.730850 
3.658136 1.953152 
3.868539 0.998380 
7.430899 2.500546 
4.011816 2.381787 
