2.9348 4.22223 
2.72981 2.70664 
2.56466 2.57974 
1.14988 3.79695 
1.40024 2.77823 
3.92588 4.06619 
5.01237 3.01809 
5.88586 1.48695 
2.77888 3.53758 
2.18951 4.44585 
5.40445 3.55236 
5.22541 2.08 
3.16776 1.60022 
4.8148 2.81714 
5.29831 2.61816 
3.85292 3.39403 
2.87831 4.01352 
6.52709 2.9016 
5.95454 3.4345 
7.04625 2.53386 
1.17668 2.91417 
0.176548 3.784720 
1.071214 2.306011 
0.969534 3.182216 
0.951233 3.051423 
1.146634 1.896125 
1.033169 1.904757 
0.421737 3.594299 
0.306752 3.955875 
0.388457 3.530025 
0.259515 3.105107 
0.342224 3.207333 
0.000066 2.605813 
0.009590 3.066940 
0.046592 3.399860 
0.001963 2.617991 
0.000055 2.604594 
0.001147 2.793922 
0.104300 3.623260 
0.068393 2.832539 
1.178314 4.151711 
0.144443 2.950451 
1.139230 2.667709 
1.162277 2.490691 
1.012563 2.044132 
1.030628 2.108982 
1.003295 2.237605 
1.470321 3.291818 
2.123273 2.942598 
1.117210 2.377807 
1.062855 2.323405 
1.344188 2.469809 
3.816957 2.746507 
4.241245 2.648838 
5.861571 2.533259 
3.390708 2.945385 
1.921164 4.048962 
3.086607 1.811080 
6.644886 2.027743 
3.192855 2.244432 
3.316822 2.410560 
3.420231 1.519333 
6.541553 2.465259 
7.783159 2.539164 
6.337304 1.440958 
5.732112 1.698085 
5.984204 1.733785 
6.116004 0.851532 
6.269882 0.738764 
6.054557 1.586931 
5.641317 1.591638 
6.034403 0.777563 
6.120887 0.734801 
6.077756 0.766555 
6.177059 0.450591 
6.194934 0.133214 
6.187963 0.446427 
6.210230 0.183965 
6.180878 0.883466 
6.197300 0.135988 
6.851598 3.392674 
6.195756 0.224490 
6.178557 0.264014 
6.250228 0.428718 
6.280216 0.443910 
6.264207 0.396544 
6.182190 0.322785 
1.843661 2.312250 
6.101009 0.491937 
3.271341 4.063803 
6.070001 0.506474 
1.651348 1.797618 
3.255991 1.308989 
2.438910 2.902618 
3.246299 1.388975 
3.292291 1.769554 
3.246706 0.991063 
5.394939 2.197647 
4.854246 3.426275 
5.159448 2.822230 
