4.39197 3.0534 
4.44004 3.62356 
5.71617 3.43025 
3.95981 3.65893 
0.811142 3.65425 
2.09906 3.60273 
6.70303 3.27505 
2.6687 2.94051 
1.90643 3.85693 
3.85562 3.11727 
1.40718 3.6371 
1.14349 3.74414 
4.52742 2.41329 
2.23996 4.43612 
5.83301 2.1586 
3.4221 3.23075 
6.76943 2.22527 
6.58197 2.8176 
5.45049 1.69008 
2.15188 4.13946 
5.29166 3.17903 
0.000080 2.589563 
5.619609 2.310746 
5.414838 1.397032 
6.548616 1.868191 
5.387683 1.392260 
5.415604 1.503219 
4.396067 2.093596 
4.335918 1.785131 
4.428250 2.352820 
4.198892 0.923377 
4.127973 1.499429 
0.103177 3.620035 
1.403004 4.119678 
3.078977 1.989606 
3.102603 2.233069 
3.224235 1.779853 
2.645221 3.083425 
0.048881 2.796453 
2.132386 2.825501 
1.896408 3.243686 
2.081550 1.938495 
0.589817 4.122926 
0.000144 2.554979 
0.298185 3.153634 
0.142489 2.947726 
0.010037 2.685348 
0.089049 2.866504 
0.025785 3.259382 
0.410343 4.038834 
0.228551 3.865570 
0.210742 3.041763 
0.000004 2.550391 
0.000026 2.524952 
0.000237 2.562614 
0.000284 2.683032 
0.000283 2.647200 
0.010081 3.074294 
0.290713 3.939783 
0.682575 4.146771 
0.162307 3.758392 
0.060449 3.468112 
0.998527 4.166732 
1.186469 4.150757 
0.778913 4.161260 
1.157734 2.090212 
1.363664 2.440304 
1.979660 2.818318 
1.323068 2.930423 
1.709552 2.653520 
1.077669 1.942921 
1.093804 2.393120 
2.472388 2.478796 
1.088053 2.412639 
1.933286 2.639308 
2.513138 1.830108 
5.862133 2.532967 
3.671330 1.906540 
7.783119 2.539186 
3.352330 2.397346 
2.861593 1.932832 
2.441153 1.704710 
4.174471 1.353038 
6.251065 0.996556 
4.173090 1.240474 
5.201435 2.291840 
4.224841 1.233286 
6.028493 1.278242 
7.265082 2.463104 
6.187082 1.457691 
6.183739 0.209801 
6.140318 0.937191 
6.218518 0.539777 
6.276553 0.583917 
6.234124 0.235203 
6.203094 0.357261 
6.214901 0.887913 
6.131187 0.368370 
5.926368 1.013709 
6.243966 0.296346 
