3.58784 3.21476 
1.44541 2.0856 
7.02212 2.95146 
4.79586 3.36976 
2.32773 3.30165 
2.44965 1.76027 
6.61962 3.38789 
4.19213 2.47694 
2.19071 4.19004 
2.24861 3.74389 
6.26353 3.6309 
1.03682 4.09309 
6.38392 1.45315 
3.57741 2.77552 
4.45261 3.33937 
3.89316 3.98566 
3.64894 3.85282 
3.89765 4.17258 
1.19592 3.49909 
6.47828 3.09158 
4.23924 2.21482 
0.412489 4.040189 
2.633430 3.098084 
2.219317 1.628016 
2.149311 2.276157 
2.203733 2.230148 
2.354247 2.079916 
6.630209 2.006408 
6.306704 0.881505 
6.217693 1.274271 
6.172135 0.583896 
6.276622 0.582105 
6.190500 0.503084 
6.089053 0.663918 
6.220577 0.406255 
6.209891 0.236642 
6.204958 0.639634 
6.209091 0.339523 
6.194703 0.228619 
6.186862 0.247730 
6.202404 0.169873 
5.895385 1.092443 
6.198185 0.335636 
5.806422 2.569905 
6.234882 0.312958 
6.190301 0.237823 
6.227819 0.147248 
6.026361 0.571540 
5.979252 1.151231 
6.045281 0.683054 
2.841012 1.995124 
6.147867 1.194102 
6.663121 2.736396 
2.643024 1.006455 
2.602844 1.792882 
2.789310 2.122710 
5.075737 3.528424 
2.401907 2.524491 
2.556271 1.987181 
4.406594 2.264453 
2.688529 1.816524 
2.664867 1.542702 
2.282765 1.779552 
2.313612 1.932592 
1.642746 2.896605 
2.067926 2.737413 
2.207384 1.729568 
1.601385 2.216430 
0.660899 3.557051 
1.320362 1.937087 
1.248220 2.151355 
1.347274 2.027136 
1.139107 1.935977 
1.080805 1.999715 
1.019116 1.958183 
0.969441 2.224562 
0.989205 2.262849 
0.307518 3.164958 
0.243201 3.171172 
0.019206 3.196372 
0.143673 2.827130 
0.109216 2.898366 
0.000057 2.611288 
0.003209 2.907127 
0.000023 2.531578 
0.000929 2.777960 
0.000127 2.641589 
0.186503 3.801895 
0.051553 3.426016 
0.031172 3.302235 
0.281852 3.930292 
0.116657 3.656665 
1.038069 2.203250 
1.073462 2.784721 
1.110115 2.632488 
0.974651 2.511032 
1.009017 2.352477 
1.303401 2.621540 
1.812115 2.680581 
1.254705 2.292292 
