4.74743 2.66507 
2.007 3.15778 
5.23431 1.62519 
2.11703 4.39833 
1.25132 3.70058 
3.57705 3.50666 
4.83294 1.57858 
5.33206 2.79318 
5.91714 2.18179 
2.14854 3.74115 
4.23555 1.03587 
4.36568 3.83012 
1.0376 3.14428 
6.13553 0.918327 
3.97194 3.72131 
7.21842 3.08086 
6.58141 3.44411 
1.16073 4.06942 
4.08588 2.38337 
2.17051 3.27664 
3.50997 1.9807 
0.264570 3.910929 
0.989439 2.004629 
0.920763 2.903793 
1.164955 2.520435 
0.987802 2.336054 
0.585870 3.480070 
0.000147 2.522438 
0.102066 2.887420 
0.029841 3.291971 
0.471954 4.074656 
0.006865 2.670330 
0.081249 3.550184 
0.007337 3.022616 
0.000035 2.564872 
0.000125 2.636588 
0.000032 2.570962 
0.776105 4.160327 
0.456716 3.020424 
0.302691 3.159199 
0.046813 2.792259 
0.560410 2.397258 
0.815941 3.119224 
1.248548 2.656744 
1.451154 2.792729 
1.065120 2.589488 
1.089105 2.389320 
2.509590 3.257034 
1.825102 2.932812 
1.602524 2.859736 
0.938133 2.399969 
1.737754 4.068445 
3.571589 2.616439 
3.039357 3.062385 
2.965360 1.768633 
2.574451 1.959679 
2.712589 2.086584 
7.392755 2.493438 
3.873843 2.456700 
4.523178 2.757858 
2.758971 1.860420 
3.071189 2.074323 
6.502077 1.770235 
5.679353 2.700048 
5.156966 2.911598 
4.031335 2.681307 
4.170630 1.439037 
6.006522 2.148944 
5.839484 1.354070 
6.089596 1.091041 
6.299290 0.779520 
6.121139 0.723121 
6.225431 0.780179 
4.888766 1.941984 
6.159578 0.867630 
6.285955 0.436117 
6.271889 0.234976 
6.269282 0.401141 
6.256692 0.342336 
6.270260 0.322596 
5.354442 2.162810 
6.276579 0.139807 
6.265904 0.481327 
6.272471 0.611378 
6.281678 0.352748 
6.284426 0.334130 
6.244723 0.502005 
6.228652 1.565211 
6.200001 1.026682 
4.236553 1.201213 
7.670176 2.530535 
6.009338 0.737780 
3.750961 2.561561 
4.245819 1.125820 
4.261094 1.492726 
4.215624 1.207696 
4.239413 0.760278 
2.934187 1.433921 
2.964609 1.634213 
3.286529 1.586275 
