4.12948 1.6215 
2.84889 4.12391 
5.54828 1.57135 
5.33828 2.91937 
4.45247 3.11053 
5.29697 3.41094 
2.05269 4.42641 
5.44516 2.48878 
1.85123 3.0335 
7.60401 2.60645 
5.49323 2.62368 
3.1767 4.29991 
5.96536 3.44259 
0.871004 4.02292 
1.73453 2.7857 
2.06735 4.06494 
2.75965 3.63554 
2.4939 2.91431 
5.79498 2.80307 
2.33059 3.4318 
4.58153 2.50972 
0.070031 3.507664 
0.133185 3.697201 
0.000079 2.597789 
0.015009 3.147511 
0.091976 2.871572 
0.011212 2.695134 
0.476997 4.077237 
0.640969 4.137361 
1.458448 4.110885 
0.393262 3.267686 
0.290448 3.939493 
1.042479 4.164384 
1.659553 4.079461 
2.322259 2.700180 
0.000787 2.751216 
1.198197 4.149256 
2.209163 1.813079 
2.062048 2.411796 
2.028296 2.644565 
2.257519 2.180632 
2.004941 2.191197 
2.247035 1.818130 
2.259516 1.566944 
2.297868 1.528673 
2.278437 1.597874 
2.259757 1.719162 
2.303853 1.686735 
2.358742 2.010526 
3.770119 2.427489 
2.373788 2.033743 
2.289856 1.676194 
6.517106 1.803766 
6.000004 2.237586 
4.563750 3.260065 
7.259122 2.461444 
4.040269 1.922889 
2.287494 1.314256 
5.498916 1.473771 
5.331644 2.153061 
5.642781 1.441118 
6.470311 3.180006 
5.536424 0.581274 
5.159254 2.087539 
5.527203 0.476637 
5.518715 0.909841 
6.126129 1.733651 
5.527082 0.624902 
4.953662 3.349158 
5.509245 0.822984 
5.839885 2.472266 
5.530560 0.539688 
5.537797 0.923490 
5.569237 0.967604 
5.394601 1.460217 
6.919912 2.453306 
3.597077 1.735564 
5.515167 0.797884 
5.543145 0.534335 
5.544415 0.797564 
5.528711 0.666590 
5.558714 0.991939 
4.320698 2.369746 
3.386115 1.073445 
3.399915 1.434328 
3.362651 1.621027 
3.277974 2.236207 
3.658479 2.068170 
2.602227 2.556798 
2.998415 2.891469 
2.285524 1.263671 
2.283969 1.312619 
2.266842 1.499794 
2.248744 1.650080 
2.252244 1.587828 
2.252072 1.648888 
2.274950 1.327195 
2.001570 2.332111 
1.924412 1.995393 
1.922184 2.174461 
