3.8487 2.87082 
5.92632 1.80741 
3.15886 3.94737 
5.2457 3.06908 
0.839831 3.36774 
3.74778 2.26036 
1.766 3.69771 
4.49632 2.84763 
3.49241 1.77086 
5.71686 1.44036 
2.34769 2.46428 
5.47011 0.929568 
4.48043 2.39847 
3.22002 2.57644 
6.37508 2.2646 
4.31169 3.74106 
5.44217 2.28943 
5.34842 2.50941 
3.64743 3.89875 
1.48366 4.10382 
1.54407 3.58478 
0.068775 3.503253 
2.704380 2.749059 
2.743436 2.325228 
2.961876 2.743545 
2.635027 2.103021 
2.586465 2.157105 
1.577708 3.021489 
2.233732 2.242402 
2.149959 1.567379 
2.089699 2.007750 
1.927160 1.864298 
0.648222 4.139155 
0.320127 3.180437 
0.455978 3.041271 
0.727161 2.982377 
0.638463 2.827366 
0.411076 3.064539 
0.484369 2.177106 
0.471385 2.185968 
0.470732 2.405760 
0.463711 2.330071 
0.000009 2.562037 
0.007861 2.668160 
0.002486 2.875541 
0.000003 2.529239 
0.000512 2.702642 
0.109871 3.638637 
0.435187 4.054321 
0.536939 2.822261 
0.491509 2.537982 
0.452283 2.535502 
1.244519 3.478387 
1.144068 3.390383 
0.902317 3.380350 
0.522243 2.634465 
0.641934 3.058367 
1.884655 2.538074 
2.046269 2.321301 
2.241192 3.093757 
2.138530 2.396665 
0.630479 3.094230 
7.783142 2.539175 
2.655131 2.813687 
2.518004 2.570196 
2.405234 2.370502 
3.437076 2.987610 
3.227578 2.103709 
6.395615 3.004716 
5.457195 3.647648 
6.362508 3.370795 
4.786276 1.851540 
6.446709 1.626203 
5.972672 1.934918 
5.337725 2.341260 
6.990053 2.348262 
5.612873 2.521375 
5.405908 1.539184 
5.476637 0.800646 
5.569090 1.803530 
5.385376 1.221687 
5.677431 1.590357 
5.492435 0.978466 
6.156783 0.958793 
5.463541 0.525950 
5.458961 0.805521 
5.328772 2.071425 
6.274912 0.629449 
6.159181 0.699602 
6.228380 0.508641 
6.286577 0.466115 
6.259697 0.541931 
6.203650 0.591266 
6.276878 0.360886 
6.280024 0.629811 
6.282488 0.275045 
6.284494 0.356309 
5.467869 0.836856 
6.053992 0.691491 
5.452656 0.934525 
