2.67231 4.54402 
5.82143 2.01139 
3.00829 2.48359 
2.94131 3.35339 
2.96497 3.87443 
2.81925 2.90048 
1.22248 3.91741 
6.41027 3.45105 
4.41755 3.45572 
4.78883 1.69809 
4.55449 2.5857 
5.19606 2.70458 
2.10618 3.3993 
6.6353 2.243 
4.92314 3.13727 
1.56621 3.57752 
4.89141 2.50602 
2.11684 2.61754 
3.80718 4.00554 
2.5178 4.49287 
6.62242 2.822 
0.486804 4.082025 
2.569374 1.479250 
2.561213 1.956658 
2.506337 1.551174 
2.434051 2.069264 
2.466054 1.801355 
2.607912 1.836107 
2.520182 1.769423 
2.552895 1.702840 
2.758111 2.164824 
5.449633 2.599580 
2.541307 1.562384 
5.844738 2.555612 
5.862297 2.532850 
2.564140 1.373649 
6.426098 1.561998 
6.517486 1.804522 
6.138494 1.768629 
6.264775 1.220119 
6.210405 1.349931 
6.317347 0.995250 
6.291269 0.880084 
6.273695 0.544628 
6.272775 0.676141 
6.249010 0.505046 
6.183075 0.524408 
6.225718 0.576436 
6.284211 0.313247 
6.066775 0.440311 
6.283098 0.108550 
5.866607 1.134795 
6.097917 0.262569 
6.080963 0.399504 
6.121785 0.313924 
6.111550 0.313255 
6.070689 0.538944 
6.047259 0.626765 
6.046351 0.600056 
6.069464 0.681069 
1.554016 4.095594 
6.001869 1.392166 
5.157928 2.823687 
7.415581 2.497857 
4.713630 2.220527 
2.562453 1.341708 
4.524119 2.283199 
2.559539 1.366751 
2.565984 1.192490 
2.569044 1.190644 
2.935891 2.766255 
2.567109 1.041384 
2.474946 1.628126 
2.464735 1.712559 
2.444453 1.882641 
2.430067 1.976702 
2.449782 1.844825 
2.010970 2.510788 
1.983433 2.408116 
1.974849 2.239631 
1.671769 1.927321 
1.610066 2.011280 
1.155794 2.926049 
0.737034 3.631977 
0.991198 3.079106 
1.056837 2.705010 
1.068675 1.988222 
0.000057 2.547801 
0.168667 2.984726 
0.026475 2.745833 
0.385201 3.258275 
0.026144 3.261871 
0.004538 2.951520 
0.000018 2.571484 
0.000036 2.563981 
0.000340 2.698589 
0.000082 2.575940 
0.647535 4.139009 
0.179371 3.789565 
0.079065 3.541875 
