3.58783593 3.21475628 
1.44541499 2.08559978 
7.02212281 2.95145708 
4.79585762 3.36975596 
2.32773101 3.30164899 
2.44964565 1.76027478 
6.61962262 3.38788568 
4.19213226 2.47693655 
2.19071161 4.19003944 
2.2486144 3.7438907 
6.26352716 3.63090105 
1.03682261 4.09309203 
6.38392493 1.45315496 
3.57741051 2.77552462 
4.45261123 3.33937075 
3.8931627 3.98565534 
3.64894398 3.85282064 
3.89764721 4.17257555 
1.19591808 3.49909305 
6.47828473 3.09157885 
4.23923727 2.21481879 
2.59843 3.14212 
6.6349 2.01346 
6.20262 1.36917 
6.18306 0.674089 
5.76265 2.60105 
6.08585 0.604593 
5.98735 0.939678 
5.90097 1.08194 
6.05076 0.677799 
6.14207 0.606315 
5.95951 0.800205 
2.20659 2.32487 
2.56018 1.48005 
2.63428 1.47921 
2.68478 2.02961 
2.61553 1.82623 
2.55651 1.84884 
2.58426 1.92992 
2.59643 1.54809 
2.26694 2.57511 
2.60004 1.55055 
2.43096 1.48567 
1.15113 2.58909 
2.39975 1.75603 
2.40797 1.59864 
2.41958 1.77731 
1.50488 2.32889 
1.61915 2.37958 
1.37826 1.97087 
1.35456 1.67793 
1.3171 1.9854 
0.616411 3.51182 
1.05885 2.43072 
0.918098 2.09823 
0.300732 3.95001 
0.90753 2.40683 
0.458067 3.34174 
0.217839 3.05101 
0.267419 2.40431 
0.330162 2.9817 
0.0478497 3.40652 
0.000101741 2.57966 
0.026879 2.74712 
0.0117119 3.1016 
0.00181123 2.84211 
9.81904e-06 2.53103 
0.346176 2.79292 
0.274169 2.53576 
0.409166 3.33014 
0.0319227 3.30774 
0.293217 2.76984 
0.958977 2.30522 
1.02702 2.86598 
1.09941 2.69709 
0.670582 3.6679 
0.842856 2.47137 
1.78772 2.76613 
1.25256 2.76952 
1.28249 2.15398 
1.57995 3.05179 
1.49779 2.25435 
2.15356 2.80811 
3.57159 2.61654 
2.77262 2.62852 
1.3494 1.51139 
1.34941 1.74713 
2.49888 1.97808 
2.49226 1.89358 
4.91817 3.00903 
5.5037 2.58188 
3.48157 2.18409 
2.3839 1.75322 
7.06522 2.38803 
2.74748 2.11054 
4.8006 3.39819 
2.61032 1.71236 
6.01956 1.1452 
5.70769 1.47031 
5.90877 1.48029 
6.28316 0.0743611 
6.09939 1.17711 
6.29163 0.629402 
6.23582 0.42976 
6.20825 0.469881 
6.26458 0.444009 
6.18076 0.493078 
7.78316 2.53918 
6.28265 0.245314 
6.57401 2.43661 
6.50023 1.76582 
5.87976 2.06751 
6.25405 0.378299 
6.27307 0.332123 
6.19612 0.521884 
6.28336 0.189436 
6.22176 0.453575 
6.05725 0.547249 
6.02012 0.692572 
2.92681 2.77445 
6.01848 1.02018 
5.97598 0.685508 
2.58139 1.71789 
6.00622 2.4111 
3.00424 2.416 
5.00958 2.47865 
2.61419 1.72055 
3.91511 2.51192 
2.5836 1.55327 
5.50569 3.00494 
2.64555 1.36961 
4.42204 2.60431 
1.34974 1.53402 
2.3104 2.06711 
1.34805 1.68523 
1.34927 1.50067 
3.09891 2.83578 
1.34172 1.68193 
1.31434 1.96124 
1.92089 4.04931 
1.34455 1.59886 
1.34355 1.66893 
0.805595 2.68541 
0.944554 2.26654 
0.972586 2.4231 
0.940362 2.27544 
0.69782 3.04573 
0.201899 2.86512 
0.0866684 2.86311 
0.34726 3.12865 
0.0819477 3.55269 
0.564734 3.26572 
5.08051e-05 2.60619 
1.28515e-05 2.57497 
1.4533e-05 2.57784 
1.211e-05 2.53937 
2.3199e-05 2.5898 
0.429139 3.02809 
0.289247 2.46116 
0.269981 2.33732 
0.26838 2.3605 
0.259255 2.89706 
0.879327 2.21506 
0.887941 2.121 
0.955836 2.04221 
0.946146 2.32134 
0.934526 2.22732 
1.3776 2.25691 
1.3193 2.19402 
1.34234 1.89317 
1.34583 1.52812 
1.38991 2.07068 
2.19581 1.73897 
2.89599 1.7895 
2.64798 2.50387 
2.5069 2.46169 
1.55705 2.32079 
5.05592 1.82174 
2.68834 1.73238 
2.14908 2.51267 
2.71193 1.92116 
3.90277 1.50318 
5.58049 1.71693 
5.77694 2.06379 
5.93599 2.91001 
7.28961 2.56521 
5.24331 1.35166 
6.10775 0.632621 
6.14456 0.875926 
6.34691 1.21644 
6.2659 0.80739 
5.9396 1.31522 
6.284 0.292322 
6.28523 0.393669 
6.28241 0.284645 
6.2321 0.502153 
6.24147 0.45261 
6.30582 0.937377 
6.27792 0.537911 
3.64394 3.54324 
6.44497 1.62105 
6.14835 1.64598 
6.28319 0.102691 
6.21819 0.482924 
6.28352 0.219274 
6.28055 0.429194 
6.28745 0.502905 
6.11616 0.723967 
6.12556 0.886662 
6.06339 0.796315 
6.01684 0.432844 
6.0362 1.01775 
4.56641 2.87117 
4.26442 2.36578 
5.39685 1.8834 
5.11644 2.04072 
6.02505 2.04495 
5.58862 3.41352 
2.87162 2.19154 
2.6279 1.52608 
4.50965 1.95517 
3.3094 1.59669 
2.55454 4.579 
2.29835 2.28342 
3.0291 3.61701 
2.05776 2.35162 
1.9147 2.24388 
1.33442 1.73332 
1.43639 2.69208 
1.36031 2.01226 
1.32533 1.87488 
1.35694 2.06485 
0.891316 2.48767 
0.903811 2.23547 
1.07883 2.50505 
0.961279 2.24585 
0.983803 2.031 
0.158963 3.75191 
0.350135 3.60645 
0.208444 2.96273 
0.179939 3.12568 
0.215138 2.61974 
1.21311e-05 2.56824 
5.41584e-06 2.54653 
5.08373e-06 2.55633 
1.02756e-05 2.52277 
1.368e-05 2.54847 
0.260285 3.90592 
0.0382738 3.35102 
0.26466 3.1116 
