2.67231246 4.54402257 
5.82143291 2.01139111 
3.00828927 2.48359384 
2.94130626 3.35338762 
2.96496774 3.87442545 
2.81925308 2.90047986 
1.22247624 3.91741379 
6.41026518 3.4510468 
4.41754528 3.45571868 
4.78883275 1.6980891 
4.55449238 2.58570378 
5.19605679 2.70458132 
2.10617881 3.39929784 
6.63529525 2.24300338 
4.92313961 3.13727117 
1.56620917 3.57752325 
4.89141201 2.50601805 
2.11684463 2.61753836 
3.80718157 4.00553801 
2.51780415 4.49287442 
6.62242214 2.82199539 
5.5436 2.41911 
4.87488 1.55688 
5.03014 2.43552 
4.79649 1.03156 
4.70969 1.67167 
4.78119 1.37916 
4.80851 0.773675 
5.13022 2.12194 
4.81286 0.827105 
4.81349 0.739426 
4.81023 0.509956 
4.82089 1.18981 
4.82846 1.0388 
4.77855 1.50967 
6.40039 1.47097 
4.84223 1.51219 
5.11818 2.92875 
4.75116 1.41682 
2.56182 1.98354 
2.52916 1.70102 
2.53576 1.71152 
2.56213 1.48852 
2.49749 1.66775 
2.46514 1.43973 
2.47739 1.83229 
2.45052 1.32228 
2.04853 2.43639 
2.00597 2.16196 
2.03898 2.13215 
1.95595 2.37583 
1.92609 2.38406 
0.711037 2.59527 
0.410947 3.28811 
0.784195 2.36824 
0.597757 3.31068 
0.87182 2.8677 
0.150476 3.73476 
0.399419 2.93441 
0.353958 3.23462 
0.422738 2.59783 
0.407991 2.34893 
9.68612e-05 2.54144 
0.0134458 2.70438 
0.0139647 3.13398 
0.00183789 2.61945 
0.00256206 2.87983 
0.272992 3.04164 
0.381592 2.69643 
0.933436 3.52661 
0.543882 3.11766 
0.110173 2.89995 
0.611984 3.15131 
0.929364 2.77812 
1.19484 3.56685 
0.762635 1.82789 
1.49285 3.1333 
1.71791 3.16573 
0.751548 2.2524 
1.57137 2.7662 
1.99449 2.43288 
1.92098 4.0492 
2.62905 2.50414 
2.31752 2.35653 
4.3005 3.08436 
2.73873 2.29385 
2.41425 1.92641 
2.55884 2.08466 
5.54078 2.7828 
2.44642 1.47165 
2.21418 2.46341 
2.50967 1.93802 
2.50323 1.82847 
7.40516 2.49582 
3.50753 2.22733 
3.20881 1.77421 
7.78307 2.53927 
4.81198 0.721587 
6.00472 2.68522 
6.08092 1.76966 
4.62135 2.52376 
4.10543 2.91984 
5.73228 3.68576 
6.18585 1.46477 
5.92836 1.85721 
4.09811 1.88433 
5.27279 2.14333 
6.15747 0.90095 
6.97157 2.33726 
4.43816 2.80806 
6.1062 1.20541 
7.47108 2.76555 
4.93015 1.65707 
4.57543 3.61833 
5.82607 1.26511 
5.86684 1.20824 
6.27633 0.992735 
6.04054 1.80074 
4.81072 0.581226 
4.81079 0.604776 
4.81566 0.771088 
4.81008 0.603364 
3.15389 1.65201 
2.44572 1.21813 
2.68112 2.11576 
3.0399 2.44736 
2.40693 1.85053 
3.79099 2.59071 
3.43841 1.89343 
2.79709 2.46155 
3.81952 2.12842 
3.49986 2.5292 
0.772031 2.11653 
2.39766 1.32489 
2.41617 1.25456 
2.37915 1.40073 
2.36259 1.7894 
0.757781 2.05284 
1.77369 2.6499 
2.14981 3.5175 
1.02991 2.9304 
1.81367 1.91315 
0.764943 2.00196 
1.78082 4.07837 
0.847801 2.60682 
1.15175 3.46852 
0.761789 1.80728 
0.284945 3.13715 
0.431822 2.48197 
0.406912 2.54082 
0.119928 3.26775 
0.415608 2.21163 
6.37567e-05 2.57778 
2.5658e-05 2.57306 
1.82576e-05 2.56073 
2.17104e-05 2.57401 
7.09952e-05 2.62086 
0.0941732 3.59302 
0.492168 2.95482 
0.453843 2.76001 
0.422127 2.38927 
0.439944 2.63927 
1.19925 3.05042 
0.972676 2.86648 
0.761513 1.89506 
0.761179 1.88041 
0.76497 1.95862 
1.89524 2.12494 
1.79131 2.41674 
2.5774 3.169 
2.45314 4.02352 
1.5329 2.17289 
2.56507 2.33529 
2.37886 1.78639 
2.33548 1.47326 
1.81578 1.86234 
2.36436 1.59012 
2.40965 1.73709 
5.83724 3.28773 
2.3998 1.66958 
2.43237 1.58198 
4.70382 2.20245 
4.55824 2.13644 
2.42933 1.5462 
5.69516 1.07278 
4.83073 1.61802 
6.53665 2.4889 
4.81384 0.817666 
5.70313 1.34766 
4.81363 0.648749 
5.9239 1.11852 
4.81506 0.944076 
5.8085 0.81122 
5.38338 3.28265 
5.53246 2.03591 
6.57712 1.9208 
4.80825 0.681442 
5.52652 2.48758 
7.29154 2.47025 
6.89028 3.13895 
4.35976 3.30673 
4.90405 1.9938 
5.39216 2.44088 
5.5532 1.63576 
3.74268 2.21911 
6.11873 2.26997 
7.00337 3.29428 
4.80887 0.73234 
4.82027 0.939524 
6.24974 1.25603 
4.82593 1.06875 
4.80954 0.62271 
5.36096 0.814979 
4.93872 1.43078 
4.09325 1.13109 
4.05292 1.67493 
4.06921 0.852507 
4.39089 2.99727 
3.46423 1.87471 
4.13798 3.30562 
3.80445 2.73743 
3.94437 1.89282 
2.36754 1.42869 
2.37305 1.63447 
2.35492 1.5135 
2.35184 1.65652 
2.44947 2.04877 
0.718541 2.56468 
1.75064 2.00671 
2.003 2.79034 
2.12083 3.00683 
1.58985 2.13235 
0.748615 2.20586 
0.778909 2.24847 
0.814676 2.48044 
0.77319 4.16066 
0.767976 2.06083 
0.365295 3.02423 
0.465989 2.47544 
0.421155 2.73727 
0.378889 4.01714 
0.472096 2.71325 
6.6164e-05 2.57421 
2.74237e-05 2.5465 
2.54759e-05 2.5552 
4.69433e-05 2.60409 
2.00889e-05 2.51608 
0.449652 2.42059 
0.367551 2.8848 
0.258521 3.25699 
