3.58621146 3.62381627 
4.33515914 3.25270093 
4.91186432 3.0782506 
4.79475071 3.07030036 
4.13743958 1.95280969 
1.10251463 2.61065948 
2.17533623 3.07269715 
2.51980166 3.63045678 
5.39333861 2.88292131 
6.15121668 3.19800468 
7.49816693 2.6499883 
5.60165744 1.95916135 
2.76774847 3.59232756 
3.78775806 3.96594915 
4.05090697 4.0068328 
2.17591077 3.64226188 
2.56668761 4.42135191 
3.2907516 3.11973375 
6.188946 2.88888501 
2.5417728 2.19418282 
1.70481537 4.01440302 
6.58554 1.93549 
6.12931 2.18304 
6.37776 1.67726 
6.31745 1.80298 
6.38255 1.39785 
6.34875 1.2269 
6.30852 0.903475 
6.25552 0.946773 
6.28087 0.408985 
6.2476 0.678608 
6.16875 1.55159 
4.62251 3.16442 
5.57318 1.45268 
5.71603 1.64433 
5.57324 1.14508 
5.63799 1.64481 
9.93871e-05 2.61718 
4.22947 1.29426 
4.08903 1.87232 
4.13792 1.6303 
4.16318 1.67124 
2.74514 1.6275 
2.76952 2.13144 
2.80404 2.14608 
2.63288 1.67833 
2.56048 2.00174 
0.547065 3.47775 
1.4665 2.38791 
0.618878 3.51433 
1.54191 2.90171 
0.672558 4.1447 
0.0527221 3.43185 
0.0901221 2.86874 
1.12158 2.37162 
1.21781 2.78032 
1.00071 2.69777 
0.35244 3.99664 
0.258662 3.10402 
0.00322463 2.90781 
0.242958 3.88462 
0.130075 3.68973 
4.36929e-05 2.54451 
0.0160317 3.16045 
0.000244219 2.62894 
0.000146215 2.59739 
0.0113453 2.69496 
0.590531 4.12313 
0.28789 3.9367 
0.0440721 2.78664 
0.416438 4.04284 
0.0319595 3.30803 
1.09472 2.45549 
1.1794 4.1516 
1.16435 2.18889 
1.05835 2.42532 
1.10004 2.29046 
1.40909 2.40368 
1.76821 2.67947 
1.43481 2.42747 
1.99329 2.8113 
1.50593 2.50865 
2.52925 1.41026 
2.47713 1.59068 
2.46759 2.12393 
2.58102 1.92604 
2.77759 2.45387 
2.61684 2.03472 
2.49826 1.77291 
2.50757 1.52995 
2.55331 1.492 
3.90869 1.31003 
3.81227 2.38725 
3.62066 2.17484 
4.36612 2.3899 
4.44394 2.08459 
3.98038 1.94393 
5.45888 1.78509 
6.28291 0.688455 
6.26417 0.73991 
6.27416 0.64832 
6.30016 0.792858 
6.2635 0.331681 
6.05635 0.631955 
6.16901 0.273447 
6.19513 0.405465 
6.17441 0.521302 
6.15539 0.0706752 
6.14916 0.219199 
6.15462 0.325929 
6.69403 2.34549 
6.90835 3.35761 
6.19936 0.238465 
6.23238 0.265485 
6.17756 0.403421 
6.18285 0.269906 
6.15793 0.322618 
6.03394 1.04541 
5.99827 0.815258 
4.6325 1.98919 
6.07949 0.932156 
4.01483 1.45777 
4.21625 1.66699 
3.88475 1.68308 
3.94195 2.90685 
4.26454 1.59485 
4.19602 0.77374 
2.7873 2.37234 
2.56126 1.63018 
2.52986 1.4696 
2.53892 1.19372 
5.31837 2.91606 
2.43887 2.32003 
2.48575 1.5827 
2.4802 1.59216 
3.01145 2.7037 
2.49793 1.64912 
1.14964 1.67715 
1.15002 1.65511 
1.26223 2.32879 
2.24242 4.01171 
1.34327 2.46387 
1.13149 1.81643 
1.09009 2.11527 
1.10365 2.14013 
1.08299 2.04602 
0.916404 3.12619 
0.176972 3.78546 
0.00843608 3.0452 
0.0879965 3.57336 
0.612477 2.74109 
0.206048 3.83307 
3.72582e-05 2.59909 
7.90264e-06 2.53382 
4.93438e-05 2.58164 
4.58364e-05 2.57634 
8.8388e-05 2.60843 
0.00497169 2.96492 
0.0224148 3.22882 
0.186235 3.00019 
0.339007 3.20346 
0.00172333 2.83316 
1.04868 1.95735 
0.99221 2.36915 
1.05733 1.89924 
1.03871 2.1558 
1.01773 2.33589 
1.14843 1.8892 
1.4574 3.27876 
1.18947 2.09794 
1.79101 3.83019 
1.65984 2.70622 
2.1445 2.94489 
1.14961 1.64986 
2.20767 2.58989 
1.14583 1.71901 
2.43079 2.15032 
3.55963 2.45135 
2.54585 1.36158 
2.56107 1.6062 
2.669 2.1858 
3.08638 2.50272 
5.90786 2.04158 
3.85318 1.61895 
7.01326 2.72874 
4.06116 1.73833 
4.02649 1.87638 
6.3246 1.05913 
5.72491 1.38337 
6.2366 1.13232 
5.92721 0.986782 
5.9843 1.21356 
6.2272 0.336378 
6.27996 0.457937 
6.2814 0.371815 
6.28054 0.424542 
6.18754 0.301211 
5.19972 1.90267 
6.65801 2.15612 
6.13789 0.253902 
7.78309 2.53919 
7.10613 2.40677 
6.28128 0.383535 
6.28035 0.439939 
6.23674 0.385317 
6.28373 0.255654 
6.28095 0.402167 
6.12408 1.46157 
5.97343 0.664989 
6.03823 1.63421 
6.31447 0.967385 
6.20063 1.382 
5.41874 2.43443 
3.7426 2.18798 
6.09743 2.50752 
4.89393 2.74155 
2.68596 2.11489 
2.50037 1.78428 
5.99799 3.49125 
2.53355 1.39275 
4.12897 2.9624 
4.81643 1.23355 
2.78703 2.55587 
3.13329 1.37422 
2.93538 2.30961 
2.27721 2.34053 
2.64942 2.04709 
1.15625 1.76728 
1.17189 2.09536 
1.14149 2.01284 
0.955828 2.73264 
1.08046 2.30818 
1.04294 2.07643 
1.04632 2.2003 
1.00331 2.32477 
1.04761 2.08302 
1.05087 2.18439 
0.139182 2.943 
0.0690146 3.50432 
0.170746 2.815 
0.50215 2.61347 
0.434436 3.02435 
2.07794e-05 2.57957 
4.86478e-05 2.59466 
5.153e-05 2.57976 
0.000201022 2.59082 
0.00021635 2.55448 
0.0726671 2.83911 
0.327977 3.06039 
0.113404 2.90401 
