3.141548 2.394362 
3.105266 0.346124 
3.141583 0.784990 
3.141568 0.682264 
2.959019 1.415856 
3.115358 0.703211 
3.105307 1.753343 
3.128707 0.551172 
3.111173 0.515441 
3.105457 0.729975 
3.068975 1.155935 
3.065295 1.010620 
2.766867 1.976241 
3.141510 1.342485 
3.005214 1.090701 
2.708801 2.700106 
-3.141586 4.015862 
1.896582 2.501175 
2.186666 1.501374 
1.907609 2.494623 
-1.858803 2.436695 
-1.819944 2.617278 
-1.704925 1.722168 
-1.691690 2.018539 
-1.704872 1.600378 
-1.664072 1.736413 
-1.704884 1.790510 
-1.695307 1.579704 
-1.686530 1.675421 
-1.698315 1.473881 
-1.716895 1.838870 
-1.720097 1.893881 
-1.731202 1.891333 
-1.750188 1.988248 
-1.752183 1.734009 
-3.141542 4.575759 
-3.141509 2.663887 
-3.141507 3.426868 
-3.141519 2.393739 
-2.853364 2.322128 
-2.975875 2.857747 
-3.141415 2.079101 
-3.141592 4.051191 
-3.141582 3.795306 
-3.141578 2.871817 
-3.141569 3.822230 
-3.141573 4.335214 
-3.141591 4.348842 
-3.141593 3.063296 
-3.141581 3.990053 
-3.141592 1.755086 
-3.141502 1.279465 
-3.051810 2.127175 
-3.141512 2.785061 
-2.680885 3.106982 
-3.141591 1.360603 
-3.141547 2.296940 
-3.141527 1.359977 
-3.141592 4.191688 
-3.141502 1.199412 
-3.141586 1.882006 
-3.141481 1.170871 
-2.917298 2.653794 
-3.141580 1.222674 
-1.193908 3.496626 
-3.130427 1.446643 
-3.141444 1.431333 
-0.406106 2.364044 
-1.698305 2.266693 
-1.698214 3.059440 
1.616281 3.965716 
-0.478244 3.673207 
2.003435 3.023449 
-3.141577 1.562649 
3.141581 3.864137 
2.235668 3.578693 
2.135105 2.270730 
3.141283 3.334928 
1.481471 2.272562 
1.367016 2.376038 
3.032141 1.848045 
2.186726 2.314038 
3.141367 3.068994 
3.100427 2.027313 
3.141526 2.702367 
3.107692 0.885638 
3.116074 0.673156 
3.140290 0.243085 
3.141337 0.611210 
3.114417 1.098338 
3.105192 0.725656 
0.589502 2.896855 
3.140290 0.606553 
3.141457 3.579332 
0.079070 1.721384 
3.137901 0.550286 
3.141571 0.733144 
3.137924 0.437104 
3.105279 0.518743 
3.105266 0.377565 
0.441660 2.634432 
1.359679 2.304188 
3.137865 2.515366 
3.137883 1.832405 
3.020338 1.676170 
0.079337 2.887654 
3.140300 3.058274 
1.501635 3.535446 
0.071648 1.906205 
0.078862 2.505540 
-0.091944 2.963944 
-1.698278 1.877835 
0.991556 3.204905 
-0.196722 1.746512 
-1.698391 3.582367 
-0.898565 3.881682 
-3.141502 1.842868 
-1.075395 2.275711 
-1.482835 2.610157 
-3.141552 2.634596 
-3.141481 1.249882 
-3.141481 1.666759 
-1.775213 3.634020 
-3.141456 2.244701 
-1.984147 3.716605 
-3.141557 2.593664 
-2.853316 3.802993 
-2.250387 2.562316 
-2.149888 2.720268 
-2.853360 3.322380 
-3.141449 4.425683 
-3.141588 2.182182 
-2.956056 3.558193 
-3.141408 4.749070 
-2.985431 4.161285 
-3.141588 3.815854 
-3.141510 4.518972 
-3.141587 3.768966 
-3.141566 4.190696 
-3.141587 4.164214 
-3.141501 1.739673 
-2.941772 2.458510 
-3.141584 2.532721 
-3.141499 2.361739 
-2.819291 2.895253 
-2.337707 3.121860 
-2.516948 3.902789 
-2.479286 2.537008 
-2.056990 2.819107 
-2.112149 3.940436 
-3.140747 1.222349 
-3.100586 1.748978 
-1.490852 3.056027 
-1.457511 4.280172 
-1.286524 2.212610 
-3.141480 1.509999 
-0.889740 2.784013 
-1.204775 2.958569 
0.024909 4.057591 
-1.308880 2.614798 
1.238326 3.879260 
2.239184 4.032519 
0.657673 3.791251 
0.205508 3.167610 
-1.054344 2.960467 
-0.252476 2.372546 
2.204162 2.176384 
1.802168 2.194654 
-3.141469 1.113948 
2.047261 1.576883 
2.062273 2.577624 
2.262181 2.056920 
1.697917 2.531342 
2.186700 2.072941 
2.322967 1.545149 
3.137692 0.353801 
3.137808 0.533424 
3.139642 0.554306 
3.139572 0.712767 
3.115861 0.994088 
3.105294 1.270352 
0.918606 4.554854 
3.140303 2.572141 
3.140183 1.733966 
1.827327 2.777396 
3.136115 0.609590 
3.137794 1.303204 
3.119667 0.617549 
3.113793 0.846035 
3.140258 0.376579 
3.141554 3.136758 
1.349832 2.342101 
2.979045 1.880439 
2.919120 1.488063 
2.529084 2.198419 
1.470579 3.287770 
2.447089 1.378194 
2.108108 2.601249 
1.337717 3.215141 
2.448758 2.778155 
-1.273673 2.730840 
0.848529 2.463729 
-0.008328 2.630615 
-0.202062 2.688571 
-0.068104 1.459147 
-0.644780 2.366103 
-1.698314 2.695908 
-0.750671 2.785285 
-1.698293 3.376145 
-2.577536 3.220742 
-2.302064 3.023484 
-3.141450 3.372260 
-1.207437 3.971372 
-0.890775 3.073968 
-1.752466 2.757037 
-3.120875 1.406285 
-2.250392 4.029152 
-2.457862 3.907137 
