1 -0.436215 -3.282178 0.783909 decision
1 -0.436215 4.22445 objective
2 0.171843 -1.854637 -3.512490 decision
2 0.171843 4.24927 objective
3 2.279195 -4.908057 4.140958 decision
3 2.27919 2.13915 objective
4 0.795436 4.454654 -4.843304 decision
4 0.795436 3.626 objective
5 -2.203941 -0.409962 -2.278293 decision
5 -2.20394 3.54931 objective
6 2.828119 -1.258768 -0.511268 decision
6 2.82812 2.88621 objective
7 1.721572 -1.969544 -2.581742 decision
7 1.72157 3.42863 objective
8 1.247861 0.631279 2.178675 decision
8 1.24786 2.86538 objective
9 -0.898498 2.149514 -3.111261 decision
9 -0.898498 2.78913 objective
10 2.583786 -2.216221 -1.753680 decision
10 2.58379 3.07369 objective
11 2.404837 1.334185 1.696974 decision
11 2.40484 3.11964 objective
12 -1.127091 -4.569971 4.937628 decision
12 -1.12709 4.89839 objective
13 -0.365855 2.895331 3.489815 decision
13 -0.365855 3.7565 objective
14 0.749045 -2.767690 2.790095 decision
14 0.749045 3.32627 objective
15 -3.070376 4.361107 3.290081 decision
15 -3.07038 4.64556 objective
16 -1.747231 -3.978073 -2.147982 decision
16 -1.74723 3.81408 objective
17 -2.123408 1.613867 -4.389787 decision
17 -2.12341 3.1038 objective
18 1.415516 0.052064 -3.944944 decision
18 1.41552 3.44192 objective
19 -1.318930 2.342483 -1.484985 decision
19 -1.31893 3.44438 objective
20 -2.635667 3.842697 -0.266547 decision
20 -2.63567 4.30335 objective
21 -0.054433 -1.210012 1.415027 decision
21 -0.0544334 3.78638 objective
22 0.260207 3.380248 2.871226 decision
22 0.260207 3.00499 objective
23 -1.390759 -0.096488 -3.356139 decision
23 -1.39076 3.08015 objective
24 1.896755 -3.105906 4.623195 decision
24 1.89676 1.98714 objective
25 1.157187 1.243801 1.087123 decision
25 1.15719 2.96383 objective
26 -1.894865 -0.787835 -4.291110 decision
26 -1.89486 2.65613 objective
27 3.105258 -3.530773 0.174674 decision
27 3.10526 1.33844 objective
28 -0.657030 4.867584 2.217493 decision
28 -0.65703 3.55253 objective
29 2.003854 0.605465 -0.995891 decision
29 2.00385 3.49132 objective
30 0.482099 -4.120763 0.494672 decision
30 0.482099 3.93399 objective
31 -2.809920 2.779978 3.992938 decision
31 -2.80992 4.73333 objective
32 -2.401629 3.554401 -0.652697 decision
32 -2.40163 4.31696 objective
ei= -0.046054
33 3.14155 -3.80478 2.36936 decision
33 3.14155 2.39436 objective
ei= -0.022482
34 3.10527 -4.99969 0.174669 decision
34 3.10527 0.346124 objective
ei= -0.014545
35 3.14158 -4.99996 -0.423957 decision
35 3.14158 0.78499 objective
ei= -0.005752
36 3.14157 -4.99991 0.258163 decision
36 3.14157 0.682264 objective
ei= -0.008518
37 2.95902 -4.99995 0.123303 decision
37 2.95902 1.41586 objective
ei= -0.005522
38 3.11536 -4.99998 -0.0594465 decision
38 3.11536 0.703211 objective
ei= -0.002912
39 3.10531 -4.9998 -3.88504 decision
39 3.10531 1.75334 objective
ei= -0.003690
40 3.12871 -4.99989 0.174669 decision
40 3.12871 0.551172 objective
ei= -0.002196
41 3.11117 -4.99989 0.205059 decision
41 3.11117 0.515441 objective
ei= -0.001128
42 3.10546 -4.99997 0.366402 decision
42 3.10546 0.729975 objective
ei= -0.006907
43 3.06898 -4.83737 0.144305 decision
43 3.06898 1.15594 objective
ei= -0.005295
44 3.06529 -4.93364 0.150009 decision
44 3.06529 1.01062 objective
ei= -0.001646
45 2.76687 -4.99998 0.277854 decision
45 2.76687 1.97624 objective
ei= -0.003603
46 3.14151 -4.99988 -2.16129 decision
46 3.14151 1.34248 objective
ei= -0.003181
47 3.00521 -4.93679 0.18353 decision
47 3.00521 1.0907 objective
ei= -0.016066
48 2.7088 -3.05508 4.99972 decision
48 2.7088 2.70011 objective
ei= -0.002968
49 -3.14159 -2.7729 -4.99982 decision
49 -3.14159 4.01586 objective
ei= -0.009925
50 1.89658 -4.99988 4.99976 decision
50 1.89658 2.50118 objective
ei= -0.011874
51 2.18667 -3.12395 3.86223 decision
51 2.18667 1.50137 objective
ei= -0.007485
52 1.90761 -3.53081 3.97403 decision
52 1.90761 2.49462 objective
ei= -0.013314
53 -1.8588 -0.720223 -4.99994 decision
53 -1.8588 2.4367 objective
ei= -0.004593
54 -1.81994 0.191295 -4.99998 decision
54 -1.81994 2.61728 objective
ei= -0.001248
55 -1.70493 -0.742324 -4.99991 decision
55 -1.70493 1.72217 objective
ei= -0.002148
56 -1.69169 -1.00845 -4.99999 decision
56 -1.69169 2.01854 objective
ei= -0.001274
57 -1.70487 -0.64189 -4.99971 decision
57 -1.70487 1.60038 objective
ei= -0.001730
58 -1.66407 -0.600696 -4.99992 decision
58 -1.66407 1.73641 objective
ei= -0.000741
59 -1.70488 -0.55233 -4.99984 decision
59 -1.70488 1.79051 objective
ei= -0.000751
60 -1.69531 -0.646554 -4.99988 decision
60 -1.69531 1.5797 objective
ei= -0.000575
61 -1.68653 -0.644804 -4.99995 decision
61 -1.68653 1.67542 objective
ei= -0.000735
62 -1.69832 -0.642165 -4.9994 decision
62 -1.69832 1.47388 objective
ei= -0.001390
63 -1.7169 -0.86385 -4.99993 decision
63 -1.7169 1.83887 objective
ei= -0.000724
64 -1.7201 -0.856512 -4.84582 decision
64 -1.7201 1.89388 objective
ei= -0.000864
65 -1.7312 -0.639793 -4.99991 decision
65 -1.7312 1.89133 objective
ei= -0.000475
66 -1.75019 -0.669442 -4.9999 decision
66 -1.75019 1.98825 objective
ei= -0.000529
67 -1.75218 -0.668898 -4.92267 decision
67 -1.75218 1.73401 objective
ei= -0.034369
68 -3.14154 1.54656 -4.95724 decision
68 -3.14154 4.57576 objective
ei= -0.009403
69 -3.14151 -4.84434 1.42707 decision
69 -3.14151 2.66389 objective
ei= -0.009637
70 -3.14151 -4.11378 3.15237 decision
70 -3.14151 3.42687 objective
ei= -0.009800
71 -3.14152 -4.58943 -0.275632 decision
71 -3.14152 2.39374 objective
ei= -0.004252
72 -2.85336 -4.99991 -1.02667 decision
72 -2.85336 2.32213 objective
ei= -0.012771
73 -2.97588 -2.54999 -0.681724 decision
73 -2.97588 2.85775 objective
ei= -0.016823
74 -3.14141 -4.99954 -1.0067 decision
74 -3.14141 2.0791 objective
ei= -0.007366
75 -3.14159 0.819173 1.96492 decision
75 -3.14159 4.05119 objective
ei= -0.005892
76 -3.14158 1.64689 -0.766356 decision
76 -3.14158 3.79531 objective
ei= -0.003818
77 -3.14158 -4.39633 -1.08224 decision
77 -3.14158 2.87182 objective
ei= -0.017036
78 -3.14157 -2.46689 -3.10622 decision
78 -3.14157 3.82223 objective
ei= -0.011568
79 -3.14157 0.7863 -3.65185 decision
79 -3.14157 4.33521 objective
ei= -0.009034
80 -3.14159 -0.30031 -4.68942 decision
80 -3.14159 4.34884 objective
ei= -0.004077
81 -3.14159 -4.93065 -4.5121 decision
81 -3.14159 3.0633 objective
ei= -0.011680
82 -3.14158 2.45664 1.11316 decision
82 -3.14158 3.99005 objective
ei= -0.002527
83 -3.14159 -4.9998 -0.338633 decision
83 -3.14159 1.75509 objective
ei= -0.000637
84 -3.1415 -4.99992 0.012763 decision
84 -3.1415 1.27946 objective
ei= -0.001562
85 -3.05181 -4.99984 0.179022 decision
85 -3.05181 2.12718 objective
ei= -0.000782
86 -3.14151 -4.99958 4.99989 decision
86 -3.14151 2.78506 objective
ei= -0.000605
87 -2.68088 -4.99999 0.0125514 decision
87 -2.68088 3.10698 objective
ei= -0.001001
88 -3.14159 -4.99978 -0.0270275 decision
88 -3.14159 1.3606 objective
ei= -0.001260
89 -3.14155 -4.9999 -1.95564 decision
89 -3.14155 2.29694 objective
ei= -0.000304
90 -3.14153 -4.99984 0.0283828 decision
90 -3.14153 1.35998 objective
ei= -0.000425
91 -3.14159 -1.74694 4.99999 decision
91 -3.14159 4.19169 objective
ei= -0.000421
92 -3.1415 -4.99981 0.00241593 decision
92 -3.1415 1.19941 objective
ei= -0.000294
93 -3.14159 -4.99999 -0.634975 decision
93 -3.14159 1.88201 objective
ei= -0.000426
94 -3.14148 -4.99949 -0.00131773 decision
94 -3.14148 1.17087 objective
ei= -0.000020
95 -2.9173 -4.99996 -2.65209 decision
95 -2.9173 2.65379 objective
ei= -0.000699
96 -3.14158 -4.99985 -0.00496691 decision
96 -3.14158 1.22267 objective
ei= -0.000111
97 -1.19391 -4.99996 -4.984 decision
97 -1.19391 3.49663 objective
ei= -0.001911
98 -3.13043 -4.99938 -0.00131773 decision
98 -3.13043 1.44664 objective
ei= -0.002301
99 -3.14144 -4.95633 -0.00123757 decision
99 -3.14144 1.43133 objective
ei= -0.001343
100 -0.406106 4.99992 -2.51206 decision
100 -0.406106 2.36404 objective
ei= -0.000722
101 -1.6983 -1.59749 -4.92268 decision
101 -1.6983 2.26669 objective
ei= -0.003096
102 -1.69821 4.99967 -4.92264 decision
102 -1.69821 3.05944 objective
ei= -0.001393
103 1.61628 4.27254 -1.73693 decision
103 1.61628 3.96572 objective
ei= -0.008592
104 -0.478244 1.23633 -4.92267 decision
104 -0.478244 3.67321 objective
ei= -0.003717
105 2.00344 4.99982 4.99999 decision
105 2.00344 3.02345 objective
ei= -0.001305
106 -3.14158 -4.9995 -0.112953 decision
106 -3.14158 1.56265 objective
ei= -0.005888
107 3.14158 4.99951 -4.99782 decision
107 3.14158 3.86414 objective
ei= -0.006196
108 2.23567 -5 -4.92524 decision
108 2.23567 3.57869 objective
ei= -0.006045
109 2.13511 -0.642194 4.58182 decision
109 2.13511 2.27073 objective
ei= -0.003013
110 3.14128 -0.641318 -4.92301 decision
110 3.14128 3.33493 objective
ei= -0.000886
111 1.48147 1.79425 4.62334 decision
111 1.48147 2.27256 objective
ei= -0.006433
112 1.36702 -1.8609 4.99995 decision
112 1.36702 2.37604 objective
ei= -0.011393
113 3.03214 -4.99992 -2.85141 decision
113 3.03214 1.84804 objective
ei= -0.005761
114 2.18673 -3.11158 1.17667 decision
114 2.18673 2.31404 objective
ei= -0.020782
115 3.14137 4.99984 0.76593 decision
115 3.14137 3.06899 objective
ei= -0.008517
116 3.10043 -4.28048 -1.19891 decision
116 3.10043 2.02731 objective
ei= -0.003003
117 3.14153 -3.20803 -3.29242 decision
117 3.14153 2.70237 objective
ei= -0.009718
118 3.10769 -4.99991 -0.226356 decision
118 3.10769 0.885638 objective
ei= -0.008074
119 3.11607 -4.97573 0.183384 decision
119 3.11607 0.673156 objective
ei= -0.010507
120 3.14029 -4.99991 -0.0013533 decision
120 3.14029 0.243085 objective
ei= -0.008567
121 3.14134 -4.99996 0.192478 decision
121 3.14134 0.61121 objective
ei= -0.006409
122 3.11442 -4.99948 -0.805253 decision
122 3.11442 1.09834 objective
ei= -0.021491
123 3.10519 -4.99989 1.04911e-05 decision
123 3.10519 0.725656 objective
ei= -0.028016
124 0.589502 4.99995 4.99963 decision
124 0.589502 2.89686 objective
ei= -0.019269
125 3.14029 -4.99983 0.173536 decision
125 3.14029 0.606553 objective
ei= -0.060855
126 3.14146 3.26032 3.78125 decision
126 3.14146 3.57933 objective
ei= -0.030534
127 0.0790697 4.99989 -0.00172427 decision
127 0.0790697 1.72138 objective
ei= -0.004717
128 3.1379 -4.99365 -0.0298902 decision
128 3.1379 0.550286 objective
ei= -0.004858
129 3.14157 -4.99487 0.176307 decision
129 3.14157 0.733144 objective
ei= -0.011589
130 3.13792 -4.99959 -0.0298108 decision
130 3.13792 0.437104 objective
ei= -0.007778
131 3.10528 -4.99989 0.228189 decision
131 3.10528 0.518743 objective
ei= -0.009623
132 3.10527 -4.99969 0.192546 decision
132 3.10527 0.377565 objective
ei= -0.001712
133 0.44166 4.99979 0.506977 decision
133 0.44166 2.63443 objective
ei= -0.001910
134 1.35968 0.202587 4.22606 decision
134 1.35968 2.30419 objective
ei= -0.009073
135 3.13786 -0.187719 0.581956 decision
135 3.13786 2.51537 objective
ei= -0.002206
136 3.13788 -4.88922 -2.44728 decision
136 3.13788 1.8324 objective
ei= -0.002320
137 3.02034 -4.99963 -1.62636 decision
137 3.02034 1.67617 objective
ei= -0.001778
138 0.0793373 2.15049 -0.00133778 decision
138 0.0793373 2.88765 objective
ei= -0.005253
139 3.1403 -2.01756 4.24567 decision
139 3.1403 3.05827 objective
ei= -0.003001
140 1.50164 -4.99997 2.61909 decision
140 1.50164 3.53545 objective
ei= -0.001200
141 0.0716483 4.99968 1.17693 decision
141 0.0716483 1.9062 objective
ei= -0.004398
142 0.0788623 4.99992 -3.11181 decision
142 0.0788623 2.50554 objective
ei= -0.000201
143 -0.0919439 3.88706 -2.0599 decision
143 -0.0919439 2.96394 objective
ei= -0.001019
144 -1.69828 -0.64183 -4.54188 decision
144 -1.69828 1.87783 objective
ei= -0.002038
145 0.991556 4.99993 1.8596 decision
145 0.991556 3.2049 objective
ei= -0.000214
146 -0.196722 4.99985 -0.846305 decision
146 -0.196722 1.74651 objective
ei= -0.000573
147 -1.69839 1.78919 -2.80493 decision
147 -1.69839 3.58237 objective
ei= -0.000876
148 -0.898565 -0.642093 -0.833731 decision
148 -0.898565 3.88168 objective
ei= -0.003957
149 -3.1415 -4.99999 0.559569 decision
149 -3.1415 1.84287 objective
ei= -0.000484
150 -1.07539 3.18362 -4.30596 decision
150 -1.07539 2.27571 objective
ei= -0.006598
151 -1.48284 2.59849 -4.92256 decision
151 -1.48284 2.61016 objective
ei= -0.001443
152 -3.14155 -1.41128 -0.00131256 decision
152 -3.14155 2.6346 objective
ei= -0.000473
153 -3.14148 -4.99599 -0.00131391 decision
153 -3.14148 1.24988 objective
ei= -0.000133
154 -3.14148 -4.80916 -0.00131391 decision
154 -3.14148 1.66676 objective
ei= -0.000550
155 -1.77521 -1.96612 -0.00133507 decision
155 -1.77521 3.63402 objective
ei= -0.002873
156 -3.14146 -3.40676 -0.00113665 decision
156 -3.14146 2.2447 objective
ei= -0.000235
157 -1.98415 4.29827 -3.84265 decision
157 -1.98415 3.7166 objective
ei= -0.001524
158 -3.14156 -4.99999 3.86728 decision
158 -3.14156 2.59366 objective
ei= -0.001383
159 -2.85332 -0.043222 -0.00125027 decision
159 -2.85332 3.80299 objective
ei= -0.000930
160 -2.25039 -4.99953 -3.93323 decision
160 -2.25039 2.56232 objective
ei= -0.000303
161 -2.14989 -3.59317 -4.68797 decision
161 -2.14989 2.72027 objective
ei= -0.001381
162 -2.85336 -3.89466 -3.933 decision
162 -2.85336 3.32238 objective
ei= -0.003478
163 -3.14145 4.99962 -2.05528 decision
163 -3.14145 4.42568 objective
ei= -0.002002
164 -3.14159 -4.99989 -1.45696 decision
164 -3.14159 2.18218 objective
ei= -0.001192
165 -2.95606 -0.924954 -0.000947385 decision
165 -2.95606 3.55819 objective
ei= -0.001581
166 -3.14141 3.47722 4.99988 decision
166 -3.14141 4.74907 objective
ei= -0.004097
167 -2.98543 3.28737 -2.2717 decision
167 -2.98543 4.16128 objective
ei= -0.007454
168 -3.14159 -2.94628 3.68616 decision
168 -3.14159 3.81585 objective
ei= -0.011792
169 -3.14151 1.80411 4.28312 decision
169 -3.14151 4.51897 objective
ei= -0.009119
170 -3.14159 -3.60594 4.50732 decision
170 -3.14159 3.76897 objective
ei= -0.010707
171 -3.14157 3.82044 -1.42221 decision
171 -3.14157 4.1907 objective
ei= -0.007644
172 -3.14159 -0.403909 3.38566 decision
172 -3.14159 4.16421 objective
ei= -0.000211
173 -3.1415 -4.99952 0.289043 decision
173 -3.1415 1.73967 objective
ei= -0.001849
174 -2.94177 -4.99942 -0.00125386 decision
174 -2.94177 2.45851 objective
ei= -0.000609
175 -3.14158 -4.99999 -3.43433 decision
175 -3.14158 2.53272 objective
ei= -0.002727
176 -3.1415 -4.99996 2.33995 decision
176 -3.1415 2.36174 objective
ei= -0.000745
177 -2.81929 -1.89135 -1.69427 decision
177 -2.81929 2.89525 objective
ei= -0.002082
178 -2.33771 -2.80337 -1.57672 decision
178 -2.33771 3.12186 objective
ei= -0.000100
179 -2.51695 2.31656 -4.11071 decision
179 -2.51695 3.90279 objective
ei= -0.000462
180 -2.47929 -4.99976 -3.22315 decision
180 -2.47929 2.53701 objective
ei= -0.001152
181 -2.05699 -3.12383 -3.628 decision
181 -2.05699 2.81911 objective
ei= -0.000480
182 -2.11215 -4.99992 -0.00142197 decision
182 -2.11215 3.94044 objective
ei= -0.000363
183 -3.14075 -4.99949 -0.00131773 decision
183 -3.14075 1.22235 objective
ei= -0.000683
184 -3.10059 -4.99994 -0.00131773 decision
184 -3.10059 1.74898 objective
ei= -0.002733
185 -1.49085 -2.60716 -4.66714 decision
185 -1.49085 3.05603 objective
ei= -0.000204
186 -1.45751 3.78004 1.63574 decision
186 -1.45751 4.28017 objective
ei= -0.000023
187 -1.28652 0.753871 -4.71745 decision
187 -1.28652 2.21261 objective
ei= -0.001140
188 -3.14148 -4.99995 0.105357 decision
188 -3.14148 1.51 objective
ei= -0.000680
189 -0.88974 4.63492 -4.34303 decision
189 -0.88974 2.78401 objective
ei= -0.000095
190 -1.20478 2.91863 -3.6315 decision
190 -1.20478 2.95857 objective
ei= -0.000228
191 0.0249091 0.778643 4.99957 decision
191 0.0249091 4.05759 objective
ei= -0.000895
192 -1.30888 -0.642166 -4.92266 decision
192 -1.30888 2.6148 objective
ei= -0.001654
193 1.23833 -2.55434 -0.66563 decision
193 1.23833 3.87926 objective
ei= -0.006851
194 2.23918 2.24356 -4.2911 decision
194 2.23918 4.03252 objective
ei= -0.003398
195 0.657673 0.757549 -1.71356 decision
195 0.657673 3.79125 objective
ei= -0.000037
196 0.205508 3.18267 -0.956697 decision
196 0.205508 3.16761 objective
ei= -0.000432
197 -1.05434 0.56514 -4.92262 decision
197 -1.05434 2.96047 objective
ei= -0.002491
198 -0.252476 4.71088 -0.00109929 decision
198 -0.252476 2.37255 objective
ei= -0.002331
199 2.20416 -4.07584 4.67254 decision
199 2.20416 2.17638 objective
ei= -0.002070
200 1.80217 -1.41138 3.25865 decision
200 1.80217 2.19465 objective
ei= -0.000551
201 -3.14147 -4.99985 -0.000390773 decision
201 -3.14147 1.11395 objective
ei= -0.008881
202 2.04726 -2.37625 4.9997 decision
202 2.04726 1.57688 objective
ei= -0.015702
203 2.06227 -0.0757749 3.55982 decision
203 2.06227 2.57762 objective
ei= -0.008091
204 2.26218 -2.45942 3.1307 decision
204 2.26218 2.05692 objective
ei= -0.005479
205 1.69792 -2.34588 4.15965 decision
205 1.69792 2.53134 objective
ei= -0.003528
206 2.1867 -1.63144 4.4435 decision
206 2.1867 2.07294 objective
ei= -0.004433
207 2.32297 -2.81781 3.74768 decision
207 2.32297 1.54515 objective
ei= -0.006106
208 3.13769 -4.99997 0.0557166 decision
208 3.13769 0.353801 objective
ei= -0.006192
209 3.13781 -4.99999 -0.108471 decision
209 3.13781 0.533424 objective
ei= -0.007754
210 3.13964 -4.99998 -0.143764 decision
210 3.13964 0.554306 objective
ei= -0.004823
211 3.13957 -4.98139 -0.0793188 decision
211 3.13957 0.712767 objective
ei= -0.011504
212 3.11586 -4.99984 0.790983 decision
212 3.11586 0.994088 objective
ei= -0.058781
213 3.10529 -4.99987 1.55675 decision
213 3.10529 1.27035 objective
ei= -0.006556
214 0.918606 -4.99996 -3.66635 decision
214 0.918606 4.55485 objective
ei= -0.063198
215 3.1403 2.37516 -0.237946 decision
215 3.1403 2.57214 objective
ei= -0.011195
216 3.14018 -4.99998 -4.99918 decision
216 3.14018 1.73397 objective
ei= -0.008894
217 1.82733 -0.875932 0.174668 decision
217 1.82733 2.7774 objective
ei= -0.005816
218 3.13611 -4.99997 0.214842 decision
218 3.13611 0.60959 objective
ei= -0.006757
219 3.13779 -4.59552 0.196945 decision
219 3.13779 1.3032 objective
ei= -0.005350
220 3.11967 -4.99991 0.239889 decision
220 3.11967 0.617549 objective
ei= -0.006516
221 3.11379 -4.99999 0.501202 decision
221 3.11379 0.846035 objective
ei= -0.005882
222 3.14026 -4.99968 0.0359932 decision
222 3.14026 0.376579 objective
ei= -0.008490
223 3.14155 1.03447 -2.27972 decision
223 3.14155 3.13676 objective
ei= -0.003621
224 1.34983 3.67945 4.76721 decision
224 1.34983 2.3421 objective
ei= -0.017203
225 2.97905 -4.99993 3.70629 decision
225 2.97905 1.88044 objective
ei= -0.009168
226 2.91912 -4.99999 1.88418 decision
226 2.91912 1.48806 objective
ei= -0.011683
227 2.52908 -3.14706 1.77555 decision
227 2.52908 2.19842 objective
ei= -0.003889
228 1.47058 2.55542 1.21344 decision
228 1.47058 3.28777 objective
ei= -0.001022
229 2.44709 -4.36186 3.24873 decision
229 2.44709 1.37819 objective
ei= -0.002030
230 2.10811 -4.9999 3.4301 decision
230 2.10811 2.60125 objective
ei= -0.005051
231 1.33772 4.9999 3.31701 decision
231 1.33772 3.21514 objective
ei= -0.002775
232 2.44876 -1.82071 0.974632 decision
232 2.44876 2.77815 objective
ei= -0.001380
233 -1.27367 3.64959 -4.9227 decision
233 -1.27367 2.73084 objective
ei= -0.000553
234 0.848529 2.16484 3.19575 decision
234 0.848529 2.46373 objective
ei= -0.000454
235 -0.00832836 4.21033 0.829485 decision
235 -0.00832836 2.63061 objective
ei= -0.002296
236 -0.202062 4.99966 -3.99665 decision
236 -0.202062 2.68857 objective
ei= -0.003060
237 -0.0681043 4.99989 -0.44596 decision
237 -0.0681043 1.45915 objective
ei= -0.000105
238 -0.64478 3.42181 -3.3376 decision
238 -0.64478 2.3661 objective
ei= -0.001125
239 -1.69831 0.88666 -4.74528 decision
239 -1.69831 2.69591 objective
ei= -0.000200
240 -0.750671 3.0644 -4.70757 decision
240 -0.750671 2.78528 objective
ei= -0.000390
241 -1.69829 -4.52325 -4.33102 decision
241 -1.69829 3.37615 objective
ei= -0.001228
242 -2.57754 -4.99996 -4.92354 decision
242 -2.57754 3.22074 objective
ei= -0.000344
243 -2.30206 -1.94622 -4.51195 decision
243 -2.30206 3.02348 objective
ei= -0.000421
244 -3.14145 -2.23467 0.908129 decision
244 -3.14145 3.37226 objective
ei= -0.001279
245 -1.20744 0.457889 2.96478 decision
245 -1.20744 3.97137 objective
ei= -0.000155
246 -0.890775 -3.52566 -3.85505 decision
246 -0.890775 3.07397 objective
ei= -0.000603
247 -1.75247 -1.34116 -3.77131 decision
247 -1.75247 2.75704 objective
ei= -0.000725
248 -3.12087 -4.99994 -0.0750056 decision
248 -3.12087 1.40629 objective
ei= -0.000495
249 -2.25039 -1.46233 2.55061 decision
249 -2.25039 4.02915 objective
ei= -0.000122
250 -2.45786 -4.99993 3.4788 decision
250 -2.45786 3.90714 objective
323.357
