1 4.089903 -0.390297 decision
1 4.05156 2.05661 objective
2 5.167928 2.217273 decision
2 4.41796 2.61507 objective
3 3.594776 3.979886 decision
3 2.44222 4.13719 objective
4 1.637944 5.177451 decision
4 0.24211 3.58868 objective
5 5.324745 0.143623 decision
5 5.10614 3.00905 objective
6 4.588313 4.189053 decision
6 3.34776 4.13529 objective
7 5.675180 3.654600 decision
7 4.53592 3.1005 objective
8 4.260530 5.603766 decision
8 2.66499 4.54461 objective
9 6.398909 -1.511284 decision
9 6.57202 3.51135 objective
10 3.488509 0.048433 decision
10 3.35711 2.59116 objective
11 7.438055 1.537151 decision
11 6.78677 2.50962 objective
12 6.757059 0.984918 decision
12 6.2719 2.97974 objective
13 3.183703 1.672184 decision
13 2.64243 3.43127 objective
14 1.950611 -0.641799 decision
14 2.05026 3.47623 objective
15 2.598843 4.468776 decision
15 1.35369 3.54969 objective
16 6.156263 2.423770 decision
16 5.31918 2.0383 objective
17 2.311924 0.538988 decision
17 2.09365 2.51206 objective
18 7.134188 -1.206672 decision
18 7.20341 3.0331 objective
19 2.838212 2.928648 decision
19 1.98351 3.51606 objective
20 4.887913 5.030772 decision
20 3.4193 4.29365 objective
21 6.707045 2.973694 decision
21 5.70886 2.05569 objective
ei= -0.030144
22 7.12314 2.43891 decision
22 6.24919 2.43916 objective
ei= -0.015783
23 6.31651 2.83832 decision
23 5.36667 1.72188 objective
ei= -0.006184
24 6.3846 2.78265 decision
24 5.44685 1.92308 objective
ei= -0.006635
25 6.21543 2.86252 decision
25 5.26277 1.37307 objective
ei= -0.005088
26 6.21543 3.0095 decision
26 5.22472 0.932161 objective
ei= -0.005485
27 6.21539 3.07198 decision
27 5.20852 1.28206 objective
ei= -0.004690
28 6.09438 3.0095 decision
28 5.1078 1.6269 objective
ei= -0.003258
29 6.23293 3.00945 decision
29 5.24164 0.568911 objective
ei= -0.002751
30 6.22623 3.00352 decision
30 5.23671 0.659765 objective
ei= -0.002617
31 6.22399 3.00949 decision
31 5.233 0.808547 objective
ei= -0.002827
32 6.24324 3.00622 decision
32 5.25244 0.782668 objective
ei= -0.003159
33 6.23295 3.03807 decision
33 5.23426 0.966449 objective
ei= -0.001761
34 6.23272 2.95315 decision
34 5.25601 1.09701 objective
ei= -0.001023
35 6.17126 3.00307 decision
35 5.18373 1.25773 objective
ei= -0.002126
36 7.62193 3.09764 decision
36 6.56049 1.89089 objective
ei= -0.000731
37 6.23291 2.9934 decision
37 5.24578 0.766066 objective
ei= -0.007286
38 4.09097 -1.62619 decision
38 4.37247 3.13423 objective
ei= -0.008146
39 4.13367 0.536854 decision
39 3.85387 2.44475 objective
ei= -0.002532
40 4.29126 -0.379757 decision
40 4.24333 2.37768 objective
ei= -0.004032
41 3.9751 -0.390102 decision
41 3.94062 1.79106 objective
ei= -0.002286
42 3.94017 -0.281766 decision
42 3.87884 1.16816 objective
ei= -0.006630
43 2.6088 0.401044 decision
43 2.41611 2.30162 objective
ei= -0.001742
44 2.72497 0.307397 decision
44 2.55256 2.49279 objective
ei= -0.001245
45 2.57347 0.445126 decision
45 2.37057 2.22288 objective
ei= -0.000932
46 2.56497 0.629628 decision
46 2.31461 2.32906 objective
ei= -0.000909
47 2.5336 0.448592 decision
47 2.33116 2.05785 objective
ei= -0.012133
48 1.55292 1.52214 decision
48 1.10605 4.15933 objective
ei= -0.002816
49 2.31289 0.948364 decision
49 1.98862 2.38593 objective
ei= -0.000941
50 2.32262 1.10252 decision
50 1.95812 2.27841 objective
4.52529
