1 -0.491892 -2.000849 decision
1 1.22977 20.5568 0.174881 objective
2 0.573860 0.107197 decision
2 0.504651 18.8708 -0.0364964 objective
3 -0.981383 1.532153 decision
3 1.48709 15.5891 0.191843 objective
4 -2.915938 2.500304 decision
4 8.1927 27.6013 0.0634746 objective
5 0.728891 -1.569210 decision
5 1.6442 26.2725 0.195282 objective
6 0.000844 1.701250 decision
6 1.69195 15.0632 0.195914 objective
7 1.075338 1.269180 decision
7 1.74932 17.7708 0.196328 objective
8 -0.323208 2.844952 decision
8 5.04044 16.0582 0.108414 objective
9 1.790827 -2.907091 decision
9 5.04077 45.0318 0.0789904 objective
10 -1.086440 -1.646164 decision
10 1.26448 17.1232 0.182005 objective
11 2.818144 -0.442635 decision
11 5.02891 37.9158 0.109113 objective
12 2.144900 -0.889079 decision
12 1.91712 34.2469 0.151456 objective
13 -1.387776 -0.333471 decision
13 1.91179 15.0318 0.185815 objective
14 -2.606831 -2.204171 decision
14 5.03597 15.0564 0.0790173 objective
15 -1.965978 1.927388 decision
15 4.75262 19.4468 0.11599 objective
16 1.550944 0.274137 decision
16 1.85421 23.4025 0.195244 objective
17 -2.249631 -1.249584 decision
17 3.6438 15.0078 0.129731 objective
18 2.517736 -2.660833 decision
18 7.46254 52.009 0.0693512 objective
19 -1.729334 0.682297 decision
19 1.41869 15.8883 0.189703 objective
20 0.297033 2.381724 decision
20 2.3815 15.0456 0.144447 objective
21 2.095456 0.718713 decision
21 1.47271 24.9972 0.161147 objective
ei= -0.015110
22 0.465762 0.0749935 decision
22 0.332004 18.5134 -0.0625584 objective
ei= -0.008544
23 0.449226 0.0124178 decision
23 0.301567 18.618 -0.0668663 objective
ei= -0.007046
24 0.396506 0.0323942 decision
24 0.23674 18.3518 -0.0756253 objective
ei= -0.006873
25 0.315173 0.0430262 decision
25 0.151605 18.0117 -0.0860297 objective
ei= -0.006127
26 0.223548 0.039111 decision
26 0.0772322 17.6883 -0.0937612 objective
ei= -0.005971
27 0.243439 -0.029339 decision
27 0.0901485 17.9268 -0.0925268 objective
ei= -0.003226
28 0.223361 -0.112658 decision
28 0.0938321 18.0617 -0.0921658 objective
ei= -0.002164
29 0.227736 -0.426433 decision
29 0.348441 18.9324 -0.0601875 objective
ei= -0.002146
30 0.177048 -0.055044 decision
30 0.0515572 17.7489 -0.0960625 objective
ei= -0.002199
31 0.206805 -0.067913 decision
31 0.071053 17.8879 -0.094334 objective
ei= -0.001565
32 0.188176 -0.00599331 decision
32 0.0531618 17.6709 -0.0959249 objective
ei= -0.006064
33 -3 -1.85301 decision
33 6.08444 15.2101 0.0744358 objective
ei= -0.006189
34 -2.54575 -1.64031 decision
34 4.83635 15.0162 0.0982 objective
ei= -0.007025
35 -1.81778 -0.909582 decision
35 1.22977 15.017 0.177206 objective
ei= -0.005522
36 -0.639217 0.970733 decision
36 1.65139 15.0163 0.140463 objective
ei= -0.002699
37 -2.32294 -1.80493 decision
37 5.02374 15.06 0.103394 objective
ei= -0.032924
38 -0.985666 -0.955164 decision
38 1.89333 16.1251 0.179556 objective
ei= -0.018828
39 0.178297 0.758222 decision
39 0.873497 16.1454 0.0227301 objective
ei= -0.005990
40 -1.58802 -2.99999 decision
40 4.89615 18.6423 0.0798501 objective
ei= -0.003907
41 0.171416 0.476723 decision
41 0.382165 16.6028 -0.0552366 objective
ei= -0.003530
42 0.22417 1.33909 decision
42 1.88478 15.4977 0.177586 objective
ei= -0.002400
43 0.127071 0.025195 decision
43 0.0251719 17.3895 -0.0981989 objective
ei= -0.002730
44 0.153733 0.0188514 decision
44 0.0359815 17.4936 -0.0973531 objective
ei= -0.001801
45 0.136479 0.0557736 decision
45 0.032604 17.3522 -0.0976218 objective
ei= -0.001848
46 0.0854384 -0.0131677 decision
46 0.0112096 17.3373 -0.0992279 objective
ei= -0.001583
47 0.106225 -0.0211244 decision
47 0.0175946 17.4243 -0.0987664 objective
ei= -0.002184
48 0.0373549 0.0430748 decision
48 0.00487623 17.0626 -0.0996702 objective
ei= -0.001564
49 -0.0320324 0.00505678 decision
49 0.00157747 16.9295 -0.0998943 objective
ei= -0.003601
50 0.00751663 0.00302595 decision
50 9.84842e-05 17.0539 -0.0999934 objective
ei= -0.002353
51 -0.0132129 0.0350059 decision
51 0.00209999 16.9254 -0.0998591 objective
ei= -0.009856
52 2.99995 2.99996 decision
52 8.24835 21.1619 0.0526332 objective
ei= -0.001454
53 -0.0222045 0.0910288 decision
53 0.0131688 16.7882 -0.0990879 objective
ei= -0.000623
54 0.0584846 0.00848244 decision
54 0.00523858 17.2025 -0.0996453 objective
ei= -0.000718
55 -0.0758977 0.0671588 decision
55 0.015406 16.6816 -0.0989263 objective
ei= -0.000715
56 -0.0244857 0.0675208 decision
56 0.0077379 16.8275 -0.0994723 objective
ei= -0.000580
57 -0.0490026 0.0789517 decision
57 0.0129518 16.7349 -0.0991035 objective
ei= -0.010358
58 -0.0721941 -0.700426 decision
58 0.723647 18.4578 -0.00145128 objective
ei= -0.002577
59 -0.0319325 -2.21344 decision
59 1.46779 24.0508 0.161293 objective
ei= -0.001913
60 -0.22699 0.0875331 decision
60 0.0887455 16.253 -0.0926632 objective
ei= -0.000630
61 -0.181586 0.0877501 decision
61 0.0609989 16.3644 -0.0952407 objective
ei= -0.001348
62 -0.22553 0.178517 decision
62 0.124004 16.1131 -0.089068 objective
ei= -0.000397
63 -0.0341231 0.125899 decision
63 0.0255217 16.6876 -0.0981722 objective
ei= -0.000366
64 0.0245061 0.00510982 decision
64 0.000939988 17.1023 -0.0999372 objective
ei= -0.001567
65 -0.118604 0.0394265 decision
65 0.0234314 16.6152 -0.0983311 objective
ei= -0.000357
66 -0.0069239 0.0494384 decision
66 0.00373814 16.9151 -0.099748 objective
ei= -0.000366
67 0.045561 -0.000897563 decision
67 0.00311492 17.1814 -0.0997904 objective
ei= -0.003407
68 -0.410158 0.152528 decision
68 0.286073 15.7663 -0.0690145 objective
ei= -0.000632
69 -0.225414 0.119609 decision
69 0.0976307 16.2052 -0.0917895 objective
ei= -0.000971
70 -0.222372 0.149573 decision
70 0.10767 16.1651 -0.0907755 objective
ei= -0.000754
71 -0.25238 0.315856 decision
71 0.244464 15.8592 -0.0746152 objective
ei= -0.000620
72 -0.242882 0.164305 decision
72 0.128876 16.0955 -0.0885453 objective
ei= -0.000326
73 0.0147739 0.0304672 decision
73 0.00171978 17.0193 -0.0998848 objective
ei= -0.000229
74 -0.0352996 0.0387426 decision
74 0.00412058 16.8526 -0.0997219 objective
ei= -0.000219
75 0.000174521 0.0144613 decision
75 0.00031374 17.0077 -0.0999791 objective
ei= -0.000360
76 0.0319671 -0.0160383 decision
76 0.00191869 17.1707 -0.0998714 objective
ei= -0.000246
77 0.00189807 0.0218867 decision
77 0.000723943 16.9977 -0.0999516 objective
ei= -0.000409
78 0.0324352 0.0107552 decision
78 0.00175158 17.1152 -0.0998826 objective
ei= -0.000294
79 -0.000814183 0.00671659 decision
79 6.86632e-05 17.0206 -0.0999954 objective
ei= -0.000259
80 0.0126709 -0.00890283 decision
80 0.000359719 17.0949 -0.099976 objective
ei= -0.000551
81 0.0123293 -0.040429 decision
81 0.00267977 17.1606 -0.0998199 objective
ei= -0.000521
82 0.0168956 -0.0257456 decision
82 0.00142244 17.1437 -0.0999048 objective
ei= -0.000191
83 -0.0960126 0.0780097 decision
83 0.0229553 16.6059 -0.0983671 objective
ei= -0.000129
84 -0.00995056 0.0181111 decision
84 0.000640537 16.9695 -0.0999572 objective
ei= -0.000130
85 -0.00437661 -0.00325444 decision
85 4.46191e-05 17.0303 -0.099997 objective
ei= -0.000315
86 -0.0166973 0.0602183 decision
86 0.00585756 16.8647 -0.0996027 objective
ei= -0.000139
87 0.0177137 0.000166576 decision
87 0.000470704 17.0915 -0.0999686 objective
ei= -0.012931
88 -1.09128 0.48174 decision
88 1.70057 15.0192 0.147619 objective
ei= -0.001148
89 -0.39536 0.3172 decision
89 0.382571 15.5968 -0.0551763 objective
ei= -0.001307
90 -0.426867 0.226811 decision
90 0.348367 15.6462 -0.0601982 objective
ei= -0.002759
91 -0.413067 0.528338 decision
91 0.659637 15.3631 -0.0117888 objective
ei= -0.000449
92 -0.303075 0.28536 decision
92 0.259061 15.8001 -0.0726799 objective
ei= -0.004999
93 -1.96554 -1.09233 decision
93 1.58688 15.011 0.158107 objective
ei= -0.002268
94 -2.10231 -1.33466 decision
94 3.01849 15.0184 0.136639 objective
ei= -0.002279
95 -0.0576168 1.86511 decision
95 1.40716 15.0327 0.189295 objective
ei= -0.003881
96 -1.69944 -0.753011 decision
96 1.41915 15.0209 0.189719 objective
ei= -0.002587
97 -0.320454 1.5065 decision
97 1.88179 15.0254 0.19394 objective
ei= -0.002774
98 0.107384 -0.166381 decision
98 0.0588108 17.7686 -0.0954337 objective
ei= -0.000122
99 -0.0591635 0.0258585 decision
99 0.00625345 16.8084 -0.0995753 objective
ei= -0.005793
100 -2.99998 2.99989 decision
100 8.24809 31.0501 0.0526338 objective
ei= -0.001295
101 0.0328287 0.0280873 decision
101 0.00279993 17.0799 -0.0998118 objective
ei= -0.001739
102 0.0540589 -0.00938468 decision
102 0.00451564 17.2269 -0.0996949 objective
ei= -0.048112
103 -2.99994 -2.99996 decision
103 8.24828 15.1621 0.0526333 objective
ei= -0.003248
104 0.0504998 0.0536174 decision
104 0.00813756 17.0813 -0.0994444 objective
ei= -0.002514
105 0.0384854 -0.017418 decision
105 0.00267677 17.1944 -0.0998201 objective
ei= -0.003581
106 0.0786209 0.0167643 decision
106 0.00969339 17.2492 -0.0993352 objective
ei= -0.002595
107 0.0651229 0.0215049 decision
107 0.00705515 17.1956 -0.0995198 objective
ei= -0.004762
108 0.0546216 0.0394716 decision
108 0.00681227 17.124 -0.0995366 objective
ei= -0.005946
109 0.0737772 -0.0230409 decision
109 0.0089609 17.3209 -0.0993867 objective
ei= -0.010021
110 0.140804 -0.100783 decision
110 0.0449701 17.7297 -0.0966184 objective
ei= -0.004442
111 0.0297427 -0.020907 decision
111 0.0019826 17.1741 -0.099867 objective
ei= -0.002170
112 0.0372055 0.00237265 decision
112 0.00208481 17.148 -0.0998601 objective
ei= -0.002391
113 0.0585511 0.0213262 decision
113 0.00582455 17.1751 -0.099605 objective
ei= -0.001875
114 0.0235068 0.0194794 decision
114 0.00139802 17.069 -0.0999064 objective
ei= -0.003650
115 0.0497495 -0.080639 decision
115 0.0134664 17.3699 -0.0990665 objective
ei= -0.003149
116 0.0776477 0.057976 decision
116 0.0140854 17.1572 -0.099022 objective
ei= -0.002921
117 0.0230149 -0.0232099 decision
117 0.00160258 17.1577 -0.0998926 objective
ei= -0.001116
118 0.0367421 0.0128973 decision
118 0.00227448 17.1241 -0.0998473 objective
ei= -0.001172
119 -0.107232 -0.0179958 decision
119 0.0177334 16.7552 -0.0987562 objective
ei= -0.001336
120 -0.0154399 -0.0337915 decision
120 0.00207039 17.0597 -0.0998611 objective
ei= -0.001133
121 0.0529318 0.0283097 decision
121 0.00540481 17.1424 -0.0996339 objective
ei= -0.002119
122 0.0555493 -0.0555829 decision
122 0.00926274 17.3332 -0.0993655 objective
ei= -0.004986
123 -2.1648 -1.49763 decision
123 4.0667 15.0355 0.125038 objective
ei= -0.003054
124 -2.88153 -2.30744 decision
124 7.68668 15.0068 0.0683629 objective
ei= -0.004044
125 0.255249 2.06262 decision
125 1.23595 15.0754 0.173349 objective
ei= -0.003444
126 -2.57225 -2.01374 decision
126 4.38783 15.0193 0.0856524 objective
ei= -0.003468
127 -2.99999 -2.29331 decision
127 8.12217 15.0245 0.0655334 objective
ei= -0.001339
128 -0.626532 0.236837 decision
128 0.658052 15.3397 -0.0120442 objective
ei= -0.000348
129 -0.222458 0.304393 decision
129 0.212736 15.9357 -0.0786999 objective
ei= -0.000397
130 -0.375574 0.22596 decision
130 0.286991 15.7388 -0.0688881 objective
ei= -0.000694
131 -0.534732 0.104604 decision
131 0.440979 15.6025 -0.046365 objective
ei= -0.000461
132 -0.491301 0.2029 decision
132 0.420073 15.5654 -0.0495493 objective
ei= -0.001240
133 0.0816651 0.0327526 decision
133 0.0116128 17.2243 -0.0991992 objective
ei= -0.001293
134 0.0711423 0.0549287 decision
134 0.0121175 17.1432 -0.0991632 objective
ei= -0.001028
135 0.0346006 0.0349226 decision
135 0.00362518 17.0711 -0.0997557 objective
ei= -0.000986
136 0.083431 0.0197857 decision
136 0.0110283 17.2582 -0.0992408 objective
ei= -0.001129
137 0.0280076 -0.0609779 decision
137 0.00675408 17.2552 -0.0995407 objective
ei= -0.002379
138 0.0821013 0.0328783 decision
138 0.0117323 17.2254 -0.0991907 objective
ei= -0.001916
139 0.032433 0.00718985 decision
139 0.00165539 17.1227 -0.0998891 objective
ei= -0.003120
140 0.0320212 0.0969397 decision
140 0.0156338 16.9358 -0.0989098 objective
ei= -0.001005
141 0.0198489 -0.0134085 decision
141 0.000860651 17.1268 -0.0999425 objective
ei= -0.003145
142 -0.0918358 0.00123195 decision
142 0.0126529 16.7622 -0.0991249 objective
ei= -0.001047
143 0.0449294 0.00212883 decision
143 0.00303478 17.1729 -0.0997958 objective
ei= -0.001973
144 0.0972613 0.0419096 decision
144 0.016824 17.2546 -0.0988229 objective
ei= -0.000765
145 0.0460996 0.0261517 decision
145 0.00421362 17.1254 -0.0997156 objective
ei= -0.000838
146 0.0370381 0.0361843 decision
146 0.00402169 17.076 -0.0997287 objective
ei= -0.000875
147 0.0305271 5.01586e-05 decision
147 0.00139786 17.1319 -0.0999064 objective
ei= -0.000863
148 -0.156878 -0.633106 decision
148 0.625432 17.9554 -0.0172941 objective
ei= -0.000015
149 -0.182137 -0.0849298 decision
149 0.0605693 16.6714 -0.0952787 objective
ei= -0.001800
150 -0.212103 -0.0474103 decision
150 0.0708354 16.521 -0.094354 objective
ei= -0.001530
151 -0.0477344 -1.07411 decision
151 1.49319 19.6596 0.117603 objective
ei= -0.000066
152 0.0797908 0.180053 decision
152 0.0581686 16.9111 -0.0954901 objective
ei= -0.000938
153 -0.018003 -0.0129591 decision
153 0.000738069 17.0087 -0.0999507 objective
ei= -0.000671
154 0.0401302 -0.085007 decision
154 0.0132548 17.3478 -0.0990818 objective
ei= -0.000807
155 0.0355892 -0.059646 decision
155 0.00723634 17.2769 -0.0995072 objective
ei= -0.001569
156 -0.0640372 -0.0340195 decision
156 0.00788711 16.9127 -0.0994619 objective
ei= -0.001170
157 -0.0335003 -0.023404 decision
157 0.00250503 16.983 -0.0998317 objective
ei= -0.000096
158 -0.209577 -0.154819 decision
158 0.101785 16.7267 -0.0913733 objective
ei= -0.000003
159 -0.131122 0.130468 decision
159 0.0513157 16.4194 -0.0960832 objective
ei= -0.000158
160 -0.114413 0.15905 decision
160 0.0575717 16.4129 -0.0955423 objective
ei= -0.000019
161 -0.172132 -0.25372 decision
161 0.140867 17.0344 -0.0872337 objective
ei= -0.001309
162 0.27001 0.304392 decision
162 0.247585 17.2408 -0.0742042 objective
ei= -0.000702
163 0.058585 -0.0114742 decision
163 0.00534578 17.246 -0.0996379 objective
ei= -0.001558
164 0.0896517 -0.0320835 decision
164 0.0136 17.3936 -0.0990569 objective
ei= -0.000583
165 0.0329703 0.00543922 decision
165 0.00167494 17.1281 -0.0998878 objective
ei= -0.001051
166 0.0727306 0.00947288 decision
166 0.00806919 17.2461 -0.0994492 objective
ei= -0.001601
167 0.0232793 -0.035606 decision
167 0.00271457 17.1851 -0.0998176 objective
ei= -0.001572
168 -0.114708 0.0121878 decision
168 0.0199592 16.6767 -0.0985916 objective
ei= -0.002115
169 0.069709 0.0140161 decision
169 0.00758366 17.2265 -0.099483 objective
ei= -0.002085
170 0.0421384 0.0157415 decision
170 0.00303515 17.1351 -0.0997958 objective
ei= -0.002058
171 -0.0185313 -0.00930243 decision
171 0.000644919 16.9995 -0.0999569 objective
ei= -0.001886
172 0.00891936 0.000952901 decision
172 0.000120695 17.0626 -0.099992 objective
ei= -0.000852
173 0.0107153 -0.00452601 decision
173 0.000202953 17.0796 -0.0999865 objective
ei= -0.000740
174 0.00601 0.00185614 decision
174 5.9348e-05 17.0517 -0.099996 objective
ei= -0.000729
175 0.0148582 0.000803162 decision
175 0.000332119 17.0813 -0.0999778 objective
ei= -0.000957
176 0.0219706 0.0147151 decision
176 0.00104886 17.0742 -0.0999299 objective
ei= -0.001100
177 -0.123712 0.016448 decision
177 0.0233623 16.6438 -0.0983363 objective
ei= -0.001211
178 -0.730263 0.153788 decision
178 0.807054 15.2824 0.0120288 objective
ei= -0.000399
179 -0.38281 0.252434 decision
179 0.313853 15.6933 -0.0651408 objective
ei= -0.000955
180 -0.248755 0.594719 decision
180 0.611496 15.5336 -0.0195313 objective
ei= -0.003693
181 -0.83849 -0.207151 decision
181 1.05168 15.4557 0.0510474 objective
ei= -0.000279
182 -0.400667 0.250616 decision
182 0.333162 15.6639 -0.0623924 objective
ei= -0.001926
183 -1.97291 -0.844329 decision
183 1.30837 15.0072 0.167404 objective
ei= -0.003340
184 0.0662565 1.92202 decision
184 1.32067 15.0429 0.185596 objective
ei= -0.003098
185 -1.96876 -1.20482 decision
185 1.84717 15.0337 0.152696 objective
ei= -0.001742
186 -1.88295 -1.03987 decision
186 1.31708 15.0241 0.166955 objective
ei= -0.001406
187 -3 -2.16602 decision
187 7.74821 15.0568 0.0680646 objective
ei= -0.001559
188 0.043651 0.0304903 decision
188 0.00425259 17.1086 -0.0997129 objective
ei= -0.000541
189 0.0511666 0.00429011 decision
189 0.00395463 17.1881 -0.0997332 objective
ei= -0.000750
190 0.0247677 0.00830796 decision
190 0.00102369 17.0964 -0.0999315 objective
ei= -0.001043
191 0.0883039 -0.0105729 decision
191 0.011864 17.341 -0.0991813 objective
ei= -0.000827
192 0.0287145 0.0034383 decision
192 0.00125452 17.119 -0.0999161 objective
ei= -0.000458
193 0.0733447 -0.00625736 decision
193 0.00812787 17.2825 -0.0994451 objective
ei= -0.001840
194 0.078384 0.0156652 decision
194 0.00958413 17.2508 -0.0993429 objective
ei= -0.000913
195 0.0291044 0.0204711 decision
195 0.0018992 17.0843 -0.0998727 objective
ei= -0.002078
196 0.104319 -0.0257852 decision
196 0.0173207 17.4284 -0.0987865 objective
ei= -0.002263
197 0.153384 -0.0150047 decision
197 0.0356254 17.5708 -0.0973816 objective
ei= -0.003768
198 -0.106043 0.016534 decision
198 0.0172776 16.6927 -0.0987897 objective
ei= -0.004510
199 0.205818 -0.0474874 decision
199 0.0669096 17.8341 -0.0947115 objective
ei= -0.002871
200 0.0269602 -0.0163308 decision
200 0.00149032 17.1555 -0.0999002 objective
ei= -0.002212
201 0.0439573 -0.00733927 decision
201 0.00297916 17.1902 -0.0997996 objective
ei= -0.003888
202 0.149763 -0.00612112 decision
202 0.0336976 17.5376 -0.0975353 objective
ei= -0.002155
203 -0.0593206 0.0226815 decision
203 0.00605007 16.8141 -0.0995894 objective
ei= -0.002000
204 -0.0186348 0.0265003 decision
204 0.00157428 16.9263 -0.0998946 objective
ei= -0.001435
205 0.0232281 -0.0334948 decision
205 0.00249217 17.1804 -0.0998326 objective
ei= -0.002024
206 -0.0224637 0.0328481 decision
206 0.00237542 16.9022 -0.0998405 objective
ei= -0.001402
207 0.0545936 0.00174853 decision
207 0.00447527 17.2045 -0.0996977 objective
ei= -0.001801
208 0.15482 -0.0216967 decision
208 0.0366577 17.5914 -0.0972988 objective
ei= -0.000734
209 0.162987 -0.0225362 decision
209 0.0406056 17.6217 -0.0969786 objective
ei= -0.000158
210 0.0665999 -0.0169892 decision
210 0.00708625 17.2841 -0.0995176 objective
ei= -0.001724
211 0.23181 -0.0201293 decision
211 0.0811854 17.8614 -0.0933887 objective
ei= -0.000570
212 0.0255938 0.00614344 decision
212 0.00103918 17.1035 -0.0999305 objective
ei= -0.003052
213 0.608849 2.60817 decision
213 4.36373 15.0835 0.121507 objective
ei= -0.003424
214 -2.3629 -1.67584 decision
214 5.05473 15.0123 0.106227 objective
ei= -0.003438
215 0.0995485 1.92818 decision
215 1.3107 15.0499 0.185065 objective
ei= -0.001910
216 -2.23522 -1.53139 decision
216 4.54214 15.0192 0.119172 objective
ei= -0.002085
217 -1.74928 -0.822382 decision
217 1.30789 15.0199 0.184909 objective
ei= -0.000257
218 -0.372634 0.281809 decision
218 0.325679 15.6763 -0.0634626 objective
ei= -0.001399
219 -0.458438 0.297966 decision
219 0.44399 15.5167 -0.0459038 objective
ei= -0.001654
220 -0.238299 0.652547 decision
220 0.705388 15.4905 -0.00440281 objective
ei= -0.001735
221 -0.815959 -0.503244 decision
221 1.25454 15.8358 0.0823024 objective
ei= -0.000789
222 -0.443108 0.274069 decision
222 0.403866 15.5661 -0.0519953 objective
ei= -0.000634
223 0.0170636 0.0261603 decision
223 0.00146329 17.0352 -0.099902 objective
ei= -0.000615
224 0.0369672 0.00612027 decision
224 0.00210605 17.1392 -0.0998587 objective
ei= -0.000717
225 -0.00511829 0.0233445 decision
225 0.000856743 16.9734 -0.0999427 objective
ei= -0.000910
226 0.04655 0.0252297 decision
226 0.00420516 17.1288 -0.0997161 objective
ei= -0.000748
227 0.00684465 0.0252361 decision
227 0.00102556 17.0059 -0.0999314 objective
ei= -0.004286
228 0.322221 -0.110304 decision
228 0.17373 18.4395 -0.0834666 objective
ei= -0.002027
229 0.251578 -0.0790119 decision
229 0.104246 18.0825 -0.0911246 objective
ei= -0.001222
230 0.10163 -0.0512592 decision
230 0.0194338 17.4774 -0.0986306 objective
ei= -0.000224
231 0.0731028 -0.129231 decision
231 0.0330651 17.5598 -0.0975854 objective
ei= -0.001837
232 0.110855 -0.0360855 decision
232 0.0203862 17.4739 -0.0985598 objective
ei= -0.005758
233 0.495323 -0.260883 decision
233 0.465001 19.6258 -0.0426695 objective
ei= -0.001433
234 0.0721222 0.0530498 decision
234 0.0120238 17.1503 -0.0991699 objective
ei= -0.000711
235 0.238247 0.0043383 decision
235 0.0851403 17.8248 -0.0930113 objective
ei= -0.001122
236 0.0397634 0.0408347 decision
236 0.00487289 17.0748 -0.0996704 objective
ei= -0.000821
237 0.0547025 0.0322059 decision
237 0.00604437 17.1397 -0.0995898 objective
ei= -0.002960
238 -0.185307 -0.799097 decision
238 0.959698 18.2745 0.0365136 objective
ei= -0.000310
239 0.0545383 0.17162 decision
239 0.048636 16.8533 -0.0963108 objective
ei= -0.001230
240 0.122098 0.367659 decision
240 0.224558 16.6691 -0.0771982 objective
ei= -0.000616
241 -0.0795702 0.227506 decision
241 0.0871028 16.3842 -0.0928223 objective
ei= -0.001134
242 -0.144932 -0.812699 decision
242 0.97069 18.4708 0.0382607 objective
ei= -0.001009
243 0.0915405 0.0812228 decision
243 0.0224646 17.1516 -0.0984041 objective
ei= -0.001468
244 0.0659014 0.0972217 decision
244 0.0206921 17.038 -0.098537 objective
ei= -0.003295
245 0.0902278 0.131875 decision
245 0.0382953 17.041 -0.0971666 objective
ei= -0.001412
246 0.0668858 0.0861829 decision
246 0.0178515 17.064 -0.0987475 objective
ei= -0.000635
247 0.0661375 0.0380607 decision
247 0.00873415 17.1633 -0.0994026 objective
ei= -0.000232
248 -0.0119066 0.26429 decision
248 0.10493 16.4949 -0.0910551 objective
ei= -0.000181
249 0.0974968 0.197272 decision
249 0.0726139 16.9293 -0.0941904 objective
ei= -0.001325
250 0.361859 0.362186 decision
250 0.39019 17.4145 -0.0540426 objective
288.649
