1.18375 0.340138 0.928524 
0.112808 0.173373 1.29853 
0.042919 0.934229 0.805159 
1.4267 0.909174 0.0520741 
0.227878 0.103817 1.40743 
0.188135 0.275492 1.68387 
1.13457 0.178151 0.948966 
0.166898 0.0126413 1.37938 
1.06196 0.81636 0.25392 
1.23754 0.283768 0.629359 
0.262128 0.0962423 1.36652 
0.137124 0.128448 1.42095 
1.59996 0.496404 0.304159 
0.403512 0.796042 0.550511 
0.533628 1.75002 0.241488 
0.308011 0.377624 1.45836 
1.15243 0.166684 0.692733 
0.26409 0.27763 1.43784 
0.189855 1.3428 0.692396 
0.519618 1.34945 0.681747 
0.0785004 1.44381 0.935866 
1.2166 0.492889 0.110455 
0.240755 0.522581 1.08954 
0.0181175 0.55551 1.27432 
1.1317 0.991336 0.0691022 
0.337816 1.5876 0.00666589 
1.24415 1.25404 0.170674 
0.310573 0.399876 1.12787 
0.0815752 0.905537 1.46029 
0.409188 0.701513 1.05409 
0.43336 1.00009 0.862495 
1.08243 0.22614 0.589355 
0.147829 0.359696 1.60065 
1.23546 0.729616 0.223028 
0.239671 1.38913 0.554268 
0.816344 0.42521 1.23169 
1.10576 1.34985 0.123948 
0.457916 0.89925 1.00479 
0.484914 1.35167 0.637826 
0.481612 0.517109 1.23585 
0.240667 0.752987 1.62956 
1.27034 0.011683 0.452026 
0.0375254 0.140534 1.55886 
1.13271 0.552699 0.712467 
0.489232 0.691747 0.762392 
0.420062 1.19737 0.858299 
0.500795 0.741871 0.925761 
0.833045 0.477876 1.015 
1.19553 0.570445 0.48781 
0.523472 0.0986775 1.52515 
0.711825 0.949736 0.303713 
1.32465 0.813869 0.669178 
0.723991 0.239582 1.08915 
0.159429 1.25498 0.158972 
0.668285 0.772886 1.17142 
0.997646 0.835181 0.399377 
0.0198414 1.24235 0.845592 
0.0100839 0.050408 1.3045 
0.479128 0.0232284 1.21486 
0.761222 0.833523 1.2519 
1.12997 0.897087 0.315569 
0.636166 0.2798 1.44663 
1.11461 0.781447 0.570078 
0.886437 0.86197 0.361812 
0.598906 1.08292 0.886055 
0.543487 0.132213 1.53076 
0.164868 0.730703 1.12597 
0.577478 0.93804 1.71934 
0.303494 1.19016 1.14507 
0.444614 0.925637 1.26352 
0.430685 0.162863 1.50712 
0.0304541 0.0107908 1.22505 
0.345311 1.23718 0.284347 
1.31571 0.133638 0.421759 
0.486808 0.328015 1.43079 
0.135599 0.923702 1.32116 
0.265649 0.146544 1.36708 
0.189668 0.342223 1.39848 
0.767317 0.554437 1.13712 
0.636224 0.580844 1.59943 
1.66485 0.106354 0.452106 
0.0130376 0.00219061 1.96591 
1.14086 0.131844 0.880017 
0.10939 1.171 1.11854 
0.729278 0.0210083 1.23862 
0.0964026 0.0709476 1.69097 
0.156458 0.0428037 1.9014 
0.815759 0.833821 0.001602 
0.963501 0.793903 0.041701 
1.159033 0.741635 0.078615 
0.921345 0.806587 0.000022 
0.884946 0.530183 0.036901 
0.915289 0.447962 0.175627 
0.953744 0.387332 0.217760 
0.951769 0.448929 0.219168 
0.951427 0.440801 0.080000 
0.912381 0.546321 0.123686 
0.884042 0.078654 0.501019 
1.064795 0.128307 0.463697 
1.111385 0.000006 0.395403 
0.327611 0.874493 0.718339 
1.27624 0.113051 0.114797 
0.783046 0.876097 0.855919 
0.889769 0.920364 0.139095 
0.547626 0.808064 1.12064 
0.393456 0.152766 1.4206 
0.105543 0.93335 0.831817 
1.36358 0.513653 0.204923 
1.01288 1.01172 0.680098 
0.202825 0.00663495 1.4845 
1.31703 0.405387 0.494308 
0.155811 0.672665 1.27802 
0.590525 0.565728 1.27957 
0.0677058 0.493068 1.16888 
0.187959 0.586723 1.0872 
0.305907 1.56198 0.364654 
0.245449 0.314676 1.31975 
1.12937 0.265118 1.01495 
1.3456 0.797568 0.306916 
0.83537 1.16233 1.06722 
0.589466 0.113679 1.59936 
1.53071 0.646447 0.438202 
0.414311 0.899409 0.786292 
0.609487 0.151897 1.50151 
1.23016 0.628151 1.15585 
1.05685 0.815811 1.34221 
1.03078 0.00738067 1.43878 
0.45184 1.32755 0.338499 
0.620003 0.0244337 1.19213 
0.198804 0.962139 0.540546 
0.358286 0.12623 1.38314 
0.0314536 0.17308 1.53975 
0.933773 0.575437 0.765123 
0.8882 0.187439 1.23275 
0.919036 1.5024 0.269343 
0.863397 0.651112 1.17715 
0.125256 0.213909 1.42298 
0.460403 0.391287 1.35289 
0.07734 1.25742 0.612978 
1.10822 0.301405 0.00376175 
0.83936 0.998263 0.50445 
0.300182 0.0357927 1.50312 
0.0748794 0.0215729 1.25596 
0.346898 0.199192 1.24774 
0.439349 1.13524 1.13819 
0.596092 1.07991 0.695646 
0.778046 0.488802 1.34318 
0.0205582 0.00931862 1.40299 
0.400253 0.702865 1.38693 
0.0205787 1.58733 0.974159 
1.02788 1.11858 0.0927728 
0.0359374 0.0340119 1.75229 
0.351118 1.23635 0.84708 
0.0234241 0.823278 1.31967 
0.864529 1.14939 0.659773 
0.168702 0.192692 1.18646 
1.30162 0.87916 0.082684 
0.293707 0.424614 1.49996 
1.10134 0.456807 0.139098 
1.64954 0.265817 0.0455229 
0.0344989 0.0542566 1.53997 
0.971985 0.322226 0.643359 
0.739119 0.528142 1.37096 
0.292946 0.955511 1.12189 
0.183936 1.15216 1.44189 
0.144694 0.566792 1.48166 
0.735072 1.50495 0.881178 
0.547994 1.03529 0.470857 
0.178467 0.381053 1.70751 
0.604474 0.0816151 1.21484 
1.05159 0.937607 0.462334 
1.17759 0.978584 0.913022 
0.489892 1.17223 1.21052 
0.0154545 0.318075 1.3513 
0.0875835 0.203571 1.38568 
0.432866 0.345613 1.14791 
0.886097 1.08634 0.41273 
1.28125 0.648149 0.499393 
0.841891 0.0555502 1.10669 
0.373624 1.38804 0.43118 
1.28067 0.223992 0.264526 
0.0127897 0.119219 1.46625 
1.27807 0.877449 0.682182 
0.760435 0.0713019 0.931037 
0.137762 0.073153 1.58367 
0.0742628 0.972765 1.01866 
1.43309 0.683317 0.283009 
0.237879 0.042073 0.989665 
0.288697 0.039860 1.058942 
0.462719 0.041579 1.257215 
0.623190 0.020611 0.919112 
0.276160 0.068462 1.072711 
0.052776 0.040080 1.073167 
0.014147 0.011168 1.146486 
0.000028 0.000043 1.122045 
0.000175 0.000117 1.242880 
0.000039 0.000041 1.109439 
0.550419 0.575130 0.627673 
0.566705 0.527324 0.660899 
0.489841 0.562807 0.696562 
1.11221 0.777696 1.10525 
1.16733 1.05626 0.5193 
0.207525 0.304149 1.46169 
0.466852 0.00141456 1.26412 
0.777528 1.36705 0.476295 
0.286083 1.3822 0.315801 
1.3066 0.124889 1.16976 
0.905122 0.73382 0.506751 
0.263034 0.830172 1.32713 
1.14843 0.650648 0.865363 
1.56359 0.55309 0.94035 
0.0987948 0.250425 1.31382 
0.261402 0.278353 1.43789 
0.976403 1.09527 0.573364 
0.349334 1.46936 0.0493122 
1.37062 0.209705 0.10062 
0.901911 0.0418151 0.967824 
0.532418 1.09392 0.707243 
0.0801541 1.48791 0.314162 
0.388979 1.40104 0.39337 
0.953617 0.580224 0.778664 
1.06745 1.24237 0.177843 
0.00224619 0.0956284 1.81266 
1.17138 0.0739695 0.888471 
0.670912 0.625481 0.935001 
0.43909 1.3466 0.530619 
0.206193 0.720869 1.54016 
0.288115 0.788172 1.47486 
0.48402 0.31002 1.13081 
0.0578169 0.122883 1.75898 
0.117354 0.187479 1.18492 
0.33489 0.326607 1.49752 
0.0869623 0.962482 1.06147 
0.512334 0.215663 1.0361 
0.829106 1.25275 0.689178 
0.531463 1.1796 0.44986 
1.43129 0.0299319 0.785695 
0.0862166 0.133072 1.36299 
0.613919 0.327418 1.725 
1.68572 0.307392 0.492227 
0.046428 0.799521 1.34112 
0.119819 1.13491 0.827455 
0.666277 0.187315 1.50839 
0.721462 0.143763 1.13384 
0.943142 0.434019 1.23325 
1.0847 0.834093 0.83598 
0.398996 0.200482 1.05941 
0.853088 0.0648988 1.15758 
1.34526 0.498183 0.240171 
0.5821 0.118414 1.25933 
0.0295225 0.00706667 1.47773 
0.398437 1.16478 0.513112 
0.145805 1.0964 1.12168 
0.0850361 0.350552 1.54261 
0.0131711 0.0175216 1.6179 
0.937415 0.369691 0.48581 
0.496648 0.932811 0.880358 
0.347259 0.292655 1.32571 
0.231181 1.41034 0.0750695 
1.31282 0.779371 0.107278 
0.24007 0.173575 1.63141 
0.0375313 0.0923402 1.82632 
0.119117 0.724039 1.01946 
0.738153 1.01787 1.08744 
1.21804 0.58761 0.177844 
0.783553 0.587543 0.947396 
0.129827 0.0664899 1.37452 
0.927427 1.18666 0.36723 
1.18885 0.37199 0.200945 
0.958543 0.304441 0.941934 
0.0474162 0.237034 1.73304 
0.0184007 1.28866 0.664398 
0.843224 0.552073 1.16125 
1.50049 0.180269 0.00813269 
0.431903 0.726057 1.0959 
0.871839 1.02754 0.866318 
1.19919 1.05053 0.315105 
0.355411 0.350703 1.31576 
0.116853 0.221471 1.68493 
0.103009 0.908302 1.14086 
0.390491 0.0863147 1.23466 
0.738521 0.307808 1.16722 
1.58705 0.207445 0.177039 
0.571942 1.30097 0.713324 
0.584858 0.158672 1.00445 
0.673977 0.823717 0.833802 
0.326175 0.342331 1.60059 
0.340189 0.985349 0.057436 
0.257614 1.081728 0.140319 
0.286278 1.187997 0.032060 
0.212692 1.122409 0.150263 
0.491503 1.111523 0.117004 
0.000125 1.234369 0.283182 
0.000011 1.127429 0.252204 
0.056054 1.066237 0.238920 
0.099454 1.094295 0.320345 
0.021108 0.972099 0.370724 
0.061635 0.107397 1.049488 
0.043827 0.084835 1.064844 
0.023526 0.068798 1.228535 
0.0104485 1.04725 0.838478 
0.264015 1.38644 0.861226 
0.586775 1.11023 0.659875 
0.83002 0.842084 1.15359 
0.0964991 0.326662 1.24988 
0.0405663 0.0926911 1.62525 
0.412804 1.13707 0.323841 
0.924876 0.765786 0.209418 
0.204792 0.0888884 1.372 
0.3888 0.445734 0.967621 
0.0916133 0.401549 1.63214 
1.14706 0.00914558 0.102359 
1.04726 0.585546 0.493975 
0.796511 1.05993 0.274211 
0.556404 0.358532 1.63565 
0.342009 0.430401 1.54861 
1.14683 0.662848 0.942637 
0.387874 0.286766 1.51488 
0.416789 1.26906 0.177365 
0.597843 0.526685 1.20253 
0.995145 0.481505 0.490127 
1.08086 0.382209 0.96217 
0.609566 0.845378 1.0781 
0.851523 0.785464 1.23329 
1.47695 0.613141 0.803152 
1.33929 0.285487 0.446795 
1.50464 0.0767432 0.867995 
0.576871 1.26658 0.910329 
1.56031 1.06992 0.298565 
0.521467 0.867605 0.90226 
0.412546 0.433699 1.39755 
0.509916 0.733631 1.25003 
0.181132 1.05065 0.9774 
0.130244 0.938094 0.936778 
1.30378 0.348533 0.0463359 
1.22551 0.442247 0.124388 
0.0598352 0.696779 1.1926 
0.0362637 0.11786 1.63444 
0.0486378 1.38253 0.327021 
1.13719 0.21095 0.998615 
1.41419 0.778831 0.107903 
0.783002 0.635689 0.697639 
0.0576274 1.19523 0.346347 
0.0827538 0.171557 1.49456 
0.315097 0.140026 1.62073 
1.31917 1.03238 0.567445 
0.456458 1.90759 0.48425 
0.102334 0.210335 1.42559 
1.69479 0.0322984 0.200738 
0.926972 0.149907 1.38185 
0.382678 0.501551 1.70947 
0.358989 0.114673 1.57722 
0.576645 0.147021 1.57118 
0.070746 0.646064 1.01229 
0.52319 0.0890329 1.03809 
0.273475 0.0218177 1.36753 
0.362029 1.38685 0.765093 
0.605702 0.0350211 1.36776 
0.0339259 0.052076 1.57794 
0.161228 1.03314 1.29215 
0.0864186 0.834312 1.12892 
0.408141 0.292167 1.64067 
1.52229 0.178354 0.058155 
0.67704 0.355177 1.34945 
0.733999 0.0716194 0.849963 
0.603759 1.59523 0.66355 
0.158942 0.739832 1.38542 
0.486626 0.300428 1.12777 
0.0923627 1.617 0.494505 
1.21394 0.176298 0.246072 
0.109391 0.122488 1.71114 
0.416797 0.77624 1.04472 
0.518649 0.828677 1.25192 
0.0292916 0.00903009 1.4994 
0.326488 0.500402 1.25221 
0.690958 1.24651 0.518728 
0.82145 0.983051 0.0121944 
1.2681 0.639203 0.908328 
0.768224 0.744084 0.620359 
0.563218 0.61032 0.913776 
1.25468 0.278103 0.988551 
0.176365 0.0683728 1.62902 
0.341268 0.230005 1.43837 
0.424433 1.20546 0.541989 
0.00057569 0.00143181 1.38977 
1.3672 0.403355 1.06384 
0.999224 0.88615 0.642224 
0.007674 0.199284 1.004235 
0.035749 0.088065 1.027945 
0.000050 0.000128 1.253566 
0.057610 0.259761 1.079734 
0.044032 0.524635 0.903549 
0.030759 0.038472 1.097100 
0.000033 0.000047 1.332889 
0.057468 0.116354 1.202788 
0.009767 0.020163 1.209321 
0.000002 0.000001 1.342219 
0.056033 1.100303 0.363936 
0.179416 0.913970 0.412707 
0.000033 1.163834 0.373511 
0.625317 0.825605 0.877453 
1.03507 0.51149 1.13569 
0.193775 0.552132 1.41351 
0.00908075 1.36426 0.411601 
0.0506264 1.28784 1.18776 
0.304445 0.425567 1.4585 
1.2034 0.177408 0.510247 
1.02571 0.598523 0.610137 
0.39629 0.921558 1.38347 
0.838993 0.599321 0.676787 
0.320421 0.388831 1.73162 
0.685426 1.31667 0.637445 
0.436596 0.0112749 1.75538 
0.0266902 0.16874 1.51779 
0.929341 0.40405 1.29406 
1.19322 0.0821761 0.444716 
0.275048 0.347242 1.39478 
0.0176954 0.0481646 1.73937 
0.970219 0.329754 1.15839 
0.628515 1.64043 0.25978 
0.707542 0.0817414 1.37161 
0.0474642 0.0483438 1.38956 
0.688681 0.48402 1.33558 
0.746789 0.0763068 1.2748 
0.946532 0.0107628 1.27094 
1.28605 0.602944 0.674868 
0.0417304 1.24857 0.121665 
1.0139 0.997322 0.198827 
1.27114 1.01154 0.339867 
0.108563 0.035477 1.42999 
0.623901 1.17568 0.37009 
1.33871 0.19183 0.113628 
0.217175 0.138668 1.14475 
0.272422 1.05411 0.742385 
1.21566 0.668086 1.00491 
0.925274 0.338962 0.863478 
0.889054 0.651558 1.30592 
0.834371 0.781346 1.01813 
1.58206 0.469507 0.624619 
0.267665 0.261362 1.36711 
0.488541 0.18798 1.31931 
0.720268 1.06699 0.710979 
0.144737 1.00833 0.244428 
0.669757 0.386092 1.44385 
0.191906 0.117505 1.21466 
0.142483 0.70535 1.70021 
0.376145 0.406393 1.55865 
0.0643118 0.127915 1.54851 
0.152357 0.171462 1.73038 
0.138937 1.40167 0.0684091 
0.252778 0.0757952 1.50975 
0.0521931 0.741992 1.11793 
0.257188 1.35062 0.692272 
0.288137 0.691277 1.55694 
1.32345 0.244692 0.438519 
1.46244 0.105965 0.517703 
0.917551 0.719787 1.27293 
0.646075 1.13463 0.595388 
0.349082 1.38183 0.244834 
0.904128 0.378469 1.2167 
0.0225555 0.00457064 1.37306 
0.0523888 0.662811 1.35483 
0.244477 1.07912 1.30069 
0.203363 0.231915 1.48519 
0.691851 1.19469 0.0154613 
0.640021 1.33376 0.32876 
0.782336 1.24221 0.384441 
0.826347 1.06836 0.248967 
0.258252 1.56678 0.173734 
1.02003 0.254135 0.783587 
0.821321 0.141503 1.22483 
0.666722 0.57438 0.682528 
1.26854 0.0504572 0.753105 
0.696587 1.54899 0.101573 
0.319721 1.01086 1.02726 
0.507086 0.4284 1.19882 
0.854166 1.38152 0.0362148 
0.849733 0.767645 0.63575 
1.05151 0.2343 0.666635 
0.379754 0.252382 1.44815 
0.125087 1.12075 0.912217 
1.149 0.601618 0.824441 
0.375749 1.11824 1.21733 
0.716465 0.318338 1.28576 
0.0461723 0.0680391 1.20237 
0.249238 0.0684091 1.75947 
0.135352 0.460542 1.08409 
0.387466 0.988333 0.103496 
0.193991 1.129146 0.056502 
0.291602 1.121502 0.028318 
0.172050 1.225811 0.000050 
0.293889 1.134344 0.020555 
0.607439 0.566879 0.579783 
0.505286 0.581278 0.652715 
0.613294 0.577866 0.600146 
0.629861 0.519358 0.604094 
0.620875 0.565593 0.624460 
0.000029 0.000017 1.106237 
0.089110 0.037337 1.061572 
0.034035 0.023246 1.159457 
0.905376 0.300471 0.824234 
0.355728 0.709592 1.30544 
0.301 1.43389 0.515148 
0.161365 0.154873 1.47053 
1.78812 0.311635 0.338691 
0.645756 0.591267 1.16425 
1.08878 0.81231 0.768299 
1.52972 0.318885 0.724249 
0.704779 0.292647 1.38722 
1.48046 0.175091 0.333454 
0.641632 1.22261 0.396311 
0.675404 1.75379 0.162499 
0.390152 0.529411 1.45553 
0.400816 0.323673 1.54637 
1.0527 0.260865 0.97664 
0.312333 0.473195 1.17321 
0.029479 0.418388 1.42224 
0.0347763 1.08715 0.842486 
0.273695 1.09877 1.30532 
0.48425 0.800582 1.60879 
1.59777 0.300668 0.23176 
0.350517 0.41167 1.35409 
0.135341 0.73281 1.17625 
0.304975 1.13827 0.841637 
0.91644 0.654792 0.609295 
0.0560702 0.014617 1.29036 
0.0426329 0.124173 1.60441 
0.196382 0.20075 1.38249 
0.453567 1.46405 0.00156552 
0.571961 0.800149 0.97059 
1.0216 0.0435395 1.0806 
0.298586 0.355411 1.25116 
0.107638 0.739884 1.0861 
0.667518 0.393707 1.53161 
0.769605 0.638874 1.12712 
0.25024 0.527151 1.14197 
0.427114 1.17581 0.866311 
1.28496 0.801635 0.414592 
0.131283 1.38298 1.05347 
1.29748 0.0922994 0.402761 
1.07167 0.0288745 1.01647 
0.365374 0.112012 1.61431 
0.0951051 0.0632156 1.76878 
0.00095096 0.000821286 1.32382 
1.05474 0.937581 0.040331 
0.597156 0.777123 1.26036 
0.995565 1.22895 0.782311 
0.430707 0.27443 1.45124 
0.820596 1.47568 0.247639 
1.29678 0.289167 0.162432 
0.0966393 0.783369 0.97001 
0.266338 0.117668 1.09179 
0.57955 0.223178 1.58916 
1.04568 0.377579 1.04124 
0.0741674 1.52613 0.332431 
1.25101 0.625138 0.127489 
0.705504 1.02148 0.484784 
0.0927756 0.205036 1.73919 
0.187793 1.30895 0.893407 
1.23336 0.00123796 0.0579066 
0.914692 0.431787 0.806914 
0.194686 0.024928 1.66296 
0.171282 0.191187 1.28796 
0.414426 1.01827 0.671309 
1.06754 0.0861161 1.30337 
1.59791 0.146228 0.283951 
1.34917 0.392752 0.736982 
0.668069 0.369111 1.07648 
0.724432 1.35777 0.391946 
1.26711 0.669819 0.620792 
0.757898 0.769921 1.10909 
0.0753832 1.03552 0.615763 
0.428581 0.240663 1.62763 
0.520695 0.0817194 1.22273 
0.00236598 0.928628 0.774412 
0.118329 0.0828826 1.55831 
0.449395 1.33896 0.52032 
0.496309 1.1357 0.496445 
0.426063 0.674556 1.43167 
0.0494709 0.214102 1.31031 
0.977458 1.03768 0.475237 
0.0884346 0.318415 1.33555 
0.151684 0.837022 1.27379 
0.043826 0.0188517 1.49587 
0.683259 1.15202 0.839934 
1.26956 0.977158 0.101829 
1.24213 0.424183 0.590657 
0.152187 0.036523 1.048879 
0.056065 0.033624 1.061075 
0.573556 0.024459 0.999110 
0.000059 0.000026 1.140322 
0.202745 0.069493 1.053591 
1.122114 0.092655 0.217307 
1.084318 0.000005 0.132148 
1.197349 0.141668 0.074559 
1.208768 0.000115 0.199198 
1.158429 0.000012 0.054433 
0.979120 0.462533 0.000024 
1.074793 0.198719 0.051454 
1.222063 0.053661 0.000009 
0.346942 1.12255 0.998188 
0.487793 0.0991314 1.51705 
0.0581564 0.760741 1.27798 
0.0166918 1.02131 1.45234 
0.579424 0.246646 1.59677 
0.972744 0.573791 0.879707 
0.539773 0.261026 1.35297 
0.0130067 0.0373334 1.38755 
1.29978 0.365922 0.533972 
0.649637 1.05301 0.0216432 
0.157892 1.06135 0.595668 
0.818336 1.06708 0.684136 
1.04541 0.650295 0.91475 
0.770265 0.781583 0.670616 
0.697039 0.635551 1.53058 
1.03754 0.243492 1.34591 
1.15447 1.29185 0.0603115 
0.827015 0.611292 0.947288 
0.678114 0.85135 1.16814 
0.240245 0.341504 1.3784 
0.950304 0.735548 0.703912 
0.713714 0.612032 1.0824 
0.0311139 1.14787 0.760978 
0.106524 0.205884 1.47618 
1.57838 0.0580064 0.210863 
1.1204 0.289927 0.795907 
0.138591 0.190962 1.21076 
0.0834092 0.597141 1.7288 
0.409995 0.278285 1.3431 
0.206696 0.715349 1.34036 
0.360639 0.110626 1.6817 
1.16747 0.391112 0.869266 
0.0206663 0.00501614 1.58565 
0.541328 1.48166 0.099788 
1.37632 0.111324 0.230623 
1.49347 0.516488 0.483059 
0.946909 1.13071 0.22299 
0.221883 1.32645 0.656231 
0.302821 1.42329 0.613426 
0.449985 0.59294 1.51557 
1.71601 0.00844893 0.490597 
0.141713 0.423249 1.62642 
0.129191 1.04004 0.673757 
0.57858 0.0638231 1.39513 
1.31259 1.0918 0.911333 
1.08155 0.574675 0.107344 
0.363115 0.564919 0.938986 
0.605259 0.565285 1.22664 
0.808184 0.132512 1.58543 
0.13622 1.3098 0.551084 
0.876578 0.844004 0.576203 
1.1792 0.0809916 0.238044 
0.935693 1.02174 0.0540884 
0.951497 0.777446 1.21586 
0.0421737 0.070843 1.74297 
1.52997 0.69335 0.432357 
0.407294 0.609474 1.33441 
0.106284 0.0419184 1.43628 
0.358489 0.798106 0.969986 
0.339731 1.35692 0.331678 
1.02156 0.384356 0.499209 
0.54234 1.40045 0.144188 
0.638787 0.338577 0.916975 
0.161427 0.0653625 1.43622 
0.0806806 1.117 1.06671 
0.33128 0.0520155 1.59376 
0.323038 0.204062 1.4854 
0.813491 0.0875913 0.972391 
0.215847 0.530601 1.30056 
0.165498 0.00361081 1.62044 
0.99051 0.482619 1.15177 
1.06786 0.607801 1.00876 
0.270578 0.278724 1.37916 
0.347294 0.631376 0.973245 
1.29148 0.250462 1.1846 
1.30056 0.18627 0.363539 
0.582847 1.04528 0.402037 
0.14136 0.102705 1.29708 
0.0128418 0.239563 1.32238 
1.30861 0.879959 0.180268 
0.305111 0.700282 1.6272 
0.0379405 0.0761386 1.47509 
0.592358 0.686286 1.40401 
0.296879 1.52134 0.566947 
0.381565 1.42018 0.508538 
0.378097 0.797478 0.705624 
0.309316 1.38697 0.283516 
0.650824 0.774123 0.055555 
0.905523 0.749982 0.091604 
0.929479 1.035579 0.048450 
0.779488 0.800523 0.127762 
0.749125 0.798941 0.000013 
1.057792 0.208180 0.215277 
1.286095 0.095516 0.204823 
1.202723 0.169552 0.195846 
1.195634 0.081318 0.096109 
1.170318 0.127067 0.158598 
1.171816 0.000018 0.156646 
1.175841 0.000083 0.266407 
1.270541 0.000066 0.169826 
0.858888 0.629913 0.957051 
0.0779112 0.0915458 1.36598 
1.53932 0.055842 0.271271 
0.682614 0.666215 0.538434 
1.89291 0.054612 0.503744 
0.022446 0.0418598 1.3115 
0.26288 1.2745 0.647959 
0.99799 0.462581 1.30375 
0.834066 0.833648 1.34243 
0.0754163 0.248813 1.72234 
0.196645 1.13938 0.622937 
0.888991 0.722656 0.973004 
1.4169 0.717662 0.247155 
0.365216 0.828301 1.29821 
0.433491 0.397085 1.31362 
0.530961 0.816907 1.19956 
0.661682 0.294614 1.40265 
0.123674 0.0897041 1.54063 
1.40444 0.470736 1.04975 
0.577163 0.116004 1.35827 
0.970161 0.648339 1.00963 
0.84836 0.912012 0.466821 
0.631675 1.12215 0.135079 
0.770157 1.64868 0.214394 
1.32959 0.190411 0.251198 
1.42705 0.212131 0.187625 
0.0983691 0.194928 1.56146 
0.034648 0.0842381 1.46068 
0.764443 1.1652 0.609372 
1.52 0.154464 0.523826 
0.42227 0.162949 1.47565 
0.186146 1.26503 0.763602 
0.310378 0.600118 1.02314 
0.642883 0.842008 0.467599 
0.0835493 0.830649 1.09207 
0.360118 1.24025 0.434638 
0.0691379 0.114999 1.20635 
1.18465 0.738001 0.351059 
0.839122 0.457834 1.4884 
0.345775 0.102482 1.30924 
0.0836051 1.26237 0.479984 
1.22153 0.108097 0.583015 
0.195468 0.717343 1.57619 
1.36905 0.430465 0.336345 
0.29752 1.1573 0.73804 
1.45471 0.73848 0.463696 
0.191359 0.521683 1.02126 
0.0383607 1.16804 1.22448 
0.957589 0.731919 1.63985 
0.024729 0.0348262 1.29206 
1.16054 0.241368 0.49499 
0.354469 0.229322 1.18173 
0.285919 1.28159 0.90068 
0.0030319 0.712925 1.42439 
0.684828 0.00771648 1.13795 
1.1494 1.18369 0.344571 
0.380577 0.156855 1.40489 
0.529874 0.305006 1.58458 
0.185299 0.222448 1.73011 
0.807099 0.67326 0.70786 
0.0948047 0.221878 1.19999 
0.156918 1.34504 0.00436224 
1.16868 0.5123 1.3868 
0.489863 1.47259 0.0564586 
0.666936 0.245414 1.25264 
0.807978 0.185783 0.926905 
0.696259 0.923474 0.893608 
0.209456 0.297862 1.53443 
0.559987 1.45633 0.052009 
0.000608553 0.00170968 1.57711 
0.749469 0.185138 1.08802 
0.747611 0.443282 1.50028 
0.0149561 0.362175 1.46852 
0.117717 1.34456 0.108935 
1.59767 0.561495 0.113974 
1.21225 0.218062 1.22658 
0.39048 0.265945 1.41136 
0.48131 0.787651 0.905282 
0.0879404 0.466838 1.38075 
0.550262 0.0321867 1.37845 
1.19185 1.05985 1.00599 
0.258325 0.0326162 1.23166 
1.5204 0.395939 0.485994 
0.907453 0.78439 1.09698 
0.717004 0.887446 0.835942 
0.151091 1.04897 0.86231 
0.872366 0.990134 0.678467 
0.281245 0.048673 0.974661 
0.530953 0.010031 0.931797 
0.689383 0.000486 0.925332 
0.418720 0.051385 0.973198 
0.475017 0.029482 1.055555 
0.000157 0.000118 1.060501 
0.045458 0.045066 1.106674 
0.088870 0.063852 1.071420 
0.012824 0.010939 1.090590 
0.145284 0.093965 1.018157 
0.535641 0.545253 0.650368 
0.566736 0.594088 0.628860 
0.631606 0.527174 0.602754 
1.03231 0.0316595 0.946288 
0.0997604 1.71883 0.277047 
1.00269 0.168896 1.24734 
0.0340963 1.30968 0.0917954 
0.542902 1.3182 0.328523 
1.07542 0.856238 0.934881 
0.221658 1.31953 0.861559 
0.716025 0.412283 1.52513 
0.0488538 0.0176753 1.33587 
0.231693 0.519895 1.28516 
0.00299443 0.392036 1.61051 
0.992875 0.452256 0.785003 
1.07766 0.784287 0.783925 
0.174055 0.0518225 1.52183 
0.0353073 0.00386147 1.63829 
0.0545569 0.236051 1.5659 
0.384111 0.970519 0.830845 
0.170747 1.40618 0.604178 
0.895407 1.39991 0.493295 
0.734482 0.35747 1.46456 
0.955755 0.217294 0.82969 
0.258759 0.855558 0.995108 
1.1531 0.615769 0.136695 
0.30733 0.463861 1.33588 
0.0991636 0.024412 1.34261 
0.980724 0.942859 0.151705 
0.120041 0.567642 1.32006 
0.329819 0.484568 1.18659 
0.000516081 0.00212704 1.4636 
0.166484 1.14917 1.1622 
1.34597 0.808203 0.306336 
0.602777 0.570887 1.41344 
0.887231 1.03157 0.117551 
0.373032 0.189929 1.30958 
0.794406 0.787679 0.466901 
1.32154 0.516938 0.0430067 
0.523128 0.346976 1.59428 
0.396243 1.36316 0.882222 
0.138529 0.102347 1.63207 
0.174793 0.940471 1.38714 
1.59342 0.07691 0.266682 
0.118501 1.56751 0.436121 
0.165746 1.02861 1.2021 
0.832673 1.45291 0.627982 
1.04764 0.444954 0.60142 
0.98266 0.471608 0.959612 
0.196258 0.455484 1.37128 
0.357273 0.00594522 1.83459 
0.756075 0.952563 0.675146 
0.116877 0.244682 1.14247 
0.922957 1.17292 0.756324 
0.171426 1.6502 0.567166 
1.3033 0.279941 0.175489 
0.793267 0.6563 1.07405 
0.260834 0.439388 1.63975 
0.308469 0.843867 0.859138 
1.02708 0.144898 0.689682 
0.907905 0.924978 0.70854 
1.23681 0.104162 0.469801 
1.16402 0.306213 0.907198 
0.0599497 0.0731103 1.6588 
0.72187 0.06603 1.00097 
0.428413 1.23588 0.0539592 
0.936418 0.385932 1.29886 
0.126808 0.233258 1.31278 
0.468886 0.661293 0.859811 
1.42677 0.418549 0.671212 
0.17451 0.235061 1.66155 
0.0279093 0.770682 1.22702 
0.686008 1.34495 0.31199 
1.00312 0.199373 0.907895 
1.10281 1.22708 0.550215 
0.75988 0.477976 1.49177 
1.3675 0.844042 0.500654 
0.84116 0.0549745 1.00015 
0.125408 0.113893 1.2776 
0.257444 0.274199 1.28892 
0.594514 0.208712 1.8513 
1.2051 1.0345 0.395449 
1.0958 0.84721 0.0203084 
0.721926 1.19039 1.07024 
0.605488 0.0989045 1.20578 
0.0938057 0.279357 1.11443 
0.158451 0.582812 1.29857 
0.369955 0.739132 1.11056 
1.13219 0.779624 0.659593 
0.873785 0.283557 1.35599 
0.349678 0.987436 0.098248 
0.072760 1.183460 0.081380 
0.204091 1.190415 0.022150 
0.068754 1.242461 0.073694 
0.303231 1.137699 0.193803 
0.063319 1.143697 0.171036 
0.021602 1.289647 0.095492 
0.000061 1.304613 0.079309 
0.000048 1.184095 0.082912 
0.000054 1.139674 0.081280 
0.010851 0.019696 1.059707 
0.028422 0.074316 1.234455 
0.043296 0.052805 1.030872 
0.626124 0.93608 1.09089 
1.19253 0.79702 0.587609 
0.741339 0.695133 1.29714 
0.933182 0.472124 0.494734 
1.16148 1.10523 0.313316 
0.106331 0.553566 1.41075 
0.956173 0.297364 1.81521 
0.463408 0.862823 1.11549 
1.4428 0.566083 0.0610949 
0.190372 0.00261738 1.68357 
0.316033 1.45581 0.804074 
0.118692 1.08927 0.857823 
0.0523624 1.05655 1.05155 
0.557992 0.861996 1.08358 
1.50717 0.0326364 0.909135 
0.0880109 0.0448002 1.41982 
1.53233 0.623603 0.537434 
0.166848 1.07895 0.822941 
0.0974068 1.69293 0.101259 
0.369306 1.2727 0.338176 
0.200395 1.40161 0.941973 
0.0109485 0.125694 1.53561 
0.361441 0.205217 1.69674 
0.884221 1.10872 0.806982 
1.07201 0.835094 0.0120765 
0.860456 1.14584 0.331799 
0.677611 0.602357 1.00459 
0.57997 0.129147 1.82455 
1.04731 0.143215 0.988226 
0.53335 0.0472265 1.35869 
0.712562 0.109107 1.03447 
0.399227 0.887748 0.61686 
1.16028 0.341304 0.369177 
0.374242 1.35487 0.691832 
0.648931 0.288067 1.59632 
1.05265 1.22135 0.350977 
1.13465 0.308609 0.174375 
1.15153 0.235879 0.817959 
0.155082 0.313678 1.3425 
0.463596 0.326856 1.53713 
0.464404 0.997244 0.145062 
1.41307 0.158659 0.64451 
0.437086 0.465906 1.3223 
0.145011 0.00868507 1.45007 
0.0853092 0.792567 1.52871 
1.38894 0.443711 0.0387239 
0.508183 0.701884 0.947564 
1.25189 0.461888 0.157565 
0.476905 1.3491 0.139031 
0.0614292 0.0295262 1.6146 
0.013816 0.0379684 2.02867 
1.2013 0.657443 0.516938 
0.824022 0.031088 1.0952 
0.32907 0.544744 0.892752 
0.432661 0.630451 1.33442 
0.98671 0.814081 0.541855 
0.397919 0.101274 1.73699 
0.301948 0.577933 1.29544 
0.0459193 0.267673 1.54521 
0.0616142 0.241677 1.6215 
0.894482 0.545075 0.848058 
0.0192319 1.43449 0.495992 
0.702857 0.919546 0.839374 
0.775399 0.334529 1.38616 
0.248072 1.10738 0.200677 
0.30677 0.53056 0.972138 
0.413364 1.02594 1.63776 
1.11778 0.108378 0.935 
0.623755 0.695446 1.11179 
0.103211 0.309598 1.56936 
0.393136 1.28362 0.79204 
1.06025 0.928877 0.123196 
0.161225 0.110925 1.42038 
1.00217 0.794388 0.665269 
0.428198 0.447849 1.42712 
1.05565 0.668685 0.343434 
0.00840166 0.0192986 1.6552 
0.483845 0.579345 1.26792 
0.894513 0.302019 1.15321 
0.288548 0.050929 1.50166 
0.77959 0.590017 0.889601 
0.00914895 0.435748 1.26475 
1.05461 1.04569 0.435783 
0.911757 0.534865 0.904407 
0.144548 0.378841 1.40032 
0.621264 1.08949 0.483209 
0.441098 0.0867022 1.46314 
0.014436 0.219692 1.005181 
0.050431 0.293993 1.060551 
0.058391 0.228888 1.144721 
0.036742 0.341621 1.009525 
0.025743 0.083138 1.060475 
0.070191 0.124573 1.038590 
0.008840 0.022980 1.302131 
0.036813 0.101156 1.310372 
0.016035 0.043585 1.351531 
0.000131 0.000395 1.397123 
0.072436 1.258741 0.329468 
0.000031 1.481778 0.257773 
0.032268 1.518260 0.137709 
0.9769 0.368905 0.994755 
0.441218 1.26948 0.95558 
1.13236 0.516729 1.13911 
0.0701079 1.30261 1.13662 
0.355428 1.30026 0.74934 
0.215083 0.693274 1.31776 
1.00799 0.937672 0.149684 
0.720376 0.598839 1.2259 
0.686173 0.742235 1.05118 
0.444995 1.3285 0.34687 
1.09768 0.268603 0.903577 
0.101425 0.130406 1.56505 
0.862371 0.561593 0.763073 
1.0512 0.425812 0.522822 
0.624661 1.12812 0.0916902 
0.0707683 0.453388 1.36569 
1.28045 0.663895 0.598159 
0.467119 0.972706 0.731687 
0.351604 0.52783 1.03347 
1.23449 0.15344 0.475895 
0.16918 0.227566 1.68928 
0.997663 0.0672955 0.837525 
1.6006 0.362555 0.896232 
0.159861 1.27286 0.552364 
0.581426 0.705227 1.25828 
0.189566 0.259326 1.62482 
0.252624 0.428036 1.32168 
0.362837 0.85915 1.16254 
0.164895 0.754658 1.48074 
0.372191 0.260906 1.13452 
0.735019 0.0556032 1.47092 
0.0493415 1.51232 0.166691 
0.114556 0.0433601 1.46215 
0.491939 0.173404 1.2278 
1.35769 0.725006 0.273695 
0.360655 0.258761 1.43505 
0.0637214 0.359766 1.34165 
0.110541 0.491912 1.32372 
0.635227 0.621705 1.41668 
1.49494 0.288902 0.436485 
0.785714 0.828005 0.741647 
0.196023 0.242155 1.43734 
0.620967 0.628208 1.00101 
0.802904 1.64551 0.862741 
0.159305 0.118144 1.2195 
0.478159 0.91456 0.697803 
0.135785 0.0802683 1.24834 
0.00175022 0.620248 1.40197 
1.62086 0.154867 0.437939 
0.00522729 0.00972158 1.70603 
0.63536 0.504416 1.19727 
1.35216 0.0678595 0.841457 
0.0190743 0.0216609 1.4479 
0.769658 0.107515 1.33733 
1.13176 0.882023 0.757461 
0.415109 1.03439 0.331645 
0.299854 0.812899 1.04683 
0.551459 0.337643 1.38163 
1.61638 0.692004 0.631581 
0.0441368 0.0694177 1.74557 
0.325023 1.28379 0.659471 
0.205968 0.335716 1.54145 
0.521164 1.15424 0.741571 
0.414205 0.208372 1.5766 
1.74956 0.00803542 0.602701 
1.22842 0.0427479 0.187977 
0.757981 1.08806 1.02206 
0.991376 0.842647 0.112398 
0.0701706 1.20554 1.0753 
0.139041 1.34263 0.30703 
0.135706 1.05326 1.14647 
0.405336 0.116256 1.18282 
0.13288 1.50981 0.507982 
0.325444 1.72321 0.0443292 
0.358952 1.24037 1.30738 
0.0957706 0.017349 1.58954 
0.849146 0.571208 1.34974 
0.908293 1.02348 0.187239 
0.189325 0.168439 1.0814 
0.70552 0.187526 1.31765 
1.28139 0.196918 0.00472472 
0.160373 0.0891662 1.36103 
1.37208 0.431976 0.0603205 
0.368475 0.947009 1.45149 
1.33469 0.269684 0.28502 
0.916089 0.443351 1.18422 
1.43334 0.475812 0.299098 
0.151051 1.065366 0.107070 
0.173360 1.233138 0.000259 
0.204954 1.060070 0.049685 
0.044864 1.224065 0.071154 
0.232225 1.222361 0.113125 
0.582914 0.540291 0.620814 
0.588373 0.580784 0.601387 
0.584762 0.631082 0.549632 
0.629561 0.577257 0.586428 
0.645054 0.600139 0.507720 
0.059047 0.040361 1.120061 
0.000021 0.000020 1.300617 
0.088518 0.065123 1.102276 
0.303208 1.14384 1.19167 
0.884483 0.285899 1.09159 
0.146995 0.0918966 1.47337 
0.840468 0.760995 0.295228 
0.00138272 0.0732138 1.38652 
0.34275 1.08027 1.06126 
0.175575 0.856634 1.08047 
0.636773 0.925734 0.99823 
1.33554 0.341167 0.941407 
0.518074 0.250639 1.31213 
0.102205 1.19468 0.768824 
0.794885 1.02336 0.661341 
0.215304 0.143431 1.63271 
1.23934 0.113884 0.629803 
0.347913 0.516073 1.33531 
0.0458259 0.760365 1.22407 
1.0796 0.606074 0.686578 
0.0118565 0.316224 1.39954 
0.271959 1.51852 0.374089 
1.10513 1.10722 0.628981 
0.354986 0.0218388 1.25092 
0.831846 0.541281 0.814303 
0.247105 1.33101 0.793614 
0.549722 0.472595 1.02388 
0.886426 1.06097 0.836637 
0.549664 0.105504 1.41917 
0.895583 0.233302 0.990097 
1.26479 0.266931 0.563662 
0.0272396 0.263334 1.30851 
0.52228 1.02214 1.11498 
0.947622 0.351265 1.22556 
0.802905 1.35777 0.233479 
0.586569 0.0807117 1.57918 
0.758815 0.122629 1.43648 
0.560998 1.29009 0.559128 
1.6915 0.532519 0.250688 
0.821001 0.0128513 1.4808 
0.357784 0.294416 1.77658 
0.64839 1.30344 0.653613 
1.07322 1.22908 0.0623245 
0.887597 0.929079 0.704685 
1.17351 0.886427 0.273964 
0.968826 0.435496 0.919567 
1.10893 0.47127 0.0874242 
0.161617 1.31 0.954918 
1.23815 0.613224 0.444448 
0.121752 0.396614 1.25527 
0.465731 0.355577 1.29183 
0.85599 1.33677 0.276006 
0.688398 1.46802 0.151002 
0.20991 0.52608 1.35971 
1.44586 0.798648 0.0505466 
1.30635 0.443577 0.161239 
0.673121 0.939934 1.18302 
0.238766 0.170934 1.20232 
1.1217 0.267419 0.894496 
0.0941565 0.0379052 1.45218 
0.440757 0.547543 1.44434 
1.24484 0.477546 1.06716 
0.533072 0.593241 1.17345 
0.285459 0.022912 1.56163 
0.809405 0.760126 0.0138906 
0.736903 0.519236 1.42793 
1.52589 0.193397 0.559897 
0.379705 0.822062 1.35728 
0.403895 0.441659 1.13015 
0.42171 1.14573 0.356374 
0.0273819 0.0266694 1.39616 
0.97323 0.783036 1.41187 
0.0887292 0.26086 1.63716 
0.866718 0.512749 0.670713 
0.427151 0.58233 0.924068 
0.027409 0.188258 1.39902 
0.118024 0.0056912 1.46027 
0.00786102 1.32976 0.407502 
1.22935 0.218041 0.443968 
0.23489 0.4089 1.35432 
0.20605 0.536531 1.82108 
0.56589 0.910549 0.511941 
0.226873 0.954527 1.31667 
1.41816 0.0308023 0.304695 
1.22565 0.357846 0.945465 
0.131897 0.939084 1.61927 
0.726741 1.36316 0.0962268 
0.0354351 0.121018 1.19514 
0.0067429 0.0273027 1.65553 
1.48462 0.764691 0.387947 
0.148427 0.029021 1.034468 
0.494285 0.018496 0.966953 
1.040520 0.000007 0.516630 
0.584630 0.053573 1.046013 
0.822035 0.000009 0.637615 
1.151168 0.050068 0.301194 
1.238745 0.010134 0.381705 
0.935925 0.169591 0.380139 
1.228565 0.088977 0.265600 
1.191154 0.025894 0.263466 
0.964796 0.473183 0.043746 
1.023490 0.434970 0.152060 
0.968577 0.425361 0.149568 
0.827213 0.684798 1.10265 
0.489618 0.726586 1.69898 
0.0340285 0.00986937 1.25549 
0.813596 0.778098 1.23039 
0.595796 1.09584 0.0930096 
0.337217 0.13599 1.46765 
1.3629 0.574857 0.205152 
0.749601 1.26625 0.468755 
0.159441 0.054323 1.36055 
0.794385 0.721908 0.683515 
0.030833 0.406304 1.50106 
0.280507 1.30255 0.460926 
0.40026 0.960746 0.854328 
1.05742 0.057991 0.744644 
0.654279 1.46888 0.193926 
0.410873 0.0867076 1.87047 
0.669084 0.449871 1.3901 
0.204224 0.627906 1.40931 
0.982819 0.155609 0.908518 
0.362391 0.928398 1.23523 
1.55301 0.310253 0.0620173 
0.435048 0.526483 1.48221 
0.177393 0.0570858 1.36344 
0.0381171 0.0181992 1.12806 
1.0618 0.584784 0.262047 
0.104409 1.55735 1.22926 
1.07828 0.86181 0.811768 
0.17123 0.240429 1.44809 
0.869278 0.453605 1.09503 
0.389184 1.31938 0.142606 
0.813648 0.323755 1.36948 
0.707167 1.15255 0.308145 
1.01874 1.29892 0.290862 
0.0635124 0.0372779 1.32232 
0.123989 1.0378 0.564765 
0.828175 0.528428 1.31602 
0.798429 0.544711 1.12966 
0.586301 1.02132 0.424538 
1.36702 0.614545 0.0160151 
0.122307 0.0894552 1.51087 
0.0936184 0.2165 1.42082 
0.108001 0.0178907 1.44992 
1.2389 0.712629 0.0848572 
1.29529 0.127747 0.532393 
0.441371 0.0319884 1.26352 
1.04187 0.28048 0.870724 
0.124963 0.248889 1.41894 
0.346805 0.383765 1.37582 
0.952375 1.10616 0.387243 
0.222116 0.276673 1.08289 
0.23334 1.28127 0.509064 
0.503849 0.0640994 1.64699 
0.11147 0.150142 1.25563 
0.189398 0.550207 1.52849 
0.333611 1.34414 0.393572 
1.16066 0.147321 1.03051 
0.142231 0.39599 1.51367 
0.426919 0.672621 1.12248 
0.732487 0.451531 1.54294 
1.46137 0.351384 0.37891 
1.77379 0.531084 0.346504 
1.23588 0.00994472 0.523202 
0.575705 0.596755 1.23335 
0.19796 0.420618 1.10192 
0.724698 0.159922 1.07531 
0.0254174 0.691011 1.36719 
1.43406 0.528619 0.0548544 
1.18199 1.10375 0.816307 
0.0856772 0.943626 0.868337 
0.670797 1.31736 0.918093 
0.711029 1.03179 0.888503 
0.383413 1.24476 0.629998 
0.991424 0.767393 0.637938 
0.756153 0.040212 1.42456 
1.02283 1.01084 0.947346 
0.0126789 0.498359 1.19971 
1.00948 0.85993 0.407582 
0.00370554 0.0231366 1.38735 
0.763185 0.56397 0.936785 
0.138621 0.960237 1.57959 
1.30568 0.0394637 0.970974 
1.46137 0.729527 0.937148 
0.218952 0.993286 1.30964 
0.222838 0.857957 1.05286 
1.09094 1.15695 0.70534 
0.0155637 1.1686 1.1416 
0.290374 1.58191 0.260733 
0.931331 0.418615 0.000025 
0.587331 0.882002 0.100888 
0.925652 0.724977 0.004104 
0.876442 0.589775 0.062728 
0.971856 0.668369 0.042425 
0.968775 0.487369 0.132825 
1.148436 0.362316 0.047488 
0.989717 0.350209 0.078286 
1.005006 0.343567 0.030063 
1.121031 0.437093 0.038430 
0.952469 0.094179 0.440884 
0.945527 0.000007 0.378318 
0.987730 0.027157 0.402165 
1.06934 0.0763681 1.12238 
0.365525 0.00326042 1.45056 
1.0879 0.804699 1.12932 
0.11458 0.0386973 1.20334 
1.05706 0.809077 0.0545116 
0.705809 1.4217 0.548146 
0.441153 0.745678 1.18126 
0.170314 0.0462719 1.5448 
1.14626 1.23767 0.444435 
0.480346 0.54496 1.66873 
0.476445 0.247076 1.04031 
0.075545 0.0246757 1.55238 
1.30596 0.569966 1.26884 
0.878464 0.185182 1.11223 
0.416465 1.24975 0.0438187 
0.131947 0.276891 1.4418 
0.204554 0.730978 1.2323 
1.51253 0.0564638 0.665543 
0.619629 0.150719 1.52519 
0.75878 0.273092 1.19094 
0.0400903 1.04707 1.22821 
1.44174 0.344294 0.13809 
1.39994 0.16758 0.179168 
0.649667 1.49155 0.401142 
0.909245 1.05273 0.456625 
1.23938 1.07472 0.31377 
0.526682 0.471246 1.50979 
1.00042 0.797603 0.468545 
1.21087 0.160523 0.949345 
0.215223 0.820547 1.16686 
0.9937 0.468229 0.551808 
0.186779 1.09219 0.46318 
0.476867 0.199241 1.16941 
0.1474 0.370167 1.27218 
1.00102 0.961873 0.0873598 
0.237798 0.04719 1.38542 
0.0547066 0.182738 1.46482 
0.286157 0.686301 1.32996 
0.0145058 0.0394068 1.6067 
0.279366 1.41848 0.109519 
0.481811 0.049478 1.70543 
0.140964 1.3232 1.05681 
0.347869 1.58333 0.34246 
0.604166 0.963398 0.528735 
0.0639197 0.991619 1.67554 
1.36568 0.0451892 0.913047 
0.507702 0.140968 0.991869 
0.938913 0.424813 0.605371 
0.83186 1.45781 0.267848 
0.140513 0.876417 1.28315 
0.921884 1.32937 0.617062 
1.04046 0.553332 0.876044 
1.24119 1.14824 0.754509 
0.534533 0.789106 0.902903 
0.138963 0.252331 1.80396 
1.37272 0.934555 0.200626 
1.00083 0.493994 0.618658 
0.835069 0.552772 1.06356 
0.944792 0.0788299 1.07516 
0.188709 0.235419 1.52001 
0.268152 0.523638 1.5557 
1.06293 0.333387 0.790124 
0.151216 0.337773 1.37633 
0.0859681 0.0543643 1.75615 
0.115938 0.963969 0.888691 
1.07004 0.630257 0.354549 
0.897401 0.749509 0.804127 
1.10224 1.13913 0.874741 
1.02084 1.3958 0.290017 
0.453117 0.614955 1.17389 
0.062482 0.277491 1.24258 
0.519016 0.630671 1.05281 
0.727168 0.948768 0.365178 
0.467035 0.262867 1.47418 
0.000674538 0.00193091 1.68087 
0.897857 0.90853 0.0144906 
0.00925657 0.487698 1.42048 
1.05877 0.754629 0.286252 
0.00931444 0.10449 1.38989 
1.22424 0.464477 0.808435 
0.00877695 0.884696 1.80523 
0.11323 0.450988 1.40429 
0.772284 0.474742 0.784282 
0.991741 0.148516 0.51886 
0.18578 1.28977 0.826712 
0.437101 0.722346 0.852944 
0.961698 0.167478 1.17229 
0.408350 0.028669 1.037690 
0.001952 0.000921 1.093556 
0.160868 0.024898 1.084940 
0.403862 0.032621 1.198063 
0.153054 0.022143 1.176880 
0.000008 0.000018 1.068601 
0.097022 0.057932 1.010801 
0.000023 0.000071 1.295002 
0.000157 0.000168 1.266827 
0.000008 0.000023 1.197890 
0.589856 0.534926 0.617767 
0.610004 0.611189 0.548945 
0.663994 0.520317 0.579429 
0.453448 0.741427 0.927754 
0.0214109 0.0187546 1.61784 
0.832103 1.16499 0.691021 
0.115815 1.58061 0.780416 
0.198513 0.146169 1.50501 
0.111006 0.0517458 1.52989 
1.271 0.561846 0.103172 
0.339979 0.937908 1.11913 
1.50746 0.865164 0.00499153 
1.22797 0.3091 0.0816396 
1.32257 0.15094 0.12798 
0.492567 0.491984 1.36158 
0.18078 0.0712638 2.06482 
0.962046 1.14158 0.0412842 
0.701473 1.27865 0.856578 
1.49759 0.251629 0.248328 
1.1733 1.26077 0.408534 
1.43652 0.861116 1.02347 
0.0309882 0.00951897 1.42278 
1.16039 0.590183 0.461021 
0.223727 0.695197 1.46903 
1.04849 0.708107 0.525427 
0.0127369 0.0715074 1.3853 
0.1149 0.505809 1.40661 
0.119216 0.235837 1.2806 
1.24497 0.621439 0.503146 
0.00485861 0.28955 1.59401 
1.08898 0.0390967 0.985678 
0.115813 0.479287 1.47938 
0.251984 0.795163 1.09723 
0.964499 0.186923 1.30219 
0.0376061 0.0833689 1.48033 
0.802932 0.612687 0.990227 
0.553197 0.968467 0.325924 
0.766913 1.1587 0.715484 
0.846373 0.881732 0.81718 
1.2378 0.509247 0.351347 
0.371614 0.544105 0.95165 
0.792233 0.563826 1.16156 
1.12247 0.300391 0.388166 
0.938832 0.787272 0.172422 
0.582835 0.757131 0.77992 
1.36279 1.07636 0.979879 
0.668373 0.0473479 1.0035 
0.337387 1.2445 0.232738 
1.17236 0.515059 0.914815 
0.52962 0.883583 0.894648 
0.660693 0.610623 1.26275 
1.01293 0.548763 0.738986 
1.01616 0.355483 1.2355 
1.00733 0.974106 0.62384 
0.265302 0.242034 1.60199 
0.298777 0.00474812 1.62162 
1.23781 0.363982 0.549968 
0.0374224 0.341734 1.22814 
1.47895 0.939352 0.691226 
0.018529 0.626647 1.32012 
0.236727 0.466118 1.37246 
0.880947 0.322977 0.972311 
0.557344 0.624382 1.43458 
0.701237 0.874436 0.824535 
0.0690767 0.349005 1.15393 
0.730543 0.0935093 1.19382 
0.773914 1.22885 1.11552 
0.145887 0.712568 1.30425 
0.207357 1.34123 0.275375 
0.188024 0.651588 1.25981 
0.308136 0.0701059 1.2883 
0.299666 0.778421 1.30798 
0.5813 1.33106 0.355144 
0.16767 0.014332 1.29405 
1.36218 0.200662 0.164107 
0.0440051 0.932465 0.922044 
0.208186 0.590785 1.53711 
0.0842393 1.49462 0.460248 
0.272508 0.563621 1.48075 
0.465327 1.14944 0.671452 
0.195612 0.0404213 1.67614 
0.274871 0.362951 1.2814 
0.447106 0.142877 1.71794 
0.0576495 0.550829 1.2273 
1.65562 0.0677553 0.310796 
1.14755 0.784701 1.27386 
0.143134 1.00247 1.25701 
0.859439 0.988077 0.0509964 
1.08991 0.10632 0.898284 
1.24326 0.761204 1.00885 
0.536948 0.847439 0.213381 
0.470714 0.934783 0.200833 
0.331624 1.084475 0.204706 
0.336736 0.974844 0.150769 
0.480967 1.015847 0.099182 
0.114688 1.043833 0.431826 
0.064823 1.128911 0.359767 
0.126899 1.035139 0.396459 
0.138836 1.019733 0.459718 
0.066930 1.084842 0.340269 
0.005647 0.005153 1.057743 
0.000024 0.000063 1.056793 
0.065075 0.121529 1.096166 
0.971834 0.412844 1.19181 
0.317476 1.53229 0.365952 
0.250113 0.469347 1.22845 
0.97825 0.821274 0.0173936 
0.0063086 0.0372638 1.44913 
0.114196 0.168243 1.91871 
0.675676 0.0146874 0.98087 
0.377424 0.126878 1.09594 
0.931118 0.506573 0.724087 
0.13782 1.72103 0.149508 
1.08029 0.536718 1.02339 
0.137595 0.501356 1.31073 
0.0697664 0.0252106 1.4291 
0.0372887 0.391126 1.40112 
0.53413 0.595808 1.24709 
0.566454 0.730741 1.24262 
0.766661 0.948021 0.721187 
0.390883 1.0076 1.3678 
0.441157 1.55609 0.631658 
0.576325 0.118798 1.28079 
1.17046 0.314091 0.759192 
1.10001 0.616696 1.11916 
0.122349 0.278214 1.51202 
0.412124 1.20237 0.210473 
0.103357 0.0165865 1.89131 
0.184811 1.13871 0.855189 
0.666751 0.0838907 1.0845 
0.512069 0.818584 1.12147 
0.688507 1.044 1.23013 
0.179239 0.358004 1.34251 
1.04964 0.698856 0.538125 
0.835048 1.15984 0.943851 
1.09329 0.509025 0.982502 
1.21783 0.793682 0.197707 
0.496305 0.837651 1.04044 
1.33012 0.549521 0.438688 
0.262092 0.407465 1.50892 
0.196992 0.0361052 1.49299 
0.259406 0.022827 1.10739 
1.60343 0.608549 0.119248 
0.472496 0.511382 1.33532 
0.0349939 0.258683 1.2889 
0.695991 0.824892 0.689751 
0.507241 0.966147 1.4089 
0.128872 0.0290987 1.20806 
0.233802 0.0167484 1.50563 
0.305227 1.30795 0.974514 
0.295025 0.960422 0.961273 
0.965659 0.892221 0.699749 
0.740627 0.858564 1.35005 
0.823119 0.79653 1.17156 
0.578645 0.165867 1.50737 
1.09835 0.636057 0.997305 
1.15568 0.715958 0.448516 
0.271343 0.00387176 1.57862 
0.386704 1.19213 0.0353293 
0.825823 1.09539 0.274918 
0.860992 0.0873241 1.49754 
1.03275 0.719578 0.708547 
0.0239143 0.00118279 1.47115 
0.401368 0.283733 1.39114 
0.110647 0.082682 1.70312 
0.0907962 1.44292 0.375488 
0.449393 0.786343 1.3811 
0.0480609 1.54027 0.169935 
1.27141 1.03341 0.148319 
1.49049 0.382554 0.395474 
1.2553 0.172302 0.581938 
1.5102 0.799456 0.274361 
1.10591 0.502788 0.0458194 
0.37956 0.114347 1.62077 
0.643003 1.34449 0.780146 
0.0285867 0.679499 1.34581 
1.16695 1.0156 0.334777 
0.117615 0.613152 1.17626 
0.99652 0.338397 0.517012 
0.257612 0.628331 1.44107 
0.120761 0.327658 1.32406 
0.167699 1.3827 1.21128 
0.00699838 1.31804 0.637435 
1.15706 0.882029 0.598037 
0.951135 0.936309 0.37131 
0.579568 0.61116 1.16729 
0.249399 1.02823 0.378673 
0.379728 0.832527 0.847318 
0.709036 0.125363 1.28498 
1.075 0.960552 0.49128 
0.033996 0.280282 0.994493 
0.000049 0.000139 1.038806 
0.035740 0.103028 1.122787 
0.039116 0.202424 1.123179 
0.021966 0.082424 1.147562 
0.016600 0.024285 1.093035 
0.000054 0.000046 1.045608 
0.035522 0.072169 1.047330 
0.055911 0.091982 1.024052 
0.001713 0.000871 1.207316 
0.079187 1.257567 0.240565 
0.044150 1.415005 0.231201 
0.057517 1.266468 0.302399 
0.221243 0.996472 1.13294 
1.30572 0.619239 0.71418 
0.501469 0.0933074 1.94071 
1.19333 0.885666 0.410775 
0.0535317 0.0773665 1.57731 
1.24212 0.140065 0.63463 
0.187604 0.10438 1.447 
0.791922 0.722096 1.00854 
1.14934 0.0447505 1.24368 
0.00127246 0.0606401 1.4405 
0.375494 0.228548 1.34956 
0.498097 0.832436 1.01712 
1.37628 0.631532 1.03473 
0.547249 0.903174 1.23136 
0.179324 0.970744 1.27926 
0.900641 0.902039 0.812371 
1.63899 0.396021 0.359248 
0.108114 1.80766 0.0486633 
0.304475 0.0186485 1.36003 
0.0856692 0.325145 1.56822 
0.657851 0.333306 1.06652 
0.420027 0.5192 0.987414 
0.844149 0.577966 0.119886 
0.793907 1.53952 0.524408 
0.70207 1.06997 0.199391 
0.00108432 0.504482 1.30855 
0.2712 0.555561 1.51545 
0.424775 0.924952 0.796481 
0.563252 1.37447 0.360422 
0.129539 1.68285 0.171064 
0.387658 0.981952 0.849468 
0.739375 0.0136056 1.36285 
0.132269 0.960331 0.68756 
0.349938 0.0379487 1.216 
0.464154 0.0813317 1.34012 
0.211148 1.02701 1.25898 
1.50392 0.763592 0.115963 
0.294201 0.67565 1.1591 
0.688268 1.29413 0.0121909 
1.03041 1.08473 0.0776608 
1.03471 0.318236 1.03498 
0.535565 0.837347 0.831069 
0.505186 0.17574 1.19604 
0.244251 0.816434 0.754402 
0.813261 0.306483 1.21325 
1.06667 0.928005 0.282859 
0.0280856 0.277335 1.41832 
0.311793 1.27181 0.473272 
0.531 1.12453 0.73486 
0.941616 1.04326 0.775748 
1.02397 0.819077 0.728176 
1.40447 0.4574 0.116659 
0.77887 1.35107 0.223301 
0.208018 0.192812 1.99773 
0.517864 1.75544 0.805528 
1.37638 0.381531 0.59061 
0.0766823 0.093281 1.40256 
1.58966 0.20313 0.463923 
0.565797 0.134941 1.16989 
0.721388 0.064809 1.40714 
0.525617 0.676605 0.741414 
0.924698 0.996295 0.647252 
1.14163 0.716222 0.320391 
0.860944 0.178542 1.52907 
0.364245 1.05595 0.734993 
0.0184021 0.168378 1.55482 
0.118521 0.063837 1.4684 
0.85757 0.498956 0.976511 
0.425436 0.172553 1.47707 
1.22385 0.353736 0.507265 
0.682817 0.57513 1.50477 
0.32952 0.436372 1.29032 
0.00152523 0.0375089 1.41775 
1.22119 0.194857 0.545739 
1.19932 0.923041 0.249253 
0.765676 0.302413 1.01903 
0.672576 0.0079507 1.4396 
0.960494 0.418447 0.794472 
0.767833 0.509664 1.51563 
0.0947629 0.289806 1.7271 
0.330084 0.314378 1.2131 
0.192379 1.1281 0.698643 
0.234901 1.49406 0.495563 
0.22187 0.256526 1.32909 
0.681164 0.496682 1.11192 
0.909462 1.25987 0.535649 
0.00375754 0.0101776 1.68722 
0.160761 1.440057 0.040564 
0.331152 1.139056 0.120233 
0.418853 0.979146 0.057955 
0.086525 1.446825 0.033138 
0.216762 1.492447 0.000009 
0.559023 0.618098 0.566227 
0.523301 0.548902 0.656106 
0.513279 0.624999 0.628229 
0.574757 0.564399 0.610757 
0.623987 0.587816 0.549689 
0.083521 0.046467 1.029646 
0.136134 0.084812 1.081539 
0.000068 0.000158 1.285146 
0.623494 0.560364 0.984071 
0.431678 0.827513 0.767602 
0.202551 0.805196 1.2887 
1.1919 0.257392 0.967334 
0.335292 0.129242 1.42857 
0.259977 0.0473792 1.52971 
0.173435 0.766304 1.16054 
1.04943 0.720191 0.499123 
0.483658 1.20732 0.00531036 
0.355549 0.483595 1.50709 
0.171263 0.622921 1.0947 
0.169944 0.121659 1.58257 
1.35437 0.409942 0.571127 
0.11772 0.113553 1.31404 
1.30713 0.125198 0.702372 
0.425207 0.446274 1.32406 
0.415548 0.4813 1.51242 
0.374677 0.962665 1.00858 
0.88359 0.472869 1.25227 
0.0190888 0.411567 1.4022 
0.698419 0.33638 1.38449 
0.287625 1.31285 0.211632 
0.521272 0.026253 1.48075 
0.0220877 1.67945 0.47487 
1.21574 0.164775 1.33475 
1.11242 0.901788 1.05406 
1.03365 0.630982 0.261578 
0.0381662 0.0123147 1.5842 
0.994949 0.771948 0.563801 
0.224352 0.364142 1.54244 
0.714303 0.0146097 0.968682 
0.571813 0.368317 0.880417 
1.04976 0.591296 0.448199 
0.787265 0.175022 0.883492 
0.00900928 0.0190403 1.28736 
1.34407 0.207617 0.0830514 
0.331685 0.246911 1.83792 
0.184231 0.537956 1.06908 
0.957439 0.480637 0.186104 
0.0524064 0.714961 1.1612 
1.44787 0.016113 0.82076 
1.16814 0.51393 0.170798 
0.550865 1.27622 0.488953 
0.00722535 0.278045 1.39653 
0.770667 1.18689 0.035511 
0.112634 1.03505 1.0621 
0.449158 0.493346 1.45931 
0.288082 1.43789 0.909807 
0.840666 1.04966 0.940482 
1.55494 0.392586 0.67947 
1.42761 0.595424 0.116086 
0.227564 1.34703 0.895281 
0.0224754 0.06782 1.70105 
1.02663 0.37657 1.10348 
0.59513 1.04734 0.881709 
0.0590386 0.0998467 1.85172 
0.208564 1.49161 0.146864 
0.161396 0.319811 1.7182 
0.729032 0.422922 1.22384 
1.74965 0.123095 0.212506 
0.412687 1.47212 0.793065 
0.74276 0.956691 1.03479 
0.414029 0.902082 1.18255 
1.10075 0.962355 0.876255 
0.186314 1.25521 0.0467445 
0.31719 0.452463 1.7829 
0.014946 0.214578 1.33508 
0.448344 0.622402 1.06981 
1.17644 0.231257 1.12928 
0.358875 1.20575 0.584295 
0.0554999 0.149119 1.49471 
1.27556 0.671279 0.361492 
0.957192 0.438242 0.92757 
1.16981 0.969323 0.738859 
0.394686 0.420231 1.16234 
0.0537701 0.496512 1.36345 
1.35249 0.164157 0.272689 
1.33156 0.10589 0.443775 
0.711725 1.08015 0.819373 
1.49623 0.531155 0.497403 
0.532706 0.968474 0.29484 
0.0979925 0.0270887 1.20902 
0.420353 0.394868 1.77612 
1.00429 0.668207 0.923408 
0.574789 0.160325 1.4931 
1.01761 1.23454 0.372239 
0.533895 0.534115 1.43008 
0.178584 0.029921 1.021096 
0.319369 0.030316 1.098054 
0.050367 0.016446 1.108091 
0.898272 0.000022 0.508146 
0.403501 0.021334 1.042174 
1.076988 0.099473 0.214221 
1.121951 0.005000 0.204774 
1.124541 0.078906 0.204040 
1.199630 0.086063 0.221377 
1.080355 0.133648 0.230850 
0.935351 0.468837 0.075919 
1.116034 0.425545 0.034303 
1.216634 0.346070 0.077695 
0.812171 0.0912888 0.978488 
0.887102 0.148912 1.2203 
0.185279 1.59246 0.255844 
0.252552 1.37115 0.306584 
0.221207 0.0281244 1.75224 
0.0391584 1.68544 0.114484 
0.0904503 0.990419 1.11387 
1.5447 0.0125638 0.45599 
1.35644 0.439481 0.275229 
0.346855 0.0933324 1.47303 
0.399803 1.15898 0.695198 
0.172253 0.726318 1.34396 
0.131222 0.458673 1.27455 
0.00532 0.000112629 1.53548 
0.764748 0.285522 1.15148 
0.949994 1.24971 0.432744 
0.107185 1.52978 0.340133 
0.782276 0.980407 1.02094 
1.31875 0.730277 0.577223 
0.16383 0.445332 1.13936 
0.00501668 1.57975 0.166211 
0.711839 0.391179 1.19118 
0.644154 1.06874 0.601336 
0.153067 0.942919 1.10985 
0.124344 0.062661 1.45554 
1.27878 0.60297 0.843253 
1.14546 0.994781 0.383324 
0.616534 1.20928 0.572248 
1.47233 0.587732 0.05256 
0.679642 0.102709 1.41525 
0.055122 1.16735 1.12309 
1.51061 0.127774 0.267016 
1.31003 0.414565 1.13139 
0.162774 0.233479 1.63404 
0.769279 0.32828 1.2409 
0.168664 1.17121 0.90395 
0.94393 0.789119 0.438802 
0.0254405 0.103886 1.39223 
0.323915 0.243696 1.36109 
0.204754 0.247145 1.37414 
0.318016 0.40303 1.47975 
0.365436 1.35978 0.0565883 
0.763322 1.0766 0.097385 
0.307875 1.02361 0.543641 
0.635103 1.0738 0.501006 
0.410921 0.455192 1.00985 
0.687553 0.679953 1.2219 
1.50873 0.100254 0.50395 
0.11143 0.252813 1.4207 
0.60696 0.440972 1.37614 
1.21382 0.74385 0.928828 
0.0471447 0.0313638 1.29665 
0.980652 1.14567 0.550263 
0.756244 0.690342 0.64588 
0.465066 0.923059 1.12998 
0.274498 0.663714 0.924631 
1.05151 0.0417076 1.05685 
0.670967 0.264257 1.2152 
0.247052 0.374671 1.67379 
0.646298 0.12057 1.46776 
1.26861 1.01978 0.19643 
0.193763 0.953199 0.835428 
0.373077 0.129535 1.23997 
0.366421 0.219944 1.51308 
0.833751 0.802934 1.09006 
0.22227 0.170057 1.31937 
1.45664 0.320715 0.901746 
0.146055 0.818269 0.858503 
1.46744 0.676345 0.733619 
0.973222 1.03716 0.0198254 
0.153225 0.143957 1.79205 
0.189532 0.490543 1.25108 
0.731884 0.203812 1.18748 
1.08861 0.280384 0.825244 
1.05511 0.537128 0.171629 
0.0900315 0.202754 1.3765 
1.6159 0.336799 0.8197 
0.0160125 0.0247278 1.42438 
0.680826 1.27249 1.04765 
0.541545 0.0497914 1.15271 
1.13923 0.78958 0.963386 
0.748989 1.35295 0.466536 
1.07085 0.686508 1.12979 
0.0418316 0.0872425 1.39694 
0.175949 0.523084 1.44075 
0.508864 0.5294 1.44643 
0.129637 1.44229 0.796638 
0.680755 0.836879 0.000026 
0.357548 0.959645 0.014203 
0.884501 0.752240 0.078306 
0.862444 0.626605 0.000025 
0.750237 0.799590 0.000069 
0.940691 0.431644 0.132605 
1.061389 0.353086 0.052990 
0.963371 0.414293 0.184754 
1.008864 0.513288 0.116396 
0.994396 0.339216 0.000062 
1.224284 0.000087 0.348672 
0.997870 0.079898 0.317202 
1.412748 0.000018 0.342422 
0.479006 0.859856 1.20195 
0.307241 0.336964 1.06094 
1.02561 0.0151683 1.17407 
0.249371 0.193922 1.26051 
1.39977 0.303273 0.258531 
1.03716 1.55593 0.115017 
0.678699 0.0274027 1.16936 
0.118303 1.24875 0.786711 
0.366984 0.53155 1.22435 
0.737249 0.0811015 1.19767 
0.107124 0.0510313 1.51161 
0.284443 1.3541 0.277643 
0.14237 0.130744 1.62658 
0.11836 0.236967 1.37068 
0.13512 1.23623 0.987995 
0.0103938 0.0102357 1.56016 
0.771382 0.2186 1.1685 
1.54952 0.469646 0.00895122 
0.47615 1.03709 0.978643 
0.738103 1.80267 0.740248 
0.296951 0.693699 1.32359 
0.227786 0.0342546 1.34745 
0.742415 1.4366 0.0709727 
0.56221 0.894183 1.03281 
0.630259 1.14922 1.35787 
1.08958 0.189088 0.81256 
0.199715 0.334993 1.34553 
0.445881 0.252739 1.10694 
0.421067 0.514084 1.33222 
1.19241 0.276706 0.939148 
0.768723 0.497982 1.24924 
0.120565 0.162058 1.40448 
0.515833 0.135404 1.36724 
0.794422 0.914817 0.645154 
1.06814 0.456904 0.56641 
0.228964 0.798627 1.15808 
1.13973 0.697317 0.104888 
0.530149 0.101753 1.20993 
0.527949 1.48577 0.376576 
0.0757532 1.09618 1.00083 
0.427466 0.15716 1.40442 
0.292304 0.246403 1.43774 
0.23635 1.18204 1.2823 
0.153156 0.189812 1.63181 
0.836656 0.500001 1.20352 
1.5316 0.67819 0.42258 
0.691917 0.015566 1.0459 
1.20736 0.606675 0.434565 
0.217826 0.961046 0.6474 
0.89927 1.16983 0.659343 
0.0673001 0.464452 1.30232 
1.15537 0.779587 0.560603 
1.00918 0.0976329 1.12785 
0.0542544 0.708505 1.12956 
0.975998 0.32462 0.592293 
0.502937 1.37058 1.05991 
0.686246 1.4511 0.485533 
0.529859 0.0718532 1.54763 
0.218985 1.38049 0.974933 
0.234122 0.207479 1.48491 
0.257083 1.42699 0.760138 
0.103051 0.0745234 1.24364 
0.385543 1.52749 0.96527 
1.07593 0.810953 0.489871 
0.905893 0.484633 0.86112 
0.0469142 1.13281 1.46757 
0.952733 1.34525 0.253836 
0.935414 0.635725 0.487014 
1.71863 0.672812 0.377289 
0.00105736 0.0774575 1.21142 
1.43313 0.120175 0.199561 
1.12202 1.15509 0.752756 
0.364581 0.29185 1.47993 
0.0236154 0.012466 1.41778 
1.02123 1.10859 0.0434576 
0.146078 0.561272 1.39873 
0.617776 1.01336 0.401484 
1.14769 0.977885 0.136893 
0.101156 0.327969 1.49231 
1.62918 0.113245 0.460728 
0.0260014 0.90269 0.9004 
0.626266 0.611828 1.59276 
0.985072 0.343092 0.969626 
0.935159 0.389185 0.596657 
0.440403 1.34174 0.177727 
1.44226 0.366933 0.412453 
0.0224278 0.056533 1.43488 
0.292245 0.053387 0.978963 
0.624912 0.000080 0.944286 
0.072450 0.034369 1.110550 
0.437782 0.072449 1.142205 
0.244118 0.071360 1.231321 
0.000178 0.000224 1.129183 
0.070177 0.064003 1.192613 
0.039430 0.030342 1.170261 
0.080223 0.056218 1.066470 
0.000259 0.000352 1.236291 
0.565568 0.461862 0.702632 
0.625317 0.461575 0.651385 
0.641141 0.467211 0.668088 
