0.479006 0.859856 1.20195 
0.307241 0.336964 1.06094 
1.02561 0.0151683 1.17407 
0.249371 0.193922 1.26051 
1.39977 0.303273 0.258531 
1.03716 1.55593 0.115017 
0.678699 0.0274027 1.16936 
0.118303 1.24875 0.786711 
0.366984 0.53155 1.22435 
0.737249 0.0811015 1.19767 
0.107124 0.0510313 1.51161 
0.284443 1.3541 0.277643 
0.14237 0.130744 1.62658 
0.11836 0.236967 1.37068 
0.13512 1.23623 0.987995 
0.0103938 0.0102357 1.56016 
0.771382 0.2186 1.1685 
1.54952 0.469646 0.00895122 
0.47615 1.03709 0.978643 
0.738103 1.80267 0.740248 
0.296951 0.693699 1.32359 
0.227786 0.0342546 1.34745 
0.742415 1.4366 0.0709727 
0.56221 0.894183 1.03281 
0.630259 1.14922 1.35787 
1.08958 0.189088 0.81256 
0.199715 0.334993 1.34553 
0.445881 0.252739 1.10694 
0.421067 0.514084 1.33222 
1.19241 0.276706 0.939148 
0.768723 0.497982 1.24924 
0.120565 0.162058 1.40448 
0.515833 0.135404 1.36724 
0.794422 0.914817 0.645154 
1.06814 0.456904 0.56641 
0.228964 0.798627 1.15808 
1.13973 0.697317 0.104888 
0.530149 0.101753 1.20993 
0.527949 1.48577 0.376576 
0.0757532 1.09618 1.00083 
0.427466 0.15716 1.40442 
0.292304 0.246403 1.43774 
0.23635 1.18204 1.2823 
0.153156 0.189812 1.63181 
0.836656 0.500001 1.20352 
1.5316 0.67819 0.42258 
0.691917 0.015566 1.0459 
1.20736 0.606675 0.434565 
0.217826 0.961046 0.6474 
0.89927 1.16983 0.659343 
0.0673001 0.464452 1.30232 
1.15537 0.779587 0.560603 
1.00918 0.0976329 1.12785 
0.0542544 0.708505 1.12956 
0.975998 0.32462 0.592293 
0.502937 1.37058 1.05991 
0.686246 1.4511 0.485533 
0.529859 0.0718532 1.54763 
0.218985 1.38049 0.974933 
0.234122 0.207479 1.48491 
0.257083 1.42699 0.760138 
0.103051 0.0745234 1.24364 
0.385543 1.52749 0.96527 
1.07593 0.810953 0.489871 
0.905893 0.484633 0.86112 
0.0469142 1.13281 1.46757 
0.952733 1.34525 0.253836 
0.935414 0.635725 0.487014 
1.71863 0.672812 0.377289 
0.00105736 0.0774575 1.21142 
1.43313 0.120175 0.199561 
1.12202 1.15509 0.752756 
0.364581 0.29185 1.47993 
0.0236154 0.012466 1.41778 
1.02123 1.10859 0.0434576 
0.146078 0.561272 1.39873 
0.617776 1.01336 0.401484 
1.14769 0.977885 0.136893 
0.101156 0.327969 1.49231 
1.62918 0.113245 0.460728 
0.0260014 0.90269 0.9004 
0.626266 0.611828 1.59276 
0.985072 0.343092 0.969626 
0.935159 0.389185 0.596657 
0.440403 1.34174 0.177727 
1.44226 0.366933 0.412453 
0.0224278 0.056533 1.43488 
0.292245 0.053387 0.978963 
0.624912 0.000080 0.944286 
0.072450 0.034369 1.110550 
0.437782 0.072449 1.142205 
0.244118 0.071360 1.231321 
0.000178 0.000224 1.129183 
0.070177 0.064003 1.192613 
0.039430 0.030342 1.170261 
0.080223 0.056218 1.066470 
0.000259 0.000352 1.236291 
0.565568 0.461862 0.702632 
0.625317 0.461575 0.651385 
0.641141 0.467211 0.668088 
