0.327611 0.874493 0.718339 
1.27624 0.113051 0.114797 
0.783046 0.876097 0.855919 
0.889769 0.920364 0.139095 
0.547626 0.808064 1.12064 
0.393456 0.152766 1.4206 
0.105543 0.93335 0.831817 
1.36358 0.513653 0.204923 
1.01288 1.01172 0.680098 
0.202825 0.00663495 1.4845 
1.31703 0.405387 0.494308 
0.155811 0.672665 1.27802 
0.590525 0.565728 1.27957 
0.0677058 0.493068 1.16888 
0.187959 0.586723 1.0872 
0.305907 1.56198 0.364654 
0.245449 0.314676 1.31975 
1.12937 0.265118 1.01495 
1.3456 0.797568 0.306916 
0.83537 1.16233 1.06722 
0.589466 0.113679 1.59936 
1.53071 0.646447 0.438202 
0.414311 0.899409 0.786292 
0.609487 0.151897 1.50151 
1.23016 0.628151 1.15585 
1.05685 0.815811 1.34221 
1.03078 0.00738067 1.43878 
0.45184 1.32755 0.338499 
0.620003 0.0244337 1.19213 
0.198804 0.962139 0.540546 
0.358286 0.12623 1.38314 
0.0314536 0.17308 1.53975 
0.933773 0.575437 0.765123 
0.8882 0.187439 1.23275 
0.919036 1.5024 0.269343 
0.863397 0.651112 1.17715 
0.125256 0.213909 1.42298 
0.460403 0.391287 1.35289 
0.07734 1.25742 0.612978 
1.10822 0.301405 0.00376175 
0.83936 0.998263 0.50445 
0.300182 0.0357927 1.50312 
0.0748794 0.0215729 1.25596 
0.346898 0.199192 1.24774 
0.439349 1.13524 1.13819 
0.596092 1.07991 0.695646 
0.778046 0.488802 1.34318 
0.0205582 0.00931862 1.40299 
0.400253 0.702865 1.38693 
0.0205787 1.58733 0.974159 
1.02788 1.11858 0.0927728 
0.0359374 0.0340119 1.75229 
0.351118 1.23635 0.84708 
0.0234241 0.823278 1.31967 
0.864529 1.14939 0.659773 
0.168702 0.192692 1.18646 
1.30162 0.87916 0.082684 
0.293707 0.424614 1.49996 
1.10134 0.456807 0.139098 
1.64954 0.265817 0.0455229 
0.0344989 0.0542566 1.53997 
0.971985 0.322226 0.643359 
0.739119 0.528142 1.37096 
0.292946 0.955511 1.12189 
0.183936 1.15216 1.44189 
0.144694 0.566792 1.48166 
0.735072 1.50495 0.881178 
0.547994 1.03529 0.470857 
0.178467 0.381053 1.70751 
0.604474 0.0816151 1.21484 
1.05159 0.937607 0.462334 
1.17759 0.978584 0.913022 
0.489892 1.17223 1.21052 
0.0154545 0.318075 1.3513 
0.0875835 0.203571 1.38568 
0.432866 0.345613 1.14791 
0.886097 1.08634 0.41273 
1.28125 0.648149 0.499393 
0.841891 0.0555502 1.10669 
0.373624 1.38804 0.43118 
1.28067 0.223992 0.264526 
0.0127897 0.119219 1.46625 
1.27807 0.877449 0.682182 
0.760435 0.0713019 0.931037 
0.137762 0.073153 1.58367 
0.0742628 0.972765 1.01866 
1.43309 0.683317 0.283009 
0.237879 0.042073 0.989665 
0.288697 0.039860 1.058942 
0.462719 0.041579 1.257215 
0.623190 0.020611 0.919112 
0.276160 0.068462 1.072711 
0.052776 0.040080 1.073167 
0.014147 0.011168 1.146486 
0.000028 0.000043 1.122045 
0.000175 0.000117 1.242880 
0.000039 0.000041 1.109439 
0.550419 0.575130 0.627673 
0.566705 0.527324 0.660899 
0.489841 0.562807 0.696562 
