0.453448 0.741427 0.927754 
0.0214109 0.0187546 1.61784 
0.832103 1.16499 0.691021 
0.115815 1.58061 0.780416 
0.198513 0.146169 1.50501 
0.111006 0.0517458 1.52989 
1.271 0.561846 0.103172 
0.339979 0.937908 1.11913 
1.50746 0.865164 0.00499153 
1.22797 0.3091 0.0816396 
1.32257 0.15094 0.12798 
0.492567 0.491984 1.36158 
0.18078 0.0712638 2.06482 
0.962046 1.14158 0.0412842 
0.701473 1.27865 0.856578 
1.49759 0.251629 0.248328 
1.1733 1.26077 0.408534 
1.43652 0.861116 1.02347 
0.0309882 0.00951897 1.42278 
1.16039 0.590183 0.461021 
0.223727 0.695197 1.46903 
1.04849 0.708107 0.525427 
0.0127369 0.0715074 1.3853 
0.1149 0.505809 1.40661 
0.119216 0.235837 1.2806 
1.24497 0.621439 0.503146 
0.00485861 0.28955 1.59401 
1.08898 0.0390967 0.985678 
0.115813 0.479287 1.47938 
0.251984 0.795163 1.09723 
0.964499 0.186923 1.30219 
0.0376061 0.0833689 1.48033 
0.802932 0.612687 0.990227 
0.553197 0.968467 0.325924 
0.766913 1.1587 0.715484 
0.846373 0.881732 0.81718 
1.2378 0.509247 0.351347 
0.371614 0.544105 0.95165 
0.792233 0.563826 1.16156 
1.12247 0.300391 0.388166 
0.938832 0.787272 0.172422 
0.582835 0.757131 0.77992 
1.36279 1.07636 0.979879 
0.668373 0.0473479 1.0035 
0.337387 1.2445 0.232738 
1.17236 0.515059 0.914815 
0.52962 0.883583 0.894648 
0.660693 0.610623 1.26275 
1.01293 0.548763 0.738986 
1.01616 0.355483 1.2355 
1.00733 0.974106 0.62384 
0.265302 0.242034 1.60199 
0.298777 0.00474812 1.62162 
1.23781 0.363982 0.549968 
0.0374224 0.341734 1.22814 
1.47895 0.939352 0.691226 
0.018529 0.626647 1.32012 
0.236727 0.466118 1.37246 
0.880947 0.322977 0.972311 
0.557344 0.624382 1.43458 
0.701237 0.874436 0.824535 
0.0690767 0.349005 1.15393 
0.730543 0.0935093 1.19382 
0.773914 1.22885 1.11552 
0.145887 0.712568 1.30425 
0.207357 1.34123 0.275375 
0.188024 0.651588 1.25981 
0.308136 0.0701059 1.2883 
0.299666 0.778421 1.30798 
0.5813 1.33106 0.355144 
0.16767 0.014332 1.29405 
1.36218 0.200662 0.164107 
0.0440051 0.932465 0.922044 
0.208186 0.590785 1.53711 
0.0842393 1.49462 0.460248 
0.272508 0.563621 1.48075 
0.465327 1.14944 0.671452 
0.195612 0.0404213 1.67614 
0.274871 0.362951 1.2814 
0.447106 0.142877 1.71794 
0.0576495 0.550829 1.2273 
1.65562 0.0677553 0.310796 
1.14755 0.784701 1.27386 
0.143134 1.00247 1.25701 
0.859439 0.988077 0.0509964 
1.08991 0.10632 0.898284 
1.24326 0.761204 1.00885 
0.536948 0.847439 0.213381 
0.470714 0.934783 0.200833 
0.331624 1.084475 0.204706 
0.336736 0.974844 0.150769 
0.480967 1.015847 0.099182 
0.114688 1.043833 0.431826 
0.064823 1.128911 0.359767 
0.126899 1.035139 0.396459 
0.138836 1.019733 0.459718 
0.066930 1.084842 0.340269 
0.005647 0.005153 1.057743 
0.000024 0.000063 1.056793 
0.065075 0.121529 1.096166 
