0.221243 0.996472 1.13294 
1.30572 0.619239 0.71418 
0.501469 0.0933074 1.94071 
1.19333 0.885666 0.410775 
0.0535317 0.0773665 1.57731 
1.24212 0.140065 0.63463 
0.187604 0.10438 1.447 
0.791922 0.722096 1.00854 
1.14934 0.0447505 1.24368 
0.00127246 0.0606401 1.4405 
0.375494 0.228548 1.34956 
0.498097 0.832436 1.01712 
1.37628 0.631532 1.03473 
0.547249 0.903174 1.23136 
0.179324 0.970744 1.27926 
0.900641 0.902039 0.812371 
1.63899 0.396021 0.359248 
0.108114 1.80766 0.0486633 
0.304475 0.0186485 1.36003 
0.0856692 0.325145 1.56822 
0.657851 0.333306 1.06652 
0.420027 0.5192 0.987414 
0.844149 0.577966 0.119886 
0.793907 1.53952 0.524408 
0.70207 1.06997 0.199391 
0.00108432 0.504482 1.30855 
0.2712 0.555561 1.51545 
0.424775 0.924952 0.796481 
0.563252 1.37447 0.360422 
0.129539 1.68285 0.171064 
0.387658 0.981952 0.849468 
0.739375 0.0136056 1.36285 
0.132269 0.960331 0.68756 
0.349938 0.0379487 1.216 
0.464154 0.0813317 1.34012 
0.211148 1.02701 1.25898 
1.50392 0.763592 0.115963 
0.294201 0.67565 1.1591 
0.688268 1.29413 0.0121909 
1.03041 1.08473 0.0776608 
1.03471 0.318236 1.03498 
0.535565 0.837347 0.831069 
0.505186 0.17574 1.19604 
0.244251 0.816434 0.754402 
0.813261 0.306483 1.21325 
1.06667 0.928005 0.282859 
0.0280856 0.277335 1.41832 
0.311793 1.27181 0.473272 
0.531 1.12453 0.73486 
0.941616 1.04326 0.775748 
1.02397 0.819077 0.728176 
1.40447 0.4574 0.116659 
0.77887 1.35107 0.223301 
0.208018 0.192812 1.99773 
0.517864 1.75544 0.805528 
1.37638 0.381531 0.59061 
0.0766823 0.093281 1.40256 
1.58966 0.20313 0.463923 
0.565797 0.134941 1.16989 
0.721388 0.064809 1.40714 
0.525617 0.676605 0.741414 
0.924698 0.996295 0.647252 
1.14163 0.716222 0.320391 
0.860944 0.178542 1.52907 
0.364245 1.05595 0.734993 
0.0184021 0.168378 1.55482 
0.118521 0.063837 1.4684 
0.85757 0.498956 0.976511 
0.425436 0.172553 1.47707 
1.22385 0.353736 0.507265 
0.682817 0.57513 1.50477 
0.32952 0.436372 1.29032 
0.00152523 0.0375089 1.41775 
1.22119 0.194857 0.545739 
1.19932 0.923041 0.249253 
0.765676 0.302413 1.01903 
0.672576 0.0079507 1.4396 
0.960494 0.418447 0.794472 
0.767833 0.509664 1.51563 
0.0947629 0.289806 1.7271 
0.330084 0.314378 1.2131 
0.192379 1.1281 0.698643 
0.234901 1.49406 0.495563 
0.22187 0.256526 1.32909 
0.681164 0.496682 1.11192 
0.909462 1.25987 0.535649 
0.00375754 0.0101776 1.68722 
0.160761 1.440057 0.040564 
0.331152 1.139056 0.120233 
0.418853 0.979146 0.057955 
0.086525 1.446825 0.033138 
0.216762 1.492447 0.000009 
0.559023 0.618098 0.566227 
0.523301 0.548902 0.656106 
0.513279 0.624999 0.628229 
0.574757 0.564399 0.610757 
0.623987 0.587816 0.549689 
0.083521 0.046467 1.029646 
0.136134 0.084812 1.081539 
0.000068 0.000158 1.285146 
