0.625317 0.825605 0.877453 
1.03507 0.51149 1.13569 
0.193775 0.552132 1.41351 
0.00908075 1.36426 0.411601 
0.0506264 1.28784 1.18776 
0.304445 0.425567 1.4585 
1.2034 0.177408 0.510247 
1.02571 0.598523 0.610137 
0.39629 0.921558 1.38347 
0.838993 0.599321 0.676787 
0.320421 0.388831 1.73162 
0.685426 1.31667 0.637445 
0.436596 0.0112749 1.75538 
0.0266902 0.16874 1.51779 
0.929341 0.40405 1.29406 
1.19322 0.0821761 0.444716 
0.275048 0.347242 1.39478 
0.0176954 0.0481646 1.73937 
0.970219 0.329754 1.15839 
0.628515 1.64043 0.25978 
0.707542 0.0817414 1.37161 
0.0474642 0.0483438 1.38956 
0.688681 0.48402 1.33558 
0.746789 0.0763068 1.2748 
0.946532 0.0107628 1.27094 
1.28605 0.602944 0.674868 
0.0417304 1.24857 0.121665 
1.0139 0.997322 0.198827 
1.27114 1.01154 0.339867 
0.108563 0.035477 1.42999 
0.623901 1.17568 0.37009 
1.33871 0.19183 0.113628 
0.217175 0.138668 1.14475 
0.272422 1.05411 0.742385 
1.21566 0.668086 1.00491 
0.925274 0.338962 0.863478 
0.889054 0.651558 1.30592 
0.834371 0.781346 1.01813 
1.58206 0.469507 0.624619 
0.267665 0.261362 1.36711 
0.488541 0.18798 1.31931 
0.720268 1.06699 0.710979 
0.144737 1.00833 0.244428 
0.669757 0.386092 1.44385 
0.191906 0.117505 1.21466 
0.142483 0.70535 1.70021 
0.376145 0.406393 1.55865 
0.0643118 0.127915 1.54851 
0.152357 0.171462 1.73038 
0.138937 1.40167 0.0684091 
0.252778 0.0757952 1.50975 
0.0521931 0.741992 1.11793 
0.257188 1.35062 0.692272 
0.288137 0.691277 1.55694 
1.32345 0.244692 0.438519 
1.46244 0.105965 0.517703 
0.917551 0.719787 1.27293 
0.646075 1.13463 0.595388 
0.349082 1.38183 0.244834 
0.904128 0.378469 1.2167 
0.0225555 0.00457064 1.37306 
0.0523888 0.662811 1.35483 
0.244477 1.07912 1.30069 
0.203363 0.231915 1.48519 
0.691851 1.19469 0.0154613 
0.640021 1.33376 0.32876 
0.782336 1.24221 0.384441 
0.826347 1.06836 0.248967 
0.258252 1.56678 0.173734 
1.02003 0.254135 0.783587 
0.821321 0.141503 1.22483 
0.666722 0.57438 0.682528 
1.26854 0.0504572 0.753105 
0.696587 1.54899 0.101573 
0.319721 1.01086 1.02726 
0.507086 0.4284 1.19882 
0.854166 1.38152 0.0362148 
0.849733 0.767645 0.63575 
1.05151 0.2343 0.666635 
0.379754 0.252382 1.44815 
0.125087 1.12075 0.912217 
1.149 0.601618 0.824441 
0.375749 1.11824 1.21733 
0.716465 0.318338 1.28576 
0.0461723 0.0680391 1.20237 
0.249238 0.0684091 1.75947 
0.135352 0.460542 1.08409 
0.387466 0.988333 0.103496 
0.193991 1.129146 0.056502 
0.291602 1.121502 0.028318 
0.172050 1.225811 0.000050 
0.293889 1.134344 0.020555 
0.607439 0.566879 0.579783 
0.505286 0.581278 0.652715 
0.613294 0.577866 0.600146 
0.629861 0.519358 0.604094 
0.620875 0.565593 0.624460 
0.000029 0.000017 1.106237 
0.089110 0.037337 1.061572 
0.034035 0.023246 1.159457 
