0.827213 0.684798 1.10265 
0.489618 0.726586 1.69898 
0.0340285 0.00986937 1.25549 
0.813596 0.778098 1.23039 
0.595796 1.09584 0.0930096 
0.337217 0.13599 1.46765 
1.3629 0.574857 0.205152 
0.749601 1.26625 0.468755 
0.159441 0.054323 1.36055 
0.794385 0.721908 0.683515 
0.030833 0.406304 1.50106 
0.280507 1.30255 0.460926 
0.40026 0.960746 0.854328 
1.05742 0.057991 0.744644 
0.654279 1.46888 0.193926 
0.410873 0.0867076 1.87047 
0.669084 0.449871 1.3901 
0.204224 0.627906 1.40931 
0.982819 0.155609 0.908518 
0.362391 0.928398 1.23523 
1.55301 0.310253 0.0620173 
0.435048 0.526483 1.48221 
0.177393 0.0570858 1.36344 
0.0381171 0.0181992 1.12806 
1.0618 0.584784 0.262047 
0.104409 1.55735 1.22926 
1.07828 0.86181 0.811768 
0.17123 0.240429 1.44809 
0.869278 0.453605 1.09503 
0.389184 1.31938 0.142606 
0.813648 0.323755 1.36948 
0.707167 1.15255 0.308145 
1.01874 1.29892 0.290862 
0.0635124 0.0372779 1.32232 
0.123989 1.0378 0.564765 
0.828175 0.528428 1.31602 
0.798429 0.544711 1.12966 
0.586301 1.02132 0.424538 
1.36702 0.614545 0.0160151 
0.122307 0.0894552 1.51087 
0.0936184 0.2165 1.42082 
0.108001 0.0178907 1.44992 
1.2389 0.712629 0.0848572 
1.29529 0.127747 0.532393 
0.441371 0.0319884 1.26352 
1.04187 0.28048 0.870724 
0.124963 0.248889 1.41894 
0.346805 0.383765 1.37582 
0.952375 1.10616 0.387243 
0.222116 0.276673 1.08289 
0.23334 1.28127 0.509064 
0.503849 0.0640994 1.64699 
0.11147 0.150142 1.25563 
0.189398 0.550207 1.52849 
0.333611 1.34414 0.393572 
1.16066 0.147321 1.03051 
0.142231 0.39599 1.51367 
0.426919 0.672621 1.12248 
0.732487 0.451531 1.54294 
1.46137 0.351384 0.37891 
1.77379 0.531084 0.346504 
1.23588 0.00994472 0.523202 
0.575705 0.596755 1.23335 
0.19796 0.420618 1.10192 
0.724698 0.159922 1.07531 
0.0254174 0.691011 1.36719 
1.43406 0.528619 0.0548544 
1.18199 1.10375 0.816307 
0.0856772 0.943626 0.868337 
0.670797 1.31736 0.918093 
0.711029 1.03179 0.888503 
0.383413 1.24476 0.629998 
0.991424 0.767393 0.637938 
0.756153 0.040212 1.42456 
1.02283 1.01084 0.947346 
0.0126789 0.498359 1.19971 
1.00948 0.85993 0.407582 
0.00370554 0.0231366 1.38735 
0.763185 0.56397 0.936785 
0.138621 0.960237 1.57959 
1.30568 0.0394637 0.970974 
1.46137 0.729527 0.937148 
0.218952 0.993286 1.30964 
0.222838 0.857957 1.05286 
1.09094 1.15695 0.70534 
0.0155637 1.1686 1.1416 
0.290374 1.58191 0.260733 
0.931331 0.418615 0.000025 
0.587331 0.882002 0.100888 
0.925652 0.724977 0.004104 
0.876442 0.589775 0.062728 
0.971856 0.668369 0.042425 
0.968775 0.487369 0.132825 
1.148436 0.362316 0.047488 
0.989717 0.350209 0.078286 
1.005006 0.343567 0.030063 
1.121031 0.437093 0.038430 
0.952469 0.094179 0.440884 
0.945527 0.000007 0.378318 
0.987730 0.027157 0.402165 
