1.11221 0.777696 1.10525 
1.16733 1.05626 0.5193 
0.207525 0.304149 1.46169 
0.466852 0.00141456 1.26412 
0.777528 1.36705 0.476295 
0.286083 1.3822 0.315801 
1.3066 0.124889 1.16976 
0.905122 0.73382 0.506751 
0.263034 0.830172 1.32713 
1.14843 0.650648 0.865363 
1.56359 0.55309 0.94035 
0.0987948 0.250425 1.31382 
0.261402 0.278353 1.43789 
0.976403 1.09527 0.573364 
0.349334 1.46936 0.0493122 
1.37062 0.209705 0.10062 
0.901911 0.0418151 0.967824 
0.532418 1.09392 0.707243 
0.0801541 1.48791 0.314162 
0.388979 1.40104 0.39337 
0.953617 0.580224 0.778664 
1.06745 1.24237 0.177843 
0.00224619 0.0956284 1.81266 
1.17138 0.0739695 0.888471 
0.670912 0.625481 0.935001 
0.43909 1.3466 0.530619 
0.206193 0.720869 1.54016 
0.288115 0.788172 1.47486 
0.48402 0.31002 1.13081 
0.0578169 0.122883 1.75898 
0.117354 0.187479 1.18492 
0.33489 0.326607 1.49752 
0.0869623 0.962482 1.06147 
0.512334 0.215663 1.0361 
0.829106 1.25275 0.689178 
0.531463 1.1796 0.44986 
1.43129 0.0299319 0.785695 
0.0862166 0.133072 1.36299 
0.613919 0.327418 1.725 
1.68572 0.307392 0.492227 
0.046428 0.799521 1.34112 
0.119819 1.13491 0.827455 
0.666277 0.187315 1.50839 
0.721462 0.143763 1.13384 
0.943142 0.434019 1.23325 
1.0847 0.834093 0.83598 
0.398996 0.200482 1.05941 
0.853088 0.0648988 1.15758 
1.34526 0.498183 0.240171 
0.5821 0.118414 1.25933 
0.0295225 0.00706667 1.47773 
0.398437 1.16478 0.513112 
0.145805 1.0964 1.12168 
0.0850361 0.350552 1.54261 
0.0131711 0.0175216 1.6179 
0.937415 0.369691 0.48581 
0.496648 0.932811 0.880358 
0.347259 0.292655 1.32571 
0.231181 1.41034 0.0750695 
1.31282 0.779371 0.107278 
0.24007 0.173575 1.63141 
0.0375313 0.0923402 1.82632 
0.119117 0.724039 1.01946 
0.738153 1.01787 1.08744 
1.21804 0.58761 0.177844 
0.783553 0.587543 0.947396 
0.129827 0.0664899 1.37452 
0.927427 1.18666 0.36723 
1.18885 0.37199 0.200945 
0.958543 0.304441 0.941934 
0.0474162 0.237034 1.73304 
0.0184007 1.28866 0.664398 
0.843224 0.552073 1.16125 
1.50049 0.180269 0.00813269 
0.431903 0.726057 1.0959 
0.871839 1.02754 0.866318 
1.19919 1.05053 0.315105 
0.355411 0.350703 1.31576 
0.116853 0.221471 1.68493 
0.103009 0.908302 1.14086 
0.390491 0.0863147 1.23466 
0.738521 0.307808 1.16722 
1.58705 0.207445 0.177039 
0.571942 1.30097 0.713324 
0.584858 0.158672 1.00445 
0.673977 0.823717 0.833802 
0.326175 0.342331 1.60059 
0.340189 0.985349 0.057436 
0.257614 1.081728 0.140319 
0.286278 1.187997 0.032060 
0.212692 1.122409 0.150263 
0.491503 1.111523 0.117004 
0.000125 1.234369 0.283182 
0.000011 1.127429 0.252204 
0.056054 1.066237 0.238920 
0.099454 1.094295 0.320345 
0.021108 0.972099 0.370724 
0.061635 0.107397 1.049488 
0.043827 0.084835 1.064844 
0.023526 0.068798 1.228535 
