0.971834 0.412844 1.19181 
0.317476 1.53229 0.365952 
0.250113 0.469347 1.22845 
0.97825 0.821274 0.0173936 
0.0063086 0.0372638 1.44913 
0.114196 0.168243 1.91871 
0.675676 0.0146874 0.98087 
0.377424 0.126878 1.09594 
0.931118 0.506573 0.724087 
0.13782 1.72103 0.149508 
1.08029 0.536718 1.02339 
0.137595 0.501356 1.31073 
0.0697664 0.0252106 1.4291 
0.0372887 0.391126 1.40112 
0.53413 0.595808 1.24709 
0.566454 0.730741 1.24262 
0.766661 0.948021 0.721187 
0.390883 1.0076 1.3678 
0.441157 1.55609 0.631658 
0.576325 0.118798 1.28079 
1.17046 0.314091 0.759192 
1.10001 0.616696 1.11916 
0.122349 0.278214 1.51202 
0.412124 1.20237 0.210473 
0.103357 0.0165865 1.89131 
0.184811 1.13871 0.855189 
0.666751 0.0838907 1.0845 
0.512069 0.818584 1.12147 
0.688507 1.044 1.23013 
0.179239 0.358004 1.34251 
1.04964 0.698856 0.538125 
0.835048 1.15984 0.943851 
1.09329 0.509025 0.982502 
1.21783 0.793682 0.197707 
0.496305 0.837651 1.04044 
1.33012 0.549521 0.438688 
0.262092 0.407465 1.50892 
0.196992 0.0361052 1.49299 
0.259406 0.022827 1.10739 
1.60343 0.608549 0.119248 
0.472496 0.511382 1.33532 
0.0349939 0.258683 1.2889 
0.695991 0.824892 0.689751 
0.507241 0.966147 1.4089 
0.128872 0.0290987 1.20806 
0.233802 0.0167484 1.50563 
0.305227 1.30795 0.974514 
0.295025 0.960422 0.961273 
0.965659 0.892221 0.699749 
0.740627 0.858564 1.35005 
0.823119 0.79653 1.17156 
0.578645 0.165867 1.50737 
1.09835 0.636057 0.997305 
1.15568 0.715958 0.448516 
0.271343 0.00387176 1.57862 
0.386704 1.19213 0.0353293 
0.825823 1.09539 0.274918 
0.860992 0.0873241 1.49754 
1.03275 0.719578 0.708547 
0.0239143 0.00118279 1.47115 
0.401368 0.283733 1.39114 
0.110647 0.082682 1.70312 
0.0907962 1.44292 0.375488 
0.449393 0.786343 1.3811 
0.0480609 1.54027 0.169935 
1.27141 1.03341 0.148319 
1.49049 0.382554 0.395474 
1.2553 0.172302 0.581938 
1.5102 0.799456 0.274361 
1.10591 0.502788 0.0458194 
0.37956 0.114347 1.62077 
0.643003 1.34449 0.780146 
0.0285867 0.679499 1.34581 
1.16695 1.0156 0.334777 
0.117615 0.613152 1.17626 
0.99652 0.338397 0.517012 
0.257612 0.628331 1.44107 
0.120761 0.327658 1.32406 
0.167699 1.3827 1.21128 
0.00699838 1.31804 0.637435 
1.15706 0.882029 0.598037 
0.951135 0.936309 0.37131 
0.579568 0.61116 1.16729 
0.249399 1.02823 0.378673 
0.379728 0.832527 0.847318 
0.709036 0.125363 1.28498 
1.075 0.960552 0.49128 
0.033996 0.280282 0.994493 
0.000049 0.000139 1.038806 
0.035740 0.103028 1.122787 
0.039116 0.202424 1.123179 
0.021966 0.082424 1.147562 
0.016600 0.024285 1.093035 
0.000054 0.000046 1.045608 
0.035522 0.072169 1.047330 
0.055911 0.091982 1.024052 
0.001713 0.000871 1.207316 
0.079187 1.257567 0.240565 
0.044150 1.415005 0.231201 
0.057517 1.266468 0.302399 
