1.18375 0.340138 0.928524 
0.112808 0.173373 1.29853 
0.042919 0.934229 0.805159 
1.4267 0.909174 0.0520741 
0.227878 0.103817 1.40743 
0.188135 0.275492 1.68387 
1.13457 0.178151 0.948966 
0.166898 0.0126413 1.37938 
1.06196 0.81636 0.25392 
1.23754 0.283768 0.629359 
0.262128 0.0962423 1.36652 
0.137124 0.128448 1.42095 
1.59996 0.496404 0.304159 
0.403512 0.796042 0.550511 
0.533628 1.75002 0.241488 
0.308011 0.377624 1.45836 
1.15243 0.166684 0.692733 
0.26409 0.27763 1.43784 
0.189855 1.3428 0.692396 
0.519618 1.34945 0.681747 
0.0785004 1.44381 0.935866 
1.2166 0.492889 0.110455 
0.240755 0.522581 1.08954 
0.0181175 0.55551 1.27432 
1.1317 0.991336 0.0691022 
0.337816 1.5876 0.00666589 
1.24415 1.25404 0.170674 
0.310573 0.399876 1.12787 
0.0815752 0.905537 1.46029 
0.409188 0.701513 1.05409 
0.43336 1.00009 0.862495 
1.08243 0.22614 0.589355 
0.147829 0.359696 1.60065 
1.23546 0.729616 0.223028 
0.239671 1.38913 0.554268 
0.816344 0.42521 1.23169 
1.10576 1.34985 0.123948 
0.457916 0.89925 1.00479 
0.484914 1.35167 0.637826 
0.481612 0.517109 1.23585 
0.240667 0.752987 1.62956 
1.27034 0.011683 0.452026 
0.0375254 0.140534 1.55886 
1.13271 0.552699 0.712467 
0.489232 0.691747 0.762392 
0.420062 1.19737 0.858299 
0.500795 0.741871 0.925761 
0.833045 0.477876 1.015 
1.19553 0.570445 0.48781 
0.523472 0.0986775 1.52515 
0.711825 0.949736 0.303713 
1.32465 0.813869 0.669178 
0.723991 0.239582 1.08915 
0.159429 1.25498 0.158972 
0.668285 0.772886 1.17142 
0.997646 0.835181 0.399377 
0.0198414 1.24235 0.845592 
0.0100839 0.050408 1.3045 
0.479128 0.0232284 1.21486 
0.761222 0.833523 1.2519 
1.12997 0.897087 0.315569 
0.636166 0.2798 1.44663 
1.11461 0.781447 0.570078 
0.886437 0.86197 0.361812 
0.598906 1.08292 0.886055 
0.543487 0.132213 1.53076 
0.164868 0.730703 1.12597 
0.577478 0.93804 1.71934 
0.303494 1.19016 1.14507 
0.444614 0.925637 1.26352 
0.430685 0.162863 1.50712 
0.0304541 0.0107908 1.22505 
0.345311 1.23718 0.284347 
1.31571 0.133638 0.421759 
0.486808 0.328015 1.43079 
0.135599 0.923702 1.32116 
0.265649 0.146544 1.36708 
0.189668 0.342223 1.39848 
0.767317 0.554437 1.13712 
0.636224 0.580844 1.59943 
1.66485 0.106354 0.452106 
0.0130376 0.00219061 1.96591 
1.14086 0.131844 0.880017 
0.10939 1.171 1.11854 
0.729278 0.0210083 1.23862 
0.0964026 0.0709476 1.69097 
0.156458 0.0428037 1.9014 
0.815759 0.833821 0.001602 
0.963501 0.793903 0.041701 
1.159033 0.741635 0.078615 
0.921345 0.806587 0.000022 
0.884946 0.530183 0.036901 
0.915289 0.447962 0.175627 
0.953744 0.387332 0.217760 
0.951769 0.448929 0.219168 
0.951427 0.440801 0.080000 
0.912381 0.546321 0.123686 
0.884042 0.078654 0.501019 
1.064795 0.128307 0.463697 
1.111385 0.000006 0.395403 
