0.9769 0.368905 0.994755 
0.441218 1.26948 0.95558 
1.13236 0.516729 1.13911 
0.0701079 1.30261 1.13662 
0.355428 1.30026 0.74934 
0.215083 0.693274 1.31776 
1.00799 0.937672 0.149684 
0.720376 0.598839 1.2259 
0.686173 0.742235 1.05118 
0.444995 1.3285 0.34687 
1.09768 0.268603 0.903577 
0.101425 0.130406 1.56505 
0.862371 0.561593 0.763073 
1.0512 0.425812 0.522822 
0.624661 1.12812 0.0916902 
0.0707683 0.453388 1.36569 
1.28045 0.663895 0.598159 
0.467119 0.972706 0.731687 
0.351604 0.52783 1.03347 
1.23449 0.15344 0.475895 
0.16918 0.227566 1.68928 
0.997663 0.0672955 0.837525 
1.6006 0.362555 0.896232 
0.159861 1.27286 0.552364 
0.581426 0.705227 1.25828 
0.189566 0.259326 1.62482 
0.252624 0.428036 1.32168 
0.362837 0.85915 1.16254 
0.164895 0.754658 1.48074 
0.372191 0.260906 1.13452 
0.735019 0.0556032 1.47092 
0.0493415 1.51232 0.166691 
0.114556 0.0433601 1.46215 
0.491939 0.173404 1.2278 
1.35769 0.725006 0.273695 
0.360655 0.258761 1.43505 
0.0637214 0.359766 1.34165 
0.110541 0.491912 1.32372 
0.635227 0.621705 1.41668 
1.49494 0.288902 0.436485 
0.785714 0.828005 0.741647 
0.196023 0.242155 1.43734 
0.620967 0.628208 1.00101 
0.802904 1.64551 0.862741 
0.159305 0.118144 1.2195 
0.478159 0.91456 0.697803 
0.135785 0.0802683 1.24834 
0.00175022 0.620248 1.40197 
1.62086 0.154867 0.437939 
0.00522729 0.00972158 1.70603 
0.63536 0.504416 1.19727 
1.35216 0.0678595 0.841457 
0.0190743 0.0216609 1.4479 
0.769658 0.107515 1.33733 
1.13176 0.882023 0.757461 
0.415109 1.03439 0.331645 
0.299854 0.812899 1.04683 
0.551459 0.337643 1.38163 
1.61638 0.692004 0.631581 
0.0441368 0.0694177 1.74557 
0.325023 1.28379 0.659471 
0.205968 0.335716 1.54145 
0.521164 1.15424 0.741571 
0.414205 0.208372 1.5766 
1.74956 0.00803542 0.602701 
1.22842 0.0427479 0.187977 
0.757981 1.08806 1.02206 
0.991376 0.842647 0.112398 
0.0701706 1.20554 1.0753 
0.139041 1.34263 0.30703 
0.135706 1.05326 1.14647 
0.405336 0.116256 1.18282 
0.13288 1.50981 0.507982 
0.325444 1.72321 0.0443292 
0.358952 1.24037 1.30738 
0.0957706 0.017349 1.58954 
0.849146 0.571208 1.34974 
0.908293 1.02348 0.187239 
0.189325 0.168439 1.0814 
0.70552 0.187526 1.31765 
1.28139 0.196918 0.00472472 
0.160373 0.0891662 1.36103 
1.37208 0.431976 0.0603205 
0.368475 0.947009 1.45149 
1.33469 0.269684 0.28502 
0.916089 0.443351 1.18422 
1.43334 0.475812 0.299098 
0.151051 1.065366 0.107070 
0.173360 1.233138 0.000259 
0.204954 1.060070 0.049685 
0.044864 1.224065 0.071154 
0.232225 1.222361 0.113125 
0.582914 0.540291 0.620814 
0.588373 0.580784 0.601387 
0.584762 0.631082 0.549632 
0.629561 0.577257 0.586428 
0.645054 0.600139 0.507720 
0.059047 0.040361 1.120061 
0.000021 0.000020 1.300617 
0.088518 0.065123 1.102276 
