0.858888 0.629913 0.957051 
0.0779112 0.0915458 1.36598 
1.53932 0.055842 0.271271 
0.682614 0.666215 0.538434 
1.89291 0.054612 0.503744 
0.022446 0.0418598 1.3115 
0.26288 1.2745 0.647959 
0.99799 0.462581 1.30375 
0.834066 0.833648 1.34243 
0.0754163 0.248813 1.72234 
0.196645 1.13938 0.622937 
0.888991 0.722656 0.973004 
1.4169 0.717662 0.247155 
0.365216 0.828301 1.29821 
0.433491 0.397085 1.31362 
0.530961 0.816907 1.19956 
0.661682 0.294614 1.40265 
0.123674 0.0897041 1.54063 
1.40444 0.470736 1.04975 
0.577163 0.116004 1.35827 
0.970161 0.648339 1.00963 
0.84836 0.912012 0.466821 
0.631675 1.12215 0.135079 
0.770157 1.64868 0.214394 
1.32959 0.190411 0.251198 
1.42705 0.212131 0.187625 
0.0983691 0.194928 1.56146 
0.034648 0.0842381 1.46068 
0.764443 1.1652 0.609372 
1.52 0.154464 0.523826 
0.42227 0.162949 1.47565 
0.186146 1.26503 0.763602 
0.310378 0.600118 1.02314 
0.642883 0.842008 0.467599 
0.0835493 0.830649 1.09207 
0.360118 1.24025 0.434638 
0.0691379 0.114999 1.20635 
1.18465 0.738001 0.351059 
0.839122 0.457834 1.4884 
0.345775 0.102482 1.30924 
0.0836051 1.26237 0.479984 
1.22153 0.108097 0.583015 
0.195468 0.717343 1.57619 
1.36905 0.430465 0.336345 
0.29752 1.1573 0.73804 
1.45471 0.73848 0.463696 
0.191359 0.521683 1.02126 
0.0383607 1.16804 1.22448 
0.957589 0.731919 1.63985 
0.024729 0.0348262 1.29206 
1.16054 0.241368 0.49499 
0.354469 0.229322 1.18173 
0.285919 1.28159 0.90068 
0.0030319 0.712925 1.42439 
0.684828 0.00771648 1.13795 
1.1494 1.18369 0.344571 
0.380577 0.156855 1.40489 
0.529874 0.305006 1.58458 
0.185299 0.222448 1.73011 
0.807099 0.67326 0.70786 
0.0948047 0.221878 1.19999 
0.156918 1.34504 0.00436224 
1.16868 0.5123 1.3868 
0.489863 1.47259 0.0564586 
0.666936 0.245414 1.25264 
0.807978 0.185783 0.926905 
0.696259 0.923474 0.893608 
0.209456 0.297862 1.53443 
0.559987 1.45633 0.052009 
0.000608553 0.00170968 1.57711 
0.749469 0.185138 1.08802 
0.747611 0.443282 1.50028 
0.0149561 0.362175 1.46852 
0.117717 1.34456 0.108935 
1.59767 0.561495 0.113974 
1.21225 0.218062 1.22658 
0.39048 0.265945 1.41136 
0.48131 0.787651 0.905282 
0.0879404 0.466838 1.38075 
0.550262 0.0321867 1.37845 
1.19185 1.05985 1.00599 
0.258325 0.0326162 1.23166 
1.5204 0.395939 0.485994 
0.907453 0.78439 1.09698 
0.717004 0.887446 0.835942 
0.151091 1.04897 0.86231 
0.872366 0.990134 0.678467 
0.281245 0.048673 0.974661 
0.530953 0.010031 0.931797 
0.689383 0.000486 0.925332 
0.418720 0.051385 0.973198 
0.475017 0.029482 1.055555 
0.000157 0.000118 1.060501 
0.045458 0.045066 1.106674 
0.088870 0.063852 1.071420 
0.012824 0.010939 1.090590 
0.145284 0.093965 1.018157 
0.535641 0.545253 0.650368 
0.566736 0.594088 0.628860 
0.631606 0.527174 0.602754 
