1.06934 0.0763681 1.12238 
0.365525 0.00326042 1.45056 
1.0879 0.804699 1.12932 
0.11458 0.0386973 1.20334 
1.05706 0.809077 0.0545116 
0.705809 1.4217 0.548146 
0.441153 0.745678 1.18126 
0.170314 0.0462719 1.5448 
1.14626 1.23767 0.444435 
0.480346 0.54496 1.66873 
0.476445 0.247076 1.04031 
0.075545 0.0246757 1.55238 
1.30596 0.569966 1.26884 
0.878464 0.185182 1.11223 
0.416465 1.24975 0.0438187 
0.131947 0.276891 1.4418 
0.204554 0.730978 1.2323 
1.51253 0.0564638 0.665543 
0.619629 0.150719 1.52519 
0.75878 0.273092 1.19094 
0.0400903 1.04707 1.22821 
1.44174 0.344294 0.13809 
1.39994 0.16758 0.179168 
0.649667 1.49155 0.401142 
0.909245 1.05273 0.456625 
1.23938 1.07472 0.31377 
0.526682 0.471246 1.50979 
1.00042 0.797603 0.468545 
1.21087 0.160523 0.949345 
0.215223 0.820547 1.16686 
0.9937 0.468229 0.551808 
0.186779 1.09219 0.46318 
0.476867 0.199241 1.16941 
0.1474 0.370167 1.27218 
1.00102 0.961873 0.0873598 
0.237798 0.04719 1.38542 
0.0547066 0.182738 1.46482 
0.286157 0.686301 1.32996 
0.0145058 0.0394068 1.6067 
0.279366 1.41848 0.109519 
0.481811 0.049478 1.70543 
0.140964 1.3232 1.05681 
0.347869 1.58333 0.34246 
0.604166 0.963398 0.528735 
0.0639197 0.991619 1.67554 
1.36568 0.0451892 0.913047 
0.507702 0.140968 0.991869 
0.938913 0.424813 0.605371 
0.83186 1.45781 0.267848 
0.140513 0.876417 1.28315 
0.921884 1.32937 0.617062 
1.04046 0.553332 0.876044 
1.24119 1.14824 0.754509 
0.534533 0.789106 0.902903 
0.138963 0.252331 1.80396 
1.37272 0.934555 0.200626 
1.00083 0.493994 0.618658 
0.835069 0.552772 1.06356 
0.944792 0.0788299 1.07516 
0.188709 0.235419 1.52001 
0.268152 0.523638 1.5557 
1.06293 0.333387 0.790124 
0.151216 0.337773 1.37633 
0.0859681 0.0543643 1.75615 
0.115938 0.963969 0.888691 
1.07004 0.630257 0.354549 
0.897401 0.749509 0.804127 
1.10224 1.13913 0.874741 
1.02084 1.3958 0.290017 
0.453117 0.614955 1.17389 
0.062482 0.277491 1.24258 
0.519016 0.630671 1.05281 
0.727168 0.948768 0.365178 
0.467035 0.262867 1.47418 
0.000674538 0.00193091 1.68087 
0.897857 0.90853 0.0144906 
0.00925657 0.487698 1.42048 
1.05877 0.754629 0.286252 
0.00931444 0.10449 1.38989 
1.22424 0.464477 0.808435 
0.00877695 0.884696 1.80523 
0.11323 0.450988 1.40429 
0.772284 0.474742 0.784282 
0.991741 0.148516 0.51886 
0.18578 1.28977 0.826712 
0.437101 0.722346 0.852944 
0.961698 0.167478 1.17229 
0.408350 0.028669 1.037690 
0.001952 0.000921 1.093556 
0.160868 0.024898 1.084940 
0.403862 0.032621 1.198063 
0.153054 0.022143 1.176880 
0.000008 0.000018 1.068601 
0.097022 0.057932 1.010801 
0.000023 0.000071 1.295002 
0.000157 0.000168 1.266827 
0.000008 0.000023 1.197890 
0.589856 0.534926 0.617767 
0.610004 0.611189 0.548945 
0.663994 0.520317 0.579429 
