0.905376 0.300471 0.824234 
0.355728 0.709592 1.30544 
0.301 1.43389 0.515148 
0.161365 0.154873 1.47053 
1.78812 0.311635 0.338691 
0.645756 0.591267 1.16425 
1.08878 0.81231 0.768299 
1.52972 0.318885 0.724249 
0.704779 0.292647 1.38722 
1.48046 0.175091 0.333454 
0.641632 1.22261 0.396311 
0.675404 1.75379 0.162499 
0.390152 0.529411 1.45553 
0.400816 0.323673 1.54637 
1.0527 0.260865 0.97664 
0.312333 0.473195 1.17321 
0.029479 0.418388 1.42224 
0.0347763 1.08715 0.842486 
0.273695 1.09877 1.30532 
0.48425 0.800582 1.60879 
1.59777 0.300668 0.23176 
0.350517 0.41167 1.35409 
0.135341 0.73281 1.17625 
0.304975 1.13827 0.841637 
0.91644 0.654792 0.609295 
0.0560702 0.014617 1.29036 
0.0426329 0.124173 1.60441 
0.196382 0.20075 1.38249 
0.453567 1.46405 0.00156552 
0.571961 0.800149 0.97059 
1.0216 0.0435395 1.0806 
0.298586 0.355411 1.25116 
0.107638 0.739884 1.0861 
0.667518 0.393707 1.53161 
0.769605 0.638874 1.12712 
0.25024 0.527151 1.14197 
0.427114 1.17581 0.866311 
1.28496 0.801635 0.414592 
0.131283 1.38298 1.05347 
1.29748 0.0922994 0.402761 
1.07167 0.0288745 1.01647 
0.365374 0.112012 1.61431 
0.0951051 0.0632156 1.76878 
0.00095096 0.000821286 1.32382 
1.05474 0.937581 0.040331 
0.597156 0.777123 1.26036 
0.995565 1.22895 0.782311 
0.430707 0.27443 1.45124 
0.820596 1.47568 0.247639 
1.29678 0.289167 0.162432 
0.0966393 0.783369 0.97001 
0.266338 0.117668 1.09179 
0.57955 0.223178 1.58916 
1.04568 0.377579 1.04124 
0.0741674 1.52613 0.332431 
1.25101 0.625138 0.127489 
0.705504 1.02148 0.484784 
0.0927756 0.205036 1.73919 
0.187793 1.30895 0.893407 
1.23336 0.00123796 0.0579066 
0.914692 0.431787 0.806914 
0.194686 0.024928 1.66296 
0.171282 0.191187 1.28796 
0.414426 1.01827 0.671309 
1.06754 0.0861161 1.30337 
1.59791 0.146228 0.283951 
1.34917 0.392752 0.736982 
0.668069 0.369111 1.07648 
0.724432 1.35777 0.391946 
1.26711 0.669819 0.620792 
0.757898 0.769921 1.10909 
0.0753832 1.03552 0.615763 
0.428581 0.240663 1.62763 
0.520695 0.0817194 1.22273 
0.00236598 0.928628 0.774412 
0.118329 0.0828826 1.55831 
0.449395 1.33896 0.52032 
0.496309 1.1357 0.496445 
0.426063 0.674556 1.43167 
0.0494709 0.214102 1.31031 
0.977458 1.03768 0.475237 
0.0884346 0.318415 1.33555 
0.151684 0.837022 1.27379 
0.043826 0.0188517 1.49587 
0.683259 1.15202 0.839934 
1.26956 0.977158 0.101829 
1.24213 0.424183 0.590657 
0.152187 0.036523 1.048879 
0.056065 0.033624 1.061075 
0.573556 0.024459 0.999110 
0.000059 0.000026 1.140322 
0.202745 0.069493 1.053591 
1.122114 0.092655 0.217307 
1.084318 0.000005 0.132148 
1.197349 0.141668 0.074559 
1.208768 0.000115 0.199198 
1.158429 0.000012 0.054433 
0.979120 0.462533 0.000024 
1.074793 0.198719 0.051454 
1.222063 0.053661 0.000009 
