15.8186243 13.7262192 
18.4304654 18.2259658 
19.4111798 19.7109218 
14.6741909 19.592241 
15.3863948 11.2362648 
10.5095989 14.0127082 
7.81562414 8.41878032 
7.50316553 15.1430578 
19.1471451 15.0447655 
12.5741141 11.3976552 
14.3581361 4.94552691 
19.1000215 17.7996288 
12.4700684 14.3066636 
16.3995682 16.7604259 
13.76032 18.2343777 
14.694017 12.5403604 
5.04832245 8.52731964 
19.4970186 15.3402361 
14.4857903 17.2009369 
5.53564288 11.8614511 
8.7880428 3.7924299 
14.4037 9.98904 
10.0975 7.95279 
8.9263 5.577 
16.0913 16.97 
8.80199 4.14336 
9.24861 4.94752 
9.47581 4.50265 
11.7377 8.77715 
11.9779 9.25355 
9.64803 5.50021 
14.8394 5.6497 
11.8987 7.71112 
10.257 5.66047 
9.65889 5.7528 
8.81665 4.02891 
9.40809 5.59206 
5.4957 7.33589 
5.65302 7.70012 
6.95 8.40169 
5.50869 8.11831 
17.3865 16.4882 
5.27122 7.84676 
5.325 7.47741 
5.11957 7.65958 
5.43807 7.28876 
5.65143 7.23325 
6.03248 10.3346 
5.00908 8.15387 
4.6018 8.6657 
4.5705 8.38401 
9.56172 13.8157 
6.58428 10.7796 
3.25119 11.6452 
3.90167 12.2898 
8.79528 13.9975 
3.07106 11.2556 
4.11149 11.6111 
2.42455 11.1416 
3.16177 11.7491 
2.38749 11.1337 
2.4172 11.0963 
2.38811 11.1422 
2.39711 11.1132 
17.1631 19.563 
2.35685 11.1844 
2.38922 11.1784 
7.53473 14.2653 
2.3805 11.1562 
5.87779 11.8505 
2.60474 11.2046 
2.38188 11.1877 
3.56464 11.7105 
2.66787 11.3641 
2.78321 11.1626 
2.53287 11.0775 
12.3792 17.8287 
4.50797 8.49959 
13.9131 16.5886 
10.077 11.9275 
4.83572 8.56204 
4.53209 8.45436 
5.57379 7.23611 
5.47806 7.25537 
5.43304 7.30171 
5.53329 7.20759 
5.60735 7.18974 
8.73193 3.81331 
5.93646 6.99538 
8.74013 3.91021 
17.9919 13.4418 
7.37787 7.33569 
8.75524 3.80181 
8.68563 3.84621 
8.76223 3.8428 
8.70637 3.83069 
15.9743 12.3261 
8.74511 3.80621 
8.79326 3.77055 
8.84836 3.88167 
14.4961256 17.046462 
13.9932679 15.660591 
12.1839403 11.8362654 
14.9625236 11.1333058 
16.968368 16.9556669 
10.5329712 9.94895979 
12.143599 18.4800245 
13.5062435 8.95884909 
18.4226784 12.3043754 
15.7152743 11.834705 
16.725434 15.101437 
16.6325263 13.6812836 
13.1548547 8.97752468 
17.3537565 17.3248312 
3.49097129 11.3938165 
14.7975803 15.3539129 
18.8010494 16.4553223 
5.60781855 13.5012095 
18.6445552 19.5652686 
17.477912 15.990558 
13.3842411 19.0138124 
9.76831 3.5511 
10.7579 5.17174 
12.8083 9.47306 
12.341 8.36218 
13.1676 8.19966 
12.75 14.0272 
9.69728 3.19147 
9.83705 3.28115 
9.69325 3.20741 
17.9944 13.5096 
9.74132 3.18684 
9.84403 3.43586 
9.72823 3.18264 
9.68102 3.24118 
9.89743 3.36388 
9.68723 3.18886 
12.3455 14.329 
9.64337 3.21568 
14.4128 12.9188 
13.0088 17.6515 
15.6249 9.79215 
4.89552 12.0559 
2.89816 11.0006 
3.18749 10.7971 
3.04146 10.7337 
3.65512 11.5386 
3.02788 11.0623 
3.98481 10.7484 
8.33045 14.9337 
3.34349 10.6387 
4.09139 11.185 
3.05277 10.7289 
3.36815 10.9215 
3.0049 10.848 
2.98188 10.8348 
3.05521 10.9371 
2.95902 10.9298 
2.91194 10.9605 
2.97 10.9019 
3.01895 10.9262 
2.86541 11.1806 
2.84458 11.1726 
12.8759 19.9997 
2.89588 11.1439 
6.12379 12.0761 
2.85006 11.2194 
2.83963 11.1921 
2.85292 11.199 
2.84217 11.1847 
8.00197 12.1858 
2.81627 11.1926 
3.01077 10.7758 
3.07168 10.6907 
3.04731 10.7089 
3.07558 10.6633 
3.05691 10.6918 
3.21038 10.5043 
3.1959 10.5575 
3.32334 10.3146 
3.28173 10.3219 
3.38164 10.2761 
3.91315 10.0375 
12.0043 12.8717 
4.05777 10.0698 
3.80903 10.0417 
3.79658 9.95502 
9.62745 3.25284 
9.97856 5.10609 
12.3778 5.905 
10.3923 6.79994 
9.65117 3.33662 
18.8696 13.9753 
10.3185 3.76017 
12.6609 7.98951 
9.6655 3.21333 
9.85006 3.59712 
9.73001 3.16249 
9.73043 3.23042 
9.72091 3.16731 
14.3833161 14.3594615 
11.448958 16.3366877 
19.8470136 19.2142853 
12.2513021 13.793331 
11.9054113 14.5202102 
6.62443552 7.9451478 
18.2791218 11.35335 
15.3394854 12.4448066 
14.7688802 17.8630596 
10.7882746 14.9432923 
18.6403819 13.5060417 
4.28581108 13.1505215 
15.0166867 12.2158342 
13.798613 12.9176107 
6.63656592 8.30962547 
3.81464658 9.00599948 
16.4410811 17.3180706 
10.5598308 14.3955801 
13.6045405 17.3643329 
18.3856412 15.0656682 
13.7953081 12.2014233 
14.7834 16.4015 
15.4835 14.7865 
7.17767 9.33119 
7.78691 7.34978 
6.90757 6.9539 
15.5351 11.5733 
6.10914 6.85745 
5.90999 6.77736 
6.05629 6.61684 
6.53753 6.54468 
6.29127 6.48659 
6.42869 6.67483 
11.257 8.42818 
6.20085 6.47794 
6.34636 6.35928 
18.5421 18.1016 
14.0032 13.5531 
6.36486 6.33344 
6.92609 6.42663 
6.68156 6.36179 
6.26698 6.45804 
5.62482 7.42209 
7.64915 10.6968 
5.82064 6.94452 
5.69818 7.0985 
5.56756 7.16373 
6.32587 10.236 
9.52 11.9909 
7.24005 11.709 
4.21858 9.04626 
3.89224 9.087 
10.3293 18.9144 
4.24328 9.53704 
3.68356 8.91977 
3.72213 8.88745 
3.67045 8.95897 
12.8748 19.9999 
3.6957 8.94061 
3.99352 8.99026 
2.54137 11.7412 
2.73519 11.6717 
2.48004 11.8638 
2.49051 11.8068 
2.48222 11.8368 
2.49696 11.9499 
13.2452 17.97 
2.68031 11.8521 
2.48438 11.9057 
2.52079 11.7439 
2.51313 11.7686 
2.49797 11.8667 
2.622 11.5682 
2.87484 11.4605 
2.76377 11.4833 
2.77703 11.353 
2.79054 11.4065 
3.76317 8.80328 
6.25736 9.0152 
3.75881 8.84488 
3.75517 8.82659 
3.77391 8.80372 
5.61052 7.09153 
6.4501 9.20547 
5.55738 7.1691 
5.66319 7.04463 
5.65858 7.24311 
6.28329 6.37815 
6.37496 6.28594 
8.20206 7.01568 
8.87129 7.25023 
7.75578 7.07421 
18.3203 15.1881 
10.9942 9.55091 
6.57225 6.23956 
6.59528 6.25976 
6.54667 6.24916 
7.54602 7.6225 
6.75325 6.27949 
15.2083 11.9684 
7.51258238 15.1290375 
12.7651448 9.45909963 
16.0476834 14.8947463 
12.5722622 13.5895072 
16.0990936 17.2875681 
10.6813726 11.2343115 
3.11210287 11.6542149 
17.6307215 9.94458674 
7.20603577 9.32569834 
16.6136453 15.7533939 
15.7855793 13.0486734 
16.3424126 16.4427398 
16.3571723 16.6540769 
14.4897067 8.31953418 
15.6542802 11.2015566 
16.3512194 18.7244673 
10.7465322 10.043049 
6.15572205 9.05868501 
8.11422313 11.942969 
5.0625679 14.2860442 
16.0893355 9.04136772 
17.5556 8.66769 
19.8256 18.7938 
13.8325 9.00463 
19.382 18.4526 
14.782 3.1371 
15.6176 6.97747 
15.0984 3.47218 
17.8847 13.4812 
14.8331 2.97818 
14.721 3.05457 
16.1162 6.3916 
14.9589 12.6869 
12.8952 1.61031 
13.5523 4.12455 
13.6439 2.96436 
12.7197 1.69597 
4.34827 8.72143 
9.57755 13.8226 
6.88755 11.2888 
4.54326 8.7211 
4.72332 8.5435 
5.07698 8.72025 
4.55849 8.53478 
4.43971 8.5817 
4.78047 8.20294 
5.21035 8.43507 
4.29728 8.88338 
11.3815 14.9678 
4.6805 8.79459 
4.92296 11.1495 
6.64386 11.9895 
4.64735 12.8376 
2.89525 11.1188 
15.8117 19.7488 
2.86969 11.3123 
2.97192 10.9584 
2.99882 11.4041 
2.95053 10.9253 
11.6339 17.7085 
2.84695 11.0884 
2.75857 11.2634 
2.79048 11.2232 
2.53512 11.7463 
2.64311 11.5105 
2.56604 11.6545 
2.67129 11.5311 
2.5863 11.7137 
2.57515 11.6359 
17.5285 18.7217 
10.9917 17.6387 
8.95479 15.8351 
3.09665 10.7559 
3.02923 10.8156 
6.63672 12.0497 
3.03086 10.7514 
2.99996 10.9123 
4.30444 9.17354 
4.30717 8.71427 
4.29215 8.75103 
4.25578 8.88718 
5.01292 12.3808 
7.30327 8.69158 
6.36144 8.99689 
7.19282 8.81874 
13.6394 11.3656 
4.88266 8.33061 
14.5412 9.92372 
4.70987 8.20247 
4.73943 8.21634 
4.76126 8.18513 
4.91488 8.18501 
18.7177 15.7091 
12.765 1.67074 
12.8725 1.83385 
12.7279 1.79281 
12.733 1.74353 
13.1085 1.90069 
12.8588 1.63523 
12.785 2.01366 
15.7928768 16.4252493 
13.6252849 14.0801593 
16.1156272 12.3685718 
8.12619037 9.14580403 
17.5506718 16.7772011 
14.7011829 18.3937439 
13.6357503 15.8137659 
16.3943548 17.6038248 
13.9320486 14.5758729 
19.2708678 18.0485495 
19.8806541 18.6510856 
9.91737938 5.85827831 
16.8120657 17.6197498 
6.29914501 10.4507117 
12.4008372 15.0458576 
17.8553516 17.756576 
11.6217611 16.4904284 
13.0831149 13.0372931 
15.793419 10.6724062 
6.20042371 7.25731909 
17.4409098 17.9100467 
15.9016 12.1913 
11.415 7.9856 
12.5066 8.86703 
9.7933 5.94631 
6.89578 5.93795 
6.5379 6.13682 
7.62042 6.97028 
6.97914 5.90776 
6.88902 6.43227 
8.00921 6.25748 
6.77449 5.92555 
6.91534 5.77819 
11.8632 9.252 
9.62986 6.8706 
7.78442 5.965 
13.6821 13.0642 
6.84111 5.98349 
7.12964 5.75264 
7.07647 5.63543 
7.26903 5.63339 
7.31748 5.54628 
5.9974 6.72805 
6.57831 6.67721 
6.13424 6.84983 
5.83874 6.88043 
5.79954 6.98259 
5.7814 7.34695 
5.66314 7.1246 
5.69898 7.9502 
5.26695 10.7151 
10.0399 13.899 
7.10996 11.8186 
12.8756 20 
5.01786 10.4723 
7.17621 11.6173 
8.33522 12.1116 
12.461 17.7235 
5.154 7.71785 
7.25567 12.7433 
5.20611 7.55616 
5.33005 8.44934 
5.09735 8.06618 
4.79554 8.07089 
6.39796 13.8482 
4.66411 8.34016 
4.84739 8.5864 
4.65654 8.24205 
5.14338 8.30906 
4.60691 8.76039 
4.62768 8.57755 
4.52465 8.48027 
4.91315 9.26472 
7.14655 11.4228 
12.3086 17.3397 
5.79935 10.4294 
4.44789 8.54175 
4.74604 8.52373 
4.54565 8.90596 
4.4508 8.65115 
4.45963 8.50457 
4.41952 8.60588 
5.6859 7.00786 
5.69212 7.00225 
5.73181 6.96089 
5.62838 7.07551 
5.64897 7.07573 
13.1158 12.0698 
15.4332 12.9687 
7.07308 5.66315 
7.04972 5.78082 
12.6767 8.20513 
7.39618 5.41377 
7.28311 5.44231 
7.36705 5.42319 
7.32552 5.42124 
7.38035 5.41028 
7.30429 5.43223 
7.3589 5.4049 
7.42987 5.31576 
14.550011 12.1837034 
17.2440407 18.3942912 
10.0191163 6.80179758 
16.1873906 12.9947934 
12.5148652 12.8006561 
16.4505269 11.3196616 
11.6124712 17.4893371 
17.4126218 17.3815168 
11.6743005 15.5850195 
19.7071842 14.8183776 
17.0479184 17.1366169 
8.58775717 13.7119375 
16.7186882 10.1041598 
13.6166687 17.7965383 
8.20987578 12.9481818 
18.2605295 19.2882631 
16.0251459 17.0931208 
11.4629709 13.0503877 
17.4347344 15.234685 
18.000712 17.8141509 
17.5465771 16.0423463 
8.39663 4.11933 
14.1894 9.39316 
8.88152 4.4637 
10.723 6.71267 
8.76579 4.30064 
8.72046 4.71491 
8.50342 4.14025 
10.4102 6.42448 
8.43201 4.04122 
8.4288 4.03448 
8.51732 4.10367 
8.57862 4.15004 
8.39478 4.054 
8.4151 4.0454 
10.9523 8.79518 
8.41262 4.09493 
8.36635 4.11604 
8.39288 4.09267 
11.6676 2.76325 
8.41675 4.19292 
8.31934 4.15896 
17.5438 19.8683 
9.20851 13.6623 
8.31432 4.12609 
6.50548 13.4336 
6.38615 10.5854 
4.90506 13.8176 
5.53941 12.8892 
6.65297 12.8161 
8.17092 14.2049 
3.4878 12.0002 
3.89963 12.3656 
5.46873 12.802 
7.70291 14.5096 
8.20452 14.94 
6.78148 13.8515 
2.31845 11.6771 
14.8966 15.7996 
2.14144 11.6861 
2.15196 11.6276 
2.25185 11.7107 
7.15244 12.599 
2.1261 11.6679 
8.69366 4.32196 
8.83454 9.88323 
2.15566 11.6646 
2.12235 11.7296 
2.11165 11.6942 
2.13242 11.7045 
2.09217 11.7377 
2.10073 11.7232 
2.51847 11.6754 
6.0216 11.8966 
2.84674 11.808 
2.42939 11.682 
2.18587 11.6013 
6.42615 15.1803 
3.59209 9.89229 
8.62075 12.5731 
3.67164 10.1639 
3.47874 10.015 
3.92072 9.95625 
3.69907 9.60799 
6.831 10.5067 
3.83043 9.57299 
3.78209 9.72348 
8.30711 4.1361 
9.93706 4.81426 
8.92347 5.66478 
9.97426 4.64948 
9.07055 4.8831 
12.9697 7.5213 
11.122 5.13147 
8.43543 4.50889 
19.1066 13.3443 
8.3111 4.11481 
11.6564 4.66665 
11.9214 2.48805 
11.7367 2.54735 
17.9142283 18.8362851 
16.5839898 15.9861194 
5.98818578 7.4741986 
10.3183718 15.7868165 
11.2577444 16.1897644 
5.7048857 10.8577078 
15.2218263 15.7207706 
15.4947152 14.4479433 
16.0704042 16.9896913 
11.7677287 17.3075109 
17.126174 11.9700242 
11.5006507 10.4014324 
9.78065835 7.4016912 
18.0257476 16.5276162 
18.0179719 16.7707002 
18.1763468 18.2991552 
15.3231918 17.0583769 
17.4969269 13.1331097 
16.7389582 10.2942106 
17.6566655 11.6686387 
14.402515 18.052236 
6.74191 5.93802 
7.35283 6.24853 
6.9943 5.69875 
8.00781 7.94143 
7.04867 6.55671 
19.9998 12.8773 
7.16594 5.59758 
7.5907 5.55196 
7.61507 5.20942 
7.88821 4.93278 
9.35688 5.89274 
7.92891 5.09433 
8.11468 4.86374 
8.08295 4.78224 
7.9868 5.04566 
8.01879 4.83438 
15.819 16.991 
16.0176 12.3194 
7.06354 5.80909 
7.27531 5.69637 
7.0926 5.61276 
5.87052 8.36179 
6.87603 8.31379 
5.47148 7.34221 
5.62319 7.31429 
5.29928 7.57222 
4.74372 9.4151 
5.24527 9.1994 
5.88566 8.8822 
6.10413 10.5332 
4.10392 9.2055 
10.7032 14.9998 
3.9193 9.28204 
3.89902 9.51111 
3.88068 9.37516 
4.02611 9.41872 
4.02555 9.79272 
3.90806 9.29917 
3.88101 9.33201 
4.50604 9.2302 
3.9411 9.31207 
12.8763 19.9999 
3.86058 9.42663 
3.78232 9.48159 
3.79873 9.47795 
3.79671 9.45827 
3.76147 9.51182 
3.76368 9.51294 
3.74913 9.61964 
3.74818 9.59061 
3.75767 9.65985 
3.72672 9.61558 
5.81767 9.10851 
3.71575 9.61756 
3.71831 9.64774 
3.70608 9.64768 
4.31427 8.8477 
4.24121 8.80313 
4.25576 8.81229 
8.65892 13.4292 
4.21666 8.86247 
5.59602 7.36053 
6.9703 7.28156 
5.52371 7.29741 
5.3806 7.35211 
5.54881 7.24684 
7.05113 5.65805 
6.98958 5.77418 
7.02775 5.87518 
7.11155 5.6323 
7.726 6.42001 
8.13579 4.74215 
8.08762 4.77716 
8.20319 4.70524 
8.26092 4.69738 
8.23733 4.69144 
8.24196 4.70458 
9.80284 5.73821 
8.26341 4.662 
14.9229478 14.3209393 
13.8724323 12.7188932 
18.7593786 19.137691 
15.6343267 11.4183635 
15.2422084 19.2893565 
9.62263436 4.25113628 
13.9140022 15.3469031 
16.7245952 14.1045467 
8.44781971 4.84475456 
15.801701 14.8861125 
5.99868801 8.67611787 
11.5240617 9.27808618 
19.5511377 19.4714696 
16.5312031 15.0656578 
13.4690461 7.93735294 
12.2450679 14.3235999 
14.6217787 11.9918232 
17.9709207 16.8021373 
11.4220784 13.7050162 
17.0621278 19.33487 
3.84942702 10.2454354 
11.6671 9.46475 
9.9536 5.31672 
9.15642 4.04209 
19.9419 19.2495 
8.96687 4.1344 
9.30233 4.23042 
9.00183 4.18761 
9.12117 5.00461 
9.41231 4.10499 
9.21125 4.00132 
9.10344 4.05052 
8.85519 4.23475 
8.95688 4.18719 
8.7132 4.31145 
8.89655 4.29815 
15.3677 15.1113 
11.3134 10.9219 
8.11067 4.76135 
7.99131 5.14248 
11.3088 13.8628 
7.9992 4.91298 
5.50899 9.98473 
8.78306 13.4814 
4.57232 8.37521 
4.77627 8.47107 
4.76378 8.24175 
4.29356 9.21927 
4.47279 8.72807 
4.27929 8.9341 
4.31147 8.70442 
4.74228 9.64234 
4.36296 10.337 
3.70651 10.0077 
11.6967 18.196 
4.13898 9.01476 
3.7728 10.086 
4.06636 9.59738 
3.65953 9.89518 
4.194 10.6581 
3.63326 9.90165 
3.65729 9.93438 
3.61743 9.9179 
3.62561 9.9164 
3.60512 9.85658 
12.756 14.5582 
12.8755 19.9999 
7.62412 14.7621 
3.59205 9.88368 
3.60427 9.8787 
3.59007 9.82179 
3.59266 9.84689 
3.5891 9.83313 
3.61638 9.96923 
15.1769 3.65995 
3.5925 9.8694 
3.57769 9.85887 
4.56534 8.57429 
4.26179 8.81453 
4.29416 8.73531 
4.32036 8.69638 
4.28265 8.76593 
4.64162 8.278 
4.85641 8.25033 
4.76473 8.25405 
13.3503 16.4045 
4.80526 8.23955 
8.01255 5.0559 
8.04082 5.28464 
8.02393 4.84021 
17.3943 12.4328 
7.7639 5.07711 
9.74832 3.6769 
8.77612 4.30277 
12.8312 7.16192 
8.75338 4.27851 
10.4867 4.77916 
9.63471 3.99247 
9.99642 6.23582 
9.83877 3.80549 
11.4250588 3.19777575 
12.8099298 14.5301068 
17.1426733 12.2839336 
11.7213326 13.2503366 
15.9547116 19.5369212 
17.8007297 17.8607808 
19.13025 15.8440325 
11.2916469 12.3547676 
14.5762119 17.7729842 
16.7792575 16.6638429 
12.471051 17.8332845 
12.3099431 16.7446625 
17.3754424 15.8547788 
11.5498286 17.1063323 
9.62600313 4.35392615 
16.9487323 16.9858873 
14.7481568 7.84937591 
16.0432961 9.29954232 
11.5383969 8.69911105 
18.4707813 19.3688851 
15.883371 11.3770826 
11.6972 2.6257 
11.8673 2.48025 
15.9815 14.8801 
11.7397 2.72214 
12.535 6.35683 
11.7274 2.52774 
11.5034 2.89439 
12.4621 4.1975 
11.5563 2.7553 
11.175 2.88182 
11.3134 2.74875 
13.0219 8.24571 
15.9526 12.2668 
9.21007 3.54464 
9.09341 3.57751 
12.4274 5.90353 
9.4521 4.2853 
9.15869 3.61654 
9.34927 3.70726 
13.5781 12.703 
12.3497 9.22102 
9.12524 3.55166 
9.08365 3.62215 
5.26464 12.3515 
15.9427 16.7505 
16.4228 18.2701 
7.97946 13.629 
7.98434 14.0764 
5.29223 12.0922 
7.50108 13.1681 
5.10557 12.1067 
5.52318 12.4381 
5.01617 12.0768 
4.97516 12.089 
5.14597 12.1066 
15.2729 19.1308 
4.97875 12.1044 
4.97649 12.0804 
4.96551 12.1113 
2.66544 12.2195 
2.11547 12.2462 
4.45073 13.5046 
1.95024 12.1021 
1.95133 12.0647 
1.93917 12.0772 
1.95754 12.1522 
1.91662 12.144 
1.96021 12.1136 
1.92738 12.1046 
1.94697 12.1261 
1.93409 12.2152 
2.14219 12.0733 
2.26189 12.2424 
2.06158 12.1419 
2.3268 12.1231 
2.3435 12.3661 
7.63069 13.0125 
7.03801 13.897 
2.28547 12.082 
2.72926 11.6713 
2.48633 11.8189 
6.92351 6.48897 
7.73086 6.87859 
7.24686 7.4677 
6.74347 5.93347 
6.59368 6.11443 
7.11671 5.75949 
6.94024 5.79625 
7.9186 6.31521 
6.94752 5.7486 
7.0222 5.70474 
14.0133 7.01692 
9.0527 3.59441 
17.987 13.384 
14.2539 11.5713 
11.5889 7.75102 
11.294 3.81614 
11.4822 2.77113 
11.1723 2.81699 
15.242512 16.1267211 
17.7788892 17.2939173 
18.43662 18.2172336 
5.40894124 7.38511706 
16.6925061 18.6174271 
14.5498202 13.6871644 
16.3948467 14.3042953 
14.4957898 15.903485 
10.4674987 10.2334964 
12.4081197 2.76801973 
10.9749944 4.75792137 
14.5996912 14.7857248 
16.9848623 15.9070204 
13.1394633 13.8012344 
18.1049935 13.0677999 
5.59197842 6.59085184 
12.9836935 16.4047563 
9.89921091 17.6396502 
17.7021075 19.4552841 
16.1921593 12.3779984 
15.1622194 14.2447287 
13.1851 2.99217 
13.7576 4.65722 
19.9996 12.8697 
13.2374 3.82399 
13.537 5.35525 
13.7148 4.60674 
12.9618 3.66403 
13.2354 4.3172 
12.4547 1.77947 
11.8685 2.04154 
12.9295 5.08769 
9.94485 3.75333 
9.50002 3.86235 
9.74765 3.71144 
9.63108 3.6941 
9.59354 3.75893 
10.9527 10.9757 
12.2323 14.135 
6.63723 7.87513 
5.90822 6.90539 
6.77073 7.69827 
5.608 7.1554 
5.63849 7.16468 
5.57034 7.53788 
5.74707 7.04792 
5.89988 7.06091 
5.3876 7.35078 
5.51239 7.25726 
14.2767 16.2743 
5.50582 7.30035 
5.32185 7.4239 
5.41061 7.40797 
5.28825 7.53683 
5.30199 7.45564 
5.23539 7.52758 
11.4433 13.7064 
5.2465 7.72608 
5.19625 7.63604 
5.38269 8.13972 
5.28223 7.89453 
5.94085 8.91031 
5.2214 7.60391 
5.21427 7.66449 
5.22379 7.78164 
12.4869 17.4926 
5.06596 7.73348 
5.04976 7.81624 
5.01846 7.79261 
12.8721 19.9997 
11.1656 10.1366 
5.05627 7.77514 
6.18168 9.87628 
5.00332 7.8944 
18.2678 11.2565 
5.0014 7.86455 
5.00433 7.8791 
17.1292 16.0843 
17.1623 11.9041 
5.00423 7.84867 
5.01564 7.96286 
5.00715 7.92736 
6.24031 7.43006 
5.72323 6.96953 
9.77343 11.0969 
5.61493 6.53686 
5.79988 6.63479 
5.65408 6.54256 
5.60536 6.51806 
5.59204 6.53152 
6.36135 7.0146 
5.6246 6.49694 
9.6708 4.31488 
15.1739 13.2177 
9.60609 4.0247 
9.6421 3.86387 
10.2868 4.40233 
11.9963 2.11618 
12.1504 2.33692 
12.163 2.28902 
15.0072671 12.5832738 
16.8346806 19.3299106 
11.0978293 8.77656509 
15.514123 13.386884 
18.9823323 14.8349752 
14.7149793 19.0868133 
12.2521002 5.37211304 
18.1478566 13.8333709 
19.1741745 19.5477667 
17.597932 19.5761123 
15.9306375 12.026313 
13.2066704 14.5864071 
6.48375256 10.2315608 
18.808238 14.8837323 
13.9408017 16.9370192 
12.3182769 15.8775085 
14.7093573 16.2180932 
17.8007542 16.8893455 
10.9507849 15.8373283 
11.3469477 2.53625646 
17.8776538 16.4967464 
16.9598 15.7652 
11.753 2.95837 
14.5514 7.7063 
13.4952 7.55846 
15.3734 12.7064 
11.6266 2.77112 
12.8469 4.57549 
11.2612 2.49955 
11.3077 2.30021 
11.2417 2.3311 
16.6585 17.4886 
11.7422 3.97405 
11.1885 2.491 
11.1896 2.35409 
11.1992 2.43015 
12.9129 13.1658 
12.8636 9.70613 
13.66 6.43931 
14.9366 12.5601 
13.1089 11.3931 
8.62185 8.70692 
4.52558 8.49546 
4.71159 8.21901 
5.06825 8.97975 
5.10064 8.41951 
4.7424 8.229 
4.5387 8.46987 
4.55189 8.3971 
4.59664 8.35596 
4.4705 8.48793 
4.42092 8.59217 
4.36614 8.64249 
4.9985 9.77966 
4.71119 8.58496 
4.38878 8.5978 
7.7944 12.0476 
4.47148 9.18062 
4.34606 8.75926 
4.30057 8.72767 
10.0316 14.5917 
4.41199 9.30737 
4.3165 8.72206 
4.35802 8.69262 
4.29819 8.75231 
4.29172 8.82017 
4.30219 8.89849 
4.26971 8.80031 
14.0643 14.566 
4.27511 8.85869 
4.27862 8.79393 
4.27215 8.80916 
4.28029 8.75656 
4.25503 8.81772 
7.29803 12.8833 
4.25859 8.84398 
4.24348 8.85048 
4.341 8.68207 
4.35101 8.67281 
4.33275 8.69414 
4.34382 8.67042 
4.37543 8.66368 
4.78921 8.07122 
4.77568 8.09216 
4.80688 8.06239 
5.18207 7.95652 
5.44675 8.01869 
5.26399 7.97594 
10.4504 10.953 
5.49139 7.40598 
5.50119 7.21343 
5.55814 7.15902 
16.4403 10.387 
11.2759 2.39458 
11.1465 2.41475 
13.2323 8.01547 
14.1134 7.47982 
11.505 2.75851 
11.1579 2.50942 
11.1536 2.3721 
7.92801347 13.0027787 
17.1604906 17.2292152 
11.8057212 12.7611121 
16.2222314 16.8614006 
18.7853889 16.2218978 
11.5789028 14.856537 
11.7216422 13.2369159 
12.254937 13.689865 
12.238693 13.4463486 
12.5091004 13.9396435 
14.2150232 16.5568794 
16.4578393 12.5762142 
15.8745296 15.6824523 
15.2857211 12.3743927 
12.437937 9.88984365 
16.2546742 10.5173988 
13.3698411 12.6445865 
10.8965814 5.5251799 
15.7736981 18.2420621 
15.606553 13.4495919 
11.990216 16.6123729 
13.0579 9.79106 
11.3039 5.56849 
10.6599 4.84152 
10.7524 4.88595 
10.696 4.82094 
11.2995 5.5052 
10.6927 4.90334 
10.7058 4.84724 
10.6757 4.92947 
10.6781 4.83112 
10.6998 4.88124 
12.0119 8.30189 
14.7276 10.7979 
10.6801 5.02122 
19.0671 12.887 
10.8187 4.95783 
18.4473 18.1127 
13.3972 8.58222 
10.8802 5.50496 
11.9862 9.88274 
11.8776 7.39412 
4.10341 11.1631 
10.4322 16.3586 
4.77572 10.8458 
8.44492 12.9951 
4.07881 10.6563 
3.0973 10.062 
7.55753 13.3527 
6.01937 12.2382 
3.04553 10.1837 
3.01902 10.0241 
2.96279 10.0639 
2.9842 10.0469 
3.01063 10.1007 
2.97365 10.0456 
3.00849 10.059 
11.1588 19.3256 
2.96934 10.0745 
2.98955 10.0848 
2.979 10.1259 
6.38131 10.913 
2.97448 10.0615 
3.00957 10.0368 
2.97511 10.0477 
2.96504 10.0738 
2.99343 10.1215 
2.96606 10.0594 
12.4613 17.8426 
2.96828 10.0563 
2.95467 10.0774 
5.47346 13.013 
12.876 19.9999 
2.95173 10.0889 
2.94156 10.1066 
2.93817 10.1115 
2.93065 10.1189 
3.00823 9.98715 
3.36212 10.0712 
6.12075 11.4519 
3.01291 9.98146 
3.0217 9.96944 
9.89946 7.12346 
3.01705 9.97255 
3.01994 9.96934 
3.02154 9.96462 
4.04373 9.2737 
9.6732 5.7242 
8.32476 4.9903 
8.05301 4.81606 
7.92754 4.93386 
7.90709 4.91914 
8.10779 4.8766 
14.0662 6.8036 
8.13042 4.80702 
8.20391 4.72882 
8.04856 4.8255 
8.20617 4.6968 
11.0236 6.70868 
8.51561 4.85828 
16.3013465 16.033713 
18.6495016 14.3120627 
18.8923289 15.4437497 
14.0821768 14.9927385 
14.000721 13.3012749 
15.4514622 19.8340984 
8.53580748 10.6588323 
16.3552223 9.41137439 
14.0961244 16.0320585 
19.7443544 19.2981003 
13.429083 12.954533 
14.9062833 17.0059643 
18.6004587 16.4951867 
15.8621194 11.0968014 
14.5570246 16.7894897 
15.1292658 18.9180307 
15.3445895 15.0823085 
16.5579518 15.2971599 
4.67776498 12.1608543 
13.018854 17.7892918 
11.8081104 13.6134544 
20 12.8752 
14.9545 8.33005 
14.4762 8.49815 
12.4142 1.82017 
12.7133 2.26526 
12.9316 3.56415 
12.542 2.16838 
12.4523 1.91002 
12.508 1.87771 
13.3051 3.38863 
12.6195 2.18481 
12.487 1.79506 
13.2254 3.1216 
12.4241 1.81134 
12.3717 1.88794 
12.3814 1.83138 
9.60404 14.1021 
6.8527 10.9227 
15.8083 14.0814 
9.48696 12.7926 
12.3688 2.03096 
5.57165 9.63913 
5.49735 10.007 
6.97766 10.5339 
6.41392 10.2 
7.41455 11.2858 
6.38518 10.4979 
5.98759 10.0735 
7.44829 13.1618 
10.3269 13.5018 
8.69453 14.0582 
3.83527 12.3257 
2.38696 13.3656 
11.5876 17.1266 
7.72511 14.5024 
2.36542 11.3967 
17.0523 17.7255 
4.67795 14.4153 
2.30151 11.296 
7.31222 13.3407 
1.81056 13.0546 
8.31692 14.9191 
6.93887 14.3501 
2.25513 13.1477 
2.10181 13.1695 
17.5925 19.6165 
4.42283 13.4835 
7.48153 14.2415 
5.30217 12.1801 
1.72698 13.0003 
9.7502 16.2026 
8.03914 13.1748 
2.71242 11.6508 
2.45072 11.296 
2.34848 11.282 
15.0552 16.3056 
2.58712 11.6214 
5.98631 10.17 
8.48334 12.6247 
19.2822 19.1445 
7.55287 10.7595 
5.57815 9.56249 
5.56232 9.64561 
5.65036 9.60936 
5.60411 9.57568 
5.56373 9.58492 
11.8974 13.7166 
11.6941 3.35229 
11.976 2.50764 
11.2869 3.55707 
11.3755 2.85043 
11.0523 2.9787 
11.4093 2.75756 
11.5162 5.03839 
11.0243 3.65387 
10.868 3.04276 
11.0475 2.86781 
11.1965 2.86486 
11.6582 2.64645 
16.0070441 11.0127953 
16.2434768 11.5102785 
10.461172 15.8806751 
16.8251282 17.0104424 
16.0520811 17.2989879 
12.4585535 6.94950711 
16.9324115 11.2211881 
13.4450303 15.0431153 
18.1272635 14.8546772 
6.97445309 15.3061356 
17.9951874 15.8796341 
12.6098139 15.9367813 
6.91082458 8.23907891 
6.11621981 12.1185045 
15.1772151 13.3711942 
12.0666465 18.7665605 
12.0218449 12.1010925 
17.158199 17.1048211 
15.9702622 16.1097884 
16.3075009 16.3575617 
14.8773361 14.522214 
15.4176 10.9419 
19.7704 15.346 
11.1619 5.52046 
13.9894 10.7191 
12.673 8.47151 
9.18629 7.18629 
12.1091 6.69185 
14.2402 7.84518 
11.5216 5.92404 
11.1747 5.49619 
11.1382 5.51022 
11.1514 5.50117 
13.7244 12.9801 
11.8127 4.80199 
13.2581 7.8574 
8.37932 8.80501 
8.95361 6.51764 
8.63968 6.40452 
11.3885 13.6847 
8.6704 6.26893 
14.5803 12.6626 
9.41548 10.7855 
13.0999 17.9487 
7.69683 9.70687 
5.29182 7.08122 
5.1414 7.03339 
12.5558 18.5635 
3.4075 10.3427 
4.00398 10.74 
3.59168 10.929 
4.98827 10.8079 
3.14563 10.536 
3.34499 10.296 
15.6661 17.3851 
3.32341 10.6873 
3.2249 10.3933 
3.08825 10.6357 
3.28152 10.5357 
6.17687 11.4491 
3.97725 11.6078 
3.15324 10.5656 
3.1833 10.8834 
17.9601 18.8631 
3.11766 10.7503 
3.0388 10.7253 
2.98957 10.8405 
9.22064 13.2315 
3.0409 11.0259 
11.8386 14.2186 
3.04324 10.8419 
3.19726 10.6702 
3.04334 10.7595 
3.06212 10.6921 
3.03589 10.8192 
3.05933 10.6877 
3.05211 10.7007 
3.54773 10.0642 
3.74312 9.86902 
3.63753 9.83802 
3.66907 9.79238 
3.70997 9.59128 
5.2173 7.11113 
5.20991 7.0549 
7.23955 6.6266 
12.2851 14.0038 
7.70726 5.39154 
7.15821 5.54979 
7.86975 6.12876 
7.33168 5.56502 
7.20559 5.65794 
12.297 9.86943 
14.9644 12.034 
7.36182 5.39147 
7.50098 5.3266 
7.48277 5.27064 
8.1823 5.21425 
7.83662 5.11006 
11.3404 3.54236 
11.1422 2.95559 
15.3832237 16.39987 
11.0515008 8.81683289 
10.3328769 7.10635399 
16.777514 12.9941926 
9.57006789 18.6379321 
13.9157694 7.9910996 
15.753917 13.4131389 
17.3416371 19.2122815 
19.1945981 17.7557138 
7.99695071 14.5142332 
10.2557453 3.39138737 
12.1074213 13.3614116 
19.1165215 15.7765486 
10.3336418 16.0502924 
6.48164706 6.97367364 
9.28451302 15.4604593 
15.440173 13.0505393 
16.3273011 14.4892774 
14.4634306 15.3520244 
6.77958122 11.97818 
13.3013888 12.839526 
13.5237 10.7494 
10.1016 3.64129 
12.1057 5.06188 
10.0803 3.40778 
10.4812 3.29942 
11.2337 3.86212 
10.7061 3.48503 
10.312 3.30936 
10.2592 3.30257 
10.4064 3.24444 
10.8396 5.21985 
15.2875 14.3403 
9.61673 3.81627 
9.80736 3.65229 
9.60251 3.72882 
9.73011 3.64825 
8.04007 7.03016 
6.3236 6.33727 
13.8414 15.0677 
6.33718 6.38621 
6.09969 6.66433 
6.09232 6.58495 
5.96437 7.06286 
5.91594 6.77128 
5.9942 6.87264 
5.84817 6.92906 
10.5508 16.5644 
13.8136 16.8391 
9.33166 12.8276 
3.49178 11.7153 
12.7359 18.4941 
2.93962 11.2328 
2.94939 11.0265 
3.07227 11.1709 
2.95252 11.1191 
2.80102 11.1743 
2.8319 11.1225 
2.81278 11.2789 
2.89159 11.1745 
3.20337 11.1157 
2.78167 11.2167 
2.80942 11.203 
2.78202 11.2552 
2.76318 11.3806 
17.1159 17.1159 
2.76138 11.3221 
2.82197 11.3262 
2.6596 11.4833 
2.65469 11.4674 
2.64781 11.5497 
2.64468 11.5203 
2.96565 10.8606 
2.94514 10.8977 
2.95265 10.9601 
2.98196 10.8332 
2.96988 10.8863 
3.24824 10.7471 
18.814 19.9262 
3.17005 10.753 
3.4515 10.7561 
3.33632 10.7459 
5.87504 6.91916 
5.97712 7.38113 
5.86246 6.83399 
5.8577 6.91808 
5.83654 6.90194 
6.24942 6.42111 
6.38072 6.2803 
6.43168 6.25378 
6.48931 6.1778 
6.51441 6.18434 
9.54873 3.74318 
9.4299 3.82076 
9.4501 3.80062 
9.37754 3.85285 
9.32207 3.90716 
10.3524 3.25893 
17.2277 16.2215 
10.4124 3.25334 
17.4181119 15.6800454 
10.4032577 12.3172385 
8.85110163 6.59186135 
9.43513848 16.5705954 
17.4453415 19.4129767 
16.3653782 16.7436171 
19.4229903 19.2173948 
18.7338603 17.7967184 
11.5965355 7.03249041 
11.1074772 15.4038609 
17.4060137 16.4143682 
14.7663378 16.4193826 
15.7435882 19.0461012 
17.8039883 17.048027 
11.0811582 12.9771534 
19.5872815 15.3812127 
18.0588212 9.8805783 
2.70525959 11.4538356 
13.5064507 9.6965357 
11.6739972 14.8225779 
9.23515034 6.08439617 
14.1117 10.4111 
7.74157 5.11149 
8.45288 6.71465 
7.70321 5.08593 
8.04163 4.96713 
9.77632 6.26136 
7.94463 4.90511 
7.92867 4.95058 
7.94711 5.68553 
7.85793 4.96297 
8.05363 4.81468 
8.22636 4.75304 
8.20086 4.70775 
8.25739 4.64904 
8.28193 4.62685 
8.34241 4.59797 
7.53563 5.33404 
7.64285 5.50329 
7.45648 5.29353 
7.39825 5.34344 
7.39773 5.36825 
10.6335 16.601 
10.2194 10.0867 
16.8624 17.6113 
6.2215 11.7018 
7.48012 6.1911 
3.57203 11.3062 
2.85346 11.1028 
2.948 11.4277 
4.66889 11.4709 
2.97059 11.1733 
2.76425 11.2795 
2.92112 11.3012 
2.75367 11.3109 
2.83156 11.1823 
3.27998 11.7181 
2.84444 11.6612 
2.71634 11.4043 
4.19135 11.5623 
2.84778 11.4723 
2.70041 11.3825 
2.70882 11.3598 
2.88383 11.3289 
19.1679 15.4224 
2.70893 11.3752 
2.69964 11.4319 
1.93096 13.1257 
2.38914 13.0062 
4.97932 14.5472 
7.59122 14.6666 
8.30364 14.9073 
2.99614 11.0261 
2.9616 11.0398 
2.88777 11.0577 
12.875 19.9999 
2.82166 11.1333 
3.07828 10.7162 
3.25775 10.4829 
3.23844 10.4313 
3.23113 10.4557 
3.621 10.1639 
7.32847 5.80508 
7.29527 5.69787 
7.32072 5.73264 
7.27738 5.62861 
7.29239 5.65499 
7.27753 5.59808 
7.31439 5.62218 
7.06317 5.63786 
7.09777 5.60406 
7.03762 5.65789 
8.31924 4.60732 
8.34331 4.58665 
9.09916 5.94984 
8.8896 4.48297 
8.89314 4.59118 
9.72545 4.87669 
8.45721 4.51855 
9.96791 5.29152 
6.24334826 12.4078135 
19.0762714 16.4763628 
15.6556021 16.3371828 
13.5555353 14.3422558 
16.9153351 17.6637933 
17.2483015 11.5478693 
15.9072232 17.1990151 
16.3686828 18.7719792 
10.6828268 18.5705209 
15.0482087 13.1956125 
11.736704 6.46268651 
13.9227766 15.1337573 
14.9932804 15.9814266 
18.2503109 18.3114419 
18.7596385 15.4897536 
8.09456796 10.3245183 
17.7853264 16.1812034 
14.1394074 10.0619123 
7.93429759 7.27691002 
16.3651158 13.9198788 
14.683479 18.5580219 
14.7582 12.1523 
8.78665 6.16981 
10.1588 6.38559 
10.6025 8.56364 
12.3616 11.1173 
10.8404 9.61455 
9.6712 3.65443 
12.5535 7.4374 
9.76472 4.24161 
11.5514 7.14105 
9.52731 3.88709 
10.6904 6.10062 
15.3869 10.8746 
10.8259 5.1605 
9.40232 3.38714 
13.1513 8.61413 
14.3749 13.3577 
7.68827 10.3888 
9.09948 9.09355 
12.5981 15.6861 
11.0455 8.43629 
4.36688 8.77882 
4.79556 8.06993 
7.02945 10.8754 
7.6304 9.58827 
4.72732 8.326 
9.31276 13.7074 
4.52157 8.5497 
4.63415 8.52477 
4.35658 9.14057 
4.27721 8.80297 
4.23113 8.94756 
4.2934 8.73152 
4.43605 8.87238 
4.33776 9.02134 
4.4242 8.66144 
4.09897 9.00956 
4.15501 8.92684 
4.17807 9.39795 
11.7004 15.6721 
4.11168 9.23808 
4.20583 8.9306 
4.10375 9.30481 
4.33052 9.67624 
9.15154 12.3544 
4.001 9.26025 
4.03074 9.25712 
4.09446 9.48874 
4.00363 9.21932 
9.67991 15.4835 
3.96195 9.25702 
4.04212 9.10714 
17.1149 17.1148 
18.1809 15.9522 
3.97765 9.24592 
3.96814 9.29269 
4.34794 8.65556 
14.1751 16.4296 
4.33079 8.70685 
4.38978 8.59735 
5.21827 8.7888 
5.16314 7.86181 
4.98848 8.07416 
18.9636 9.53714 
5.07082 7.91152 
13.6355 12.9 
8.78578 6.27734 
17.9666 13.2211 
8.78244 6.21447 
8.74971 6.21919 
8.7558 6.19651 
10.7017 6.00854 
9.40354 3.39596 
9.53632 3.77693 
9.69765 4.04706 
9.59838 3.38099 
9.57278 3.44966 
9.4716 3.37877 
9.45658 3.33175 
14.8199258 13.8087003 
17.1274676 14.4451266 
19.0489629 19.4506323 
18.274055 19.3861785 
17.3684672 17.0145916 
4.83597345 10.8478925 
11.0964704 17.3139317 
12.7586196 14.3072655 
15.4108819 16.1479646 
14.1858902 12.7130157 
16.4020264 19.0057918 
17.7280501 13.5442017 
17.4900176 11.4924657 
18.4154907 14.2989018 
16.4223864 18.4885844 
13.87729 12.0691495 
16.3218239 18.4948939 
19.5021424 12.7740401 
11.9888933 18.9099507 
19.7179739 18.9881431 
15.0947534 11.4158194 
15.5592 15.9051 
4.05597 11.8305 
13.4417 5.65649 
14.9511 8.33419 
12.7836 4.81342 
13.3174 6.22847 
12.9188 5.55452 
12.7685 4.6306 
12.8174 4.65775 
16.4217 13.9264 
12.7867 4.63352 
12.7568 4.6807 
12.7695 4.89026 
12.9609 4.84644 
12.8852 5.12945 
14.2149 8.65204 
12.6886 4.66965 
5.37127 12.0014 
12.7236 4.65593 
12.6662 4.68849 
10.9068 15.1223 
3.33324 10.4786 
3.30289 10.3212 
3.21155 10.4372 
3.33627 10.2366 
3.27516 10.3051 
3.51515 10.1534 
3.43156 10.0426 
4.76982 10.1458 
3.60886 9.96025 
4.02322 9.93237 
3.69024 10.7518 
3.2826 10.3569 
3.56843 10.3764 
3.43721 10.2861 
3.17303 10.4839 
3.1636 10.5184 
3.17303 10.4879 
14.042 19.7847 
3.15011 10.525 
3.15857 10.5144 
3.1412 10.5403 
3.11755 10.6416 
3.11703 10.6133 
3.09331 10.6446 
3.07605 10.6647 
3.09323 10.626 
3.06712 10.6732 
3.06034 10.7123 
3.06174 10.697 
3.06115 10.738 
3.0624 10.7228 
3.07351 10.6626 
3.05639 10.7091 
3.05528 10.7215 
3.05656 10.7314 
3.68109 9.90723 
4.2257 9.94561 
3.61281 9.88817 
3.77596 9.86033 
3.73038 9.86707 
3.83889 9.87379 
3.71735 9.75117 
3.70944 9.70807 
5.97446 10.3346 
11.7731 13.6354 
3.70386 9.68757 
3.72312 9.66538 
3.70684 9.65871 
3.72596 9.64332 
17.1181 17.1182 
14.3601 6.46158 
13.9185 3.56151 
12.7704 5.0775 
15.6027 6.90457 
12.6944 4.67644 
13.1912 2.04937 
13.4653 2.72321 
12.9629 1.76562 
17.3395069 13.7371611 
14.3827808 13.3054374 
16.8982701 11.8445409 
14.1980389 18.1363773 
18.2414728 14.8569629 
11.8438958 4.30067154 
11.5205325 2.65079621 
16.991985 19.5258957 
6.54906759 13.5589762 
14.983278 16.9655069 
15.711092 12.7401209 
15.928707 18.963435 
18.7680959 17.7751737 
19.8953569 19.3070998 
1.82358434 12.4639788 
12.0351125 12.3787058 
16.8518757 17.9805311 
17.4657857 16.3243503 
13.1685597 17.9503817 
8.68423139 9.25104807 
15.2050594 14.9877191 
11.7967 3.90653 
16.851 16.851 
11.6902 2.64866 
15.6444 16.279 
11.6487 2.56726 
11.4978 2.68771 
11.5422 2.92752 
11.6186 2.59463 
11.4103 2.75504 
11.4028 3.01748 
11.512 2.63435 
11.351 2.88173 
12.1314 6.07954 
14.9457 8.33581 
16.7311 15.17 
11.6273 4.49275 
6.48761 9.34197 
13.5397 12.3224 
15.7409 13.4053 
9.85329 3.64766 
10.1941 3.27596 
6.69535 10.1849 
8.93321 12.3941 
5.79549 8.14963 
8.4825 10.3406 
4.92514 7.29527 
10.8442 14.2833 
11.7273 15.2114 
4.60898 11.9738 
4.44278 10.7885 
3.67063 10.2 
7.22741 15.1988 
3.2661 10.3848 
3.3577 10.1648 
3.62746 10.7232 
3.25874 10.354 
2.62122 12.5294 
3.23612 13.2616 
6.30355 13.9604 
1.9129 12.5214 
1.85837 12.4147 
1.76853 12.4784 
1.78233 12.4486 
1.77684 12.4799 
7.4416 14.3105 
2.13868 12.4975 
1.82104 12.4028 
1.81057 12.4585 
1.82764 12.4372 
1.95989 12.6433 
1.80338 12.5137 
5.98187 10.9734 
6.51081 11.1374 
3.29909 10.29 
3.18808 10.4899 
3.19483 10.4524 
4.94364 7.39381 
3.4973 9.935 
5.08266 7.40168 
3.70858 9.85553 
3.60316 9.91387 
4.88934 7.32747 
4.91708 7.29791 
4.90654 7.30652 
4.9448 7.28324 
4.94437 7.26064 
5.07957 7.44497 
4.93779 7.2672 
5.54028 7.56739 
13.1566 9.06949 
17.6026 10.5926 
13.5853 8.60913 
11.4915 5.55832 
9.81396 3.11688 
10.4557 4.18013 
10.0678 3.7562 
9.90361 3.11356 
12.4304 3.40071 
10.0023 3.58339 
11.0175103 12.7556594 
9.14861149 11.7196135 
19.0230359 15.0863178 
11.03272 10.2764487 
11.7326478 17.2456649 
8.96496202 5.95847976 
8.69113768 10.2068968 
12.4489771 4.71695423 
17.43684 17.2287828 
5.89871804 12.261224 
8.35383906 5.44827961 
13.8816524 15.5774894 
16.4147523 16.1037915 
17.5137704 17.1657909 
13.1822244 12.52254 
14.0271678 16.3969767 
4.47115694 12.9171136 
19.2051326 17.7838434 
8.93443306 16.4697774 
18.5092928 17.8013235 
18.5491888 17.8555948 
15.9288 13.1662 
12.3571 7.80326 
7.50841 5.47983 
13.6273 4.66478 
17.4897 13.623 
12.0276 2.53426 
12.3799 2.84372 
12.171 2.84194 
11.6237 3.22998 
11.9395 4.48407 
11.5986 2.75591 
7.56498 5.19839 
7.82181 5.01544 
7.7971 5.03542 
9.01307 7.67367 
7.71286 5.34221 
7.52235 5.30912 
7.67436 5.14137 
19.9999 12.8736 
7.24057 5.57861 
7.48733 5.88596 
7.50243 6.42263 
12.1831 14.1711 
8.19824 7.71527 
7.07591 5.62338 
12.0785 15.2803 
9.90871 19.1179 
8.41492 13.3282 
5.82291 14.2757 
7.61039 13.1622 
7.70484 14.0838 
3.20523 12.6767 
3.45405 12.8583 
2.78766 12.3274 
2.90189 12.4318 
2.64059 12.1737 
2.51752 11.9969 
2.62008 12.018 
2.54895 12.0518 
2.48414 11.9045 
2.50885 11.9104 
2.48667 11.8179 
2.48025 11.8559 
2.52954 11.7512 
12.8729 19.9998 
2.87661 11.66 
2.48774 11.8735 
2.49886 11.7894 
2.48217 11.838 
15.5027 11.1277 
2.4937 11.9404 
2.71382 11.6236 
3.17096 11.598 
2.9881 11.5961 
2.62365 11.639 
5.32964 11.3688 
3.22773 10.8611 
3.58405 10.785 
2.98214 10.9471 
3.39877 10.8036 
3.06117 10.6964 
7.11943 5.58691 
7.09086 5.6159 
7.09146 5.6094 
7.06639 5.63348 
4.26785 8.4826 
7.04571 5.65098 
7.0558 5.64145 
7.04289 5.65464 
7.16053 5.60296 
8.50642 6.46274 
10.2263 3.54744 
10.5425 4.11291 
10.4616 3.21639 
7.89713 4.948 
7.97115 4.96594 
10.8077 3.26436 
10.6172 3.13169 
10.9189 3.26943 
