0.994683831 0.415293286 
0.399121473 0.83363592 
0.858025629 0.949745244 
0.999647088 0.999227258 
0.955966064 0.78524871 
0.494185252 0.979576811 
0.0192331375 0.98820744 
0.896286953 0.999107223 
0.999278274 0.994077625 
0.995034821 0.14157652 
0.907187745 0.998947387 
0.890521369 0.98974537 
0.970642162 0.246165168 
0.999977799 0.806730681 
0.987786647 0.986864796 
0.317352587 0.978141857 
0.99928436 0.474892494 
0.999174008 0.998918167 
0.970495475 0.787518466 
0.644708235 0.997725349 
0.41014568 0.997074611 
0.988708 0.0137189 
0.999723 0.851393 
0.999957 0.822492 
0.999706 0.542953 
0.997636 0.624318 
0.999849 0.819646 
0.994215 0.206195 
0.999607 0.884423 
0.934449 0.999998 
0.976863 0.361923 
0.999162 0.760712 
0.999652 0.87166 
0.998953 0.910165 
0.996768 0.57751 
0.998967 0.658932 
0.999804 0.686186 
0.999915 0.81208 
0.934648 0.752896 
0.973329 0.555217 
0.991818 0.756818 
0.999306 0.53514 
0.422299 0.803591 
0.440121 0.980921 
0.50026 0.986064 
0.340541 0.945313 
0.263478 0.99048 
0.0999703 0.958396 
0.134894 0.978931 
0.100415 0.956044 
0.272835 0.998336 
0.17897 0.995435 
0.100269 0.960826 
0.0864432 0.994088 
0.100554 0.955674 
0.0464302 0.989994 
0.0583697 0.993514 
0.127443 0.996343 
0.0640579 0.988958 
0.0477087 0.992636 
0.0589749 0.991251 
0.05444 0.99191 
0.0390429 0.99028 
0.0157706 0.987176 
0.0191644 0.987373 
0.0190706 0.987299 
0.0171371 0.986487 
0.106446 0.995718 
0.0972442 0.992504 
0.106647 0.995722 
0.0862205 0.992249 
0.322981 0.998771 
0.181404 0.986823 
0.902124 0.681351 
0.838816 0.999975 
0.851149 0.999724 
0.117585 0.9673 
0.951408 0.296677 
0.837257 0.704585 
0.406743 0.974264 
0.284562 0.989497 
0.0390026 0.966368 
0.518823 0.980548 
0.423494 0.998598 
0.377006 0.855848 
0.451857 0.982731 
0.452249 0.982631 
0.956714 0.957891 
0.403588 0.974482 
0.855132 0.351258 
0.999999 0.949729 
1 0.964653 
0.998752 0.895745 
0.999999 0.943044 
0.998328 0.362887 
0.943146 0.138593 
0.999738 0.847306 
0.999715 0.853625 
0.999115 0.747894 
0.998781 0.809002 
0.999848 0.819704 
0.999201 0.750357 
0.996152 0.244096 
0.988164 0.23108 
0.99409 0.999462 
0.998557 0.999649 
0.999757 0.834376 
0.999121 0.748402 
0.998935 0.58022 
0.872186 0.295507 
0.986911 0.999374 
0.99828 0.999627 
0.999993 0.877533 
0.865402 0.601613 
0.999712 0.848317 
0.980216 0.997794 
0.998718 0.735539 
0.999703 0.850671 
0.969787 0.257401 
0.992936 0.928668 
0.991371 0.894391 
0.972902 0.213091 
0.870826 0.28711 
0.78815 0.523749 
0.777278 0.551122 
0.997406 0.563513 
0.998743 0.803649 
0.997081 0.591346 
0.902783 0.53325 
0.697812 0.670442 
0.999995 0.902672 
0.997815 0.577212 
0.920303 0.96871 
0.718705 0.980244 
0.451746 0.982724 
0.664516 0.611839 
0.999995 0.902635 
0.378936 0.999267 
0.307239 0.868064 
0.368618 0.985681 
0.99867 0.986797 
0.370413 0.98585 
0.663326 0.993296 
0.565852 0.985265 
0.541988 0.981965 
0.179654 0.985993 
0.101606 0.993793 
0.468814 0.824727 
0.0913542 0.993397 
0.0533229 0.964639 
0.655775 0.993106 
0.107903 0.995313 
0.0537035 0.993027 
0.0956798 0.995303 
0.0599785 0.991871 
0.0443609 0.99199 
0.107338 0.995682 
0.544843 0.98234 
0.61294 0.990074 
0.0960909 0.99532 
0.498899 0.968014 
0.962082 0.957313 
0.937411 0.682938 
0.0224403 0.987559 
0.129381 0.984055 
0.555715 0.981472 
0.427435 0.921686 
0.976641 0.961797 
0.96181 0.957553 
0.998674 0.987289 
0.978857 0.965178 
0.81869 0.99995 
0.883093 0.999612 
0.467394 0.984643 
0.539753 0.982043 
0.484576 0.983994 
0.999995 0.902678 
0.998006 0.804622 
0.999778 0.57551 
0.756593 0.604723 
0.999984 0.855699 
0.999984 0.854645 
0.999999 0.943847 
0.983324 0.999356 
0.994918 0.999481 
0.948585 0.110152 
0.986132 0.247642 
0.986007 0.246205 
0.997097 0.167722 
0.854606 0.31704 
0.999963 0.82671 
0.855846 0.314871 
0.997964 0.974875 
0.984656 0.273334 
0.995408 0.156248 
0.995407 0.156241 
0.994711 0.130464 
0.999605 0.99979 
0.999723 0.851397 
0.9947 0.130434 
0.998326 0.99111 
0.999446 0.993299 
0.998668 0.995982 
0.928006 0.999998 
0.99846 0.257443 
0.999961 0.825234 
0.997082 0.170314 
0.902454 0.241807 
0.999697 0.566941 
0.999849 0.672501 
0.999963 0.826004 
0.989229 0.0913021 
0.999963 0.826736 
0.997992 0.960903 
0.99937 0.986295 
0.820838 0.523983 
0.999962 0.823208 
0.999989 0.86857 
0.9954 0.70912 
0.999973 0.829559 
0.999995 0.895196 
0.999994 0.894612 
0.57577 0.99842 
0.518194 0.991649 
0.420655 0.826333 
0.818634 0.999854 
0.717878 0.94713 
0.316266 0.995426 
0.725798 0.9995 
0.189605 0.907096 
0.374456 0.974412 
0.177587 0.986909 
0.0577614 0.991391 
0.497667 0.967564 
0.0619568 0.988678 
0.944214 0.295743 
0.0513033 0.989152 
0.014463 0.987634 
0.0522599 0.992943 
0.494339 0.899275 
0.0542565 0.993125 
0.520922 0.954728 
0.0959173 0.995314 
0.0555101 0.991119 
0.0848413 0.994623 
0.0657402 0.991603 
0.442652 0.9053 
0.0586527 0.993429 
0.0688661 0.99246 
0.042273 0.990281 
