81.972782 117.002343 
310.835152 46.0815579 
121.347466 121.325409 
179.220187 4.35690254 
143.070996 251.263 
196.893373 19.4396315 
123.855663 254.82279 
251.999804 149.324366 
142.651306 126.428073 
36.5612958 247.729751 
17.4518667 211.589913 
35.221123 261.173406 
66.8804657 72.6907023 
211.47171 43.9441185 
107.205379 29.7406982 
77.1659722 221.49327 
23.2133634 193.957824 
67.1038659 243.937995 
102.631181 119.326319 
142.857027 32.8951417 
103.095857 253.251604 
200.332692 6.90461475 
155.691534 114.495778 
237.23426 14.2913542 
39.8014382 182.859581 
279.575061 177.44829 
219.427673 0.3185417 
200.76556 108.094716 
132.52598 304.816201 
146.564439 195.804023 
81.8666954 130.984399 
213.509315 93.9575011 
194.03059 37.4783907 
6.20032099 355.143653 
274.044629 84.5442445 
10.253332 101.384538 
169.262145 56.1105687 
147.163472 246.051942 
56.0601963 66.3669839 
116.256992 99.2251835 
181.460055 20.0339535 
221.043626 207.580656 
43.5737866 114.065388 
79.1489808 20.2837163 
100.630094 184.227762 
197.19561 138.138288 
5.51528299 356.970977 
202.692127 34.6408004 
45.6663136 195.140909 
6.86464516 15.1535953 
123.554811 9.21003232 
9.40635528 288.904753 
209.844509 101.844078 
47.6693487 278.461154 
61.0397919 198.217564 
14.424065 289.531535 
55.4950297 297.253243 
191.482219 85.5899154 
74.9899209 296.492351 
151.838127 191.442211 
306.856093 41.8811832 
107.191048 84.8753235 
180.695833 68.662402 
257.357046 147.493484 
192.234743 76.2111946 
13.2537 1.45967 
68.8764 15.0588 
22.9808 4.48461 
22.0102 5.50742 
15.8121 9.2449 
11.3857 4.53151 
75.7332 5.76829 
15.5116 4.89651 
3.80092 3.77779 
31.7341 8.43559 
19.5654 4.50163 
11.5803 1.97681 
2.25967 1.16321 
2.47926 1.86074 
7.60213 3.34569 
3.71216 5.02078 
5.63527 6.54209 
3.1638 3.37777 
2.62832 0.715754 
4.69467 3.81492 
5.28197 3.61861 
5.20269 4.84731 
3.99536 5.84357 
0.982298 1.30567 
0.888456 1.60605 
3.22331 4.21176 
4.52394 7.4362 
3.46877 6.15917 
0.985614 2.46749 
5.46644 11.7666 
7.97525 16.5449 
4.94936 11.0147 
8.58503 39.3216 
2.88893 25.7212 
0.858561 10.9256 
54.3613328 74.9938191 
244.422634 54.3266186 
76.7125892 38.0955962 
166.053539 104.678114 
10.8856979 130.78429 
86.6775026 111.347943 
1.78915805 252.314586 
6.94477773 191.675393 
186.11672 16.3077739 
349.253708 22.3633424 
173.523919 140.813967 
109.069155 240.171658 
66.0529982 63.1034945 
37.6183353 157.400283 
198.924052 77.9524038 
36.885746 192.440893 
196.319091 15.9189 
129.367876 95.0766463 
136.117929 161.57784 
154.222258 103.82816 
264.944395 61.6144353 
19.6442028 129.942344 
161.594485 3.56443842 
444.649901 0.572661353 
352.658375 42.3872939 
107.244212 202.097299 
79.8640049 204.371501 
91.5131818 34.802075 
18.3850494 362.008521 
119.390539 279.03509 
122.423425 173.561704 
44.4512519 161.498338 
164.470714 260.064832 
89.5701732 249.822582 
204.397071 88.1107139 
46.310924 82.1950866 
235.672729 107.553904 
182.01289 59.4858895 
320.505614 49.703865 
232.368147 132.616369 
115.264408 235.821095 
48.0941625 278.185995 
297.317741 59.2611089 
10.262939 376.004103 
21.9319096 221.073809 
53.766865 263.942695 
107.295313 63.1471777 
113.051616 186.271378 
101.067563 289.909194 
141.345808 44.0790784 
52.8635736 197.862279 
107.544521 123.398771 
181.054687 23.9830142 
243.156652 11.0598608 
313.979318 55.1972864 
34.6507696 298.738731 
75.5492407 247.476982 
71.2167835 21.2959815 
164.1943 147.764358 
119.909987 94.3446272 
148.891221 78.9423376 
257.003978 64.4813354 
22.8400729 186.84374 
158.324139 158.075426 
126.251321 137.688806 
23.8742 2.91015 
179.231 2.15242 
41.5046 10.763 
12.8132 4.42141 
46.9991 4.68599 
89.6465 4.06212 
176.921 1.09313 
72.0943 10.1146 
10.3079 3.2144 
44.5683 13.0006 
8.31725 3.56507 
1.97369 1.36375 
6.18113 3.12811 
7.62296 3.44297 
10.1926 3.74164 
5.65547 3.40051 
2.64945 1.27709 
3.82291 3.44911 
10.8897 7.9994 
4.37162 2.77392 
1.23017 0.717869 
2.72296 2.82203 
4.10622 5.23457 
6.60222 6.29609 
6.91243 8.23478 
2.47772 2.87372 
6.22374 4.90994 
0.607498 1.56451 
2.59762 5.09014 
2.16326 3.95809 
5.94363 13.3637 
4.07815 6.56064 
7.63095 43.2234 
5.19588 60.9729 
6.76104 39.6565 
132.368372 176.526536 
258.884464 66.2714625 
254.137333 49.7400014 
65.4224177 195.812254 
254.579149 73.7086851 
126.639655 4.55540958 
187.781504 56.8065384 
106.362622 164.40579 
288.521106 140.071899 
122.926533 85.8922297 
151.118967 51.1390396 
224.189196 32.7581534 
120.835788 243.705178 
205.840453 163.642672 
305.428995 63.2210672 
32.0035921 139.696888 
39.1761309 150.27934 
127.337625 146.366612 
44.3775144 252.04316 
346.243048 22.3816924 
259.787064 6.8290278 
113.532452 8.51252722 
117.020817 226.152681 
6.83088098 357.47846 
13.9087309 114.68831 
103.44483 273.794144 
220.182903 141.918393 
146.988587 122.068504 
142.146811 201.491946 
173.559145 62.9702582 
176.594187 101.200113 
34.2147823 309.359361 
163.330499 120.813496 
210.571013 128.227588 
97.3266452 13.2682372 
223.91897 88.1275847 
88.4464674 94.9614464 
164.775881 161.696284 
96.9367654 87.8688704 
157.113285 259.058561 
263.979524 111.506172 
11.0941186 128.225527 
227.639249 120.713521 
74.7561716 170.534976 
2.81158859 226.681901 
58.6800518 130.73898 
234.330318 0.181004814 
167.304036 206.583921 
134.027416 60.5247411 
109.204485 12.1161626 
8.6498653 128.435275 
11.7573817 265.904311 
367.559673 33.2233836 
35.7607693 232.175958 
16.0934658 327.387974 
221.321229 38.3191911 
66.6646492 172.182307 
83.0460014 104.479453 
174.857856 40.9152604 
42.3108387 143.798017 
73.6698599 329.930128 
33.1010449 167.040766 
118.323672 112.656154 
113.051251 193.187806 
63.0101456 201.655105 
17.1295 1.15802 
52.611 5.5263 
18.4371 3.70598 
15.2033 4.62612 
42.3244 5.59707 
77.3713 7.09237 
59.3223 7.06308 
8.37118 2.84212 
17.6417 3.35834 
29.1103 8.06016 
23.0143 5.22904 
23.2958 5.60415 
2.28576 1.29 
5.16133 1.7325 
6.43352 2.6997 
9.3832 3.85793 
7.24555 2.91783 
2.5134 0.558948 
0.660577 0.597054 
4.10421 2.80827 
3.79074 3.06927 
3.64116 3.96422 
2.76942 4.14777 
4.61178 5.6684 
6.21305 6.67978 
3.16872 3.64583 
0.72067 0.922502 
2.87811 6.97114 
8.19726 13.7592 
2.08306 3.20221 
2.18893 4.24093 
9.35486 28.6704 
2.20789 31.3244 
8.57307 39.7288 
7.40725 31.6263 
137.324161 177.065522 
165.470913 52.5886805 
1.09051341 243.937486 
147.350743 18.6745536 
314.554043 67.5828017 
170.336296 186.417591 
108.404968 28.411644 
200.00352 195.850698 
78.0501223 21.990249 
13.7927139 104.74271 
71.0692426 178.348616 
158.318251 73.1877758 
120.075154 85.3469872 
395.856326 24.0162265 
208.850037 78.9726403 
148.903266 85.3073722 
81.1387939 175.409233 
75.5966143 45.1183556 
20.6892194 287.235587 
121.819237 242.444408 
7.38390944 252.583525 
95.9217356 141.502357 
110.121432 153.284548 
97.7976005 114.097693 
203.184282 7.49759824 
207.365054 104.582647 
148.22375 100.981072 
298.317944 73.0506252 
73.2682058 311.861415 
56.8515584 304.860717 
255.8927 100.25634 
270.398952 49.6069672 
31.1012253 326.888382 
75.853677 119.467421 
26.1691265 79.2390824 
106.540934 257.740522 
56.1604962 147.093066 
174.605502 200.539463 
75.7279429 131.031896 
71.9255182 257.741604 
176.417571 1.93520149 
9.37684292 216.666113 
103.048503 189.279535 
45.3371412 173.771751 
172.824874 75.0901789 
24.3455392 154.270114 
88.6759785 79.9910506 
233.238541 119.996573 
320.797546 105.114829 
62.0959084 282.828838 
341.812571 57.8886543 
177.614113 170.135669 
314.761429 5.97761869 
305.471879 24.7160374 
272.777357 30.3125211 
154.183596 101.792133 
21.9431689 71.084095 
204.173695 160.747998 
178.967189 25.9270152 
17.8620442 356.62839 
42.0693762 244.663139 
302.112474 26.4174569 
97.3078955 159.704288 
109.386491 91.0672399 
13.8464031 133.644909 
4.79214 0.504178 
70.2439 1.33304 
17.0561 6.83208 
39.2485 7.08619 
36.4394 5.00506 
114.535 8.20741 
71.2404 4.65934 
6.63724 2.79211 
42.4946 9.53359 
10.8965 6.64897 
18.5656 4.55676 
13.0211 3.62201 
5.20172 2.5199 
2.60174 0.914387 
3.64027 3.18643 
5.08835 3.54074 
0.889445 0.458118 
9.24286 6.96922 
3.89595 4.28178 
12.0771 16.5536 
2.85019 1.41807 
4.28079 0.830794 
3.10323 2.59321 
1.04207 1.57367 
2.04115 2.5087 
7.94885 8.47295 
8.19249 10.7769 
3.90449 8.44071 
1.37105 2.66992 
10.1488 18.2507 
3.1652 5.60992 
1.15279 3.10476 
5.664 32.9096 
7.62284 53.5351 
7.2639 24.0082 
66.6140158 83.0569661 
198.180957 70.7702219 
18.6447597 67.8674533 
30.7577639 276.183114 
267.176506 1.52395235 
64.2348956 130.969506 
221.278429 55.4583891 
82.0649109 220.219316 
201.007122 102.046592 
76.318281 194.119966 
84.8502445 128.979417 
1.71094412 131.85985 
208.351523 4.43449442 
129.98483 184.310042 
149.236181 209.262933 
66.6011398 72.4701656 
309.338767 50.6063737 
71.3393444 151.605254 
289.494527 29.7535593 
99.1749162 122.494015 
58.368305 222.312162 
223.11435 64.0661 
285.29186 35.8704383 
78.4333151 31.5160614 
53.9578019 346.30686 
320.292429 47.6681246 
102.574427 90.1235073 
32.3214277 154.468328 
92.1504884 175.425507 
16.3003299 225.028807 
207.645706 127.478232 
77.085441 181.055124 
66.0424622 105.77747 
283.099037 193.589894 
45.5218881 1.96691116 
115.764353 24.1866368 
299.354105 74.0733855 
182.097723 203.178977 
127.759183 128.91278 
10.4611279 273.819441 
189.925686 105.045103 
6.41274719 277.078271 
175.787959 83.6653264 
30.5355735 310.677237 
208.459356 37.9605202 
323.494944 20.0397781 
47.071645 339.690897 
134.58024 129.11428 
132.697856 99.1696054 
248.090907 21.8612252 
14.2368606 85.6490585 
196.345529 104.778382 
42.1935653 212.522598 
299.990814 102.962797 
62.7063028 178.946868 
81.4555112 254.722864 
81.9696918 143.10538 
78.0321658 322.495729 
328.341964 22.2515007 
208.856615 163.681461 
200.278822 170.95617 
229.932426 69.3468834 
158.439395 65.619482 
14.5798802 257.868694 
144.231759 90.8523424 
59.6833 6.47209 
58.2387 4.60115 
135.638 14.3735 
10.7441 2.44782 
17.9231 3.55897 
37.2713 11.0082 
48.6262 7.54228 
14.2463 4.69808 
19.7781 5.32725 
1.51005 0.66578 
9.30171 3.68832 
11.7968 4.24252 
6.71525 4.11366 
8.82751 4.42038 
10.7516 5.21441 
1.409 1.05953 
7.14688 2.95872 
2.22016 2.17951 
7.50468 4.04813 
8.39302 6.9437 
2.48163 2.67682 
9.89147 5.20514 
4.20179 4.61471 
5.2962 5.29384 
2.43856 2.30127 
0.897045 1.2632 
4.78667 6.21157 
5.84068 12.9005 
10.9714 26.0321 
3.91344 7.53694 
0.64396 1.78726 
0.800056 1.56371 
6.63649 30.5219 
3.21282 7.49083 
5.19954 21.7638 
102.067928 123.076943 
136.641025 63.0888418 
117.808809 244.305429 
43.2582309 224.28211 
253.700689 27.5153936 
51.1282637 44.8694105 
87.1065047 115.128556 
88.6304307 219.788482 
155.2771 225.572037 
168.262828 117.460539 
222.889895 138.911081 
7.62796267 239.780709 
17.3505245 232.155193 
69.5491599 324.203481 
223.80896 9.06970903 
114.970145 31.8819924 
1.11234972 184.5217 
216.956626 67.1242061 
53.6943993 315.478951 
241.897138 99.4193016 
119.22206 279.552436 
197.043624 15.9555819 
229.327014 32.2732943 
13.2133304 245.73059 
226.640993 117.359252 
27.3937781 290.231228 
192.86914 128.245809 
94.3535175 72.6007065 
32.1606547 209.576634 
137.330892 214.796803 
44.1127122 96.0000891 
262.851664 65.2861491 
233.20647 44.8623837 
210.170243 80.0549893 
121.263197 124.215353 
390.488295 12.3500171 
165.200156 158.799178 
90.4588435 156.945112 
74.3673616 60.9783547 
93.1707686 0.135996953 
194.829741 107.467557 
219.42484 108.446686 
95.5997724 124.44227 
319.877118 71.0183381 
72.925468 215.063455 
306.271649 55.1814816 
59.737991 248.165275 
121.652221 140.823447 
205.748933 11.857509 
148.861404 112.131819 
58.1608645 193.480091 
137.983244 143.677799 
275.109354 73.750023 
312.034714 37.8808426 
190.73867 84.329856 
174.58807 57.2347277 
19.0167466 161.925169 
129.182347 245.623499 
82.653463 140.870305 
213.718874 21.6431293 
38.9905022 105.787955 
58.2396577 195.703976 
35.983497 289.843838 
65.9495672 252.813 
3.06284473 138.950797 
4.96712 0.591078 
45.2081 3.37234 
87.7726 4.72868 
30.1788 5.44068 
54.8218 5.60955 
83.8964 3.24553 
71.7897 6.13511 
10.6914 3.532 
15.1579 3.36082 
15.0811 3.85209 
15.1527 4.07417 
34.586 9.58955 
1.81198 0.96739 
1.20261 0.455138 
8.0289 3.66436 
3.35858 2.10176 
2.90976 2.03193 
4.04171 3.3582 
4.25806 3.40346 
3.47751 1.99552 
3.71966 2.26656 
5.64278 2.60987 
4.80933 3.94742 
1.0677 1.12158 
5.18328 6.32004 
0.757301 0.755911 
8.55137 9.44544 
2.33086 4.96292 
1.32699 3.48666 
4.43882 8.24746 
1.95199 3.62403 
6.55717 15.6649 
6.66325 24.1765 
4.21591 22.3311 
7.0693 33.2203 
174.18426 216.160017 
273.692646 149.471199 
150.987567 154.982886 
194.237513 44.3373068 
194.101124 128.973913 
14.2494181 222.579128 
207.340161 69.4722878 
116.455848 89.9184027 
71.5411535 173.8839 
167.160349 45.9499515 
312.112401 8.19757314 
142.265215 153.731289 
107.78036 52.4680537 
185.782992 49.4890478 
45.9568476 163.563524 
323.561607 19.8992474 
109.628797 23.1226327 
11.3381105 158.276967 
369.999464 42.0515822 
80.9453873 158.150181 
64.6419682 365.551942 
11.36214 371.843747 
80.2287171 92.2943281 
214.479961 36.5914059 
53.9586469 216.528069 
3.76611676 267.611428 
147.37512 106.79063 
167.874646 260.742421 
168.46438 280.042249 
133.332842 56.9127003 
8.75203709 270.858158 
35.2718803 116.277257 
171.600202 22.9238316 
81.4295859 104.357586 
156.747545 48.5046937 
370.134339 32.0744151 
124.975866 216.495305 
245.182263 134.355838 
91.9496923 265.343191 
143.049959 209.304917 
104.184073 138.155628 
71.8902203 198.558774 
141.265538 86.8431098 
10.7216097 39.3818684 
216.800055 8.70599944 
38.8565314 417.398121 
230.989832 46.203862 
241.280665 35.210152 
28.3926372 125.602481 
183.339849 75.4089589 
65.9914585 147.569437 
31.0334271 238.542902 
30.926351 284.354506 
39.4862197 211.916565 
166.619327 2.5183334 
149.582953 137.01133 
268.796349 189.795746 
219.652122 103.527506 
178.041433 158.849849 
73.3485159 176.187758 
70.9924754 145.329141 
149.185301 124.189291 
86.2157328 31.7993758 
137.394765 10.5579771 
33.3696952 213.581421 
33.5469 5.00723 
54.1892 3.23402 
8.52626 3.17209 
28.743 5.11059 
31.9405 3.85991 
89.5879 9.9168 
157.198 12.7277 
10.2451 4.9875 
6.41117 1.8584 
15.5059 10.1987 
26.1268 6.28408 
8.89513 4.89483 
17.1621 7.26645 
4.46787 4.08318 
1.22671 0.960538 
3.12406 1.33614 
5.66091 4.36242 
12.1493 8.78255 
2.2708 2.5267 
1.88005 2.49039 
3.56291 5.19244 
1.53087 1.59587 
3.70896 6.18902 
1.54842 1.57082 
7.33385 8.40067 
3.71679 4.65878 
4.72129 6.02336 
10.5077 25.3316 
8.62369 22.1203 
4.05555 9.47122 
9.791 18.167 
2.44046 4.0086 
2.25307 13.7303 
6.07467 23.1924 
7.1767 36.7948 
108.98791 122.955214 
238.438065 143.179169 
5.72077811 405.979285 
129.987366 260.714522 
47.4099907 49.4160985 
54.4394196 207.908824 
273.967547 23.008918 
5.23117234 266.495444 
176.79898 118.891027 
113.755956 136.779908 
209.161207 53.3022891 
144.314545 193.674589 
191.775772 80.3176365 
65.8470263 48.4613725 
27.0031124 162.024286 
150.488151 146.875373 
230.024183 196.896493 
25.8863249 316.257705 
237.573284 27.6023011 
99.4202456 88.5278433 
72.8929771 250.777289 
284.610513 95.3070091 
295.166532 14.9615951 
291.639243 84.5093095 
25.0248975 208.833028 
115.549943 60.7382465 
111.789448 163.178435 
31.9160772 90.3956142 
210.681934 65.1658749 
58.3776879 188.641244 
193.529898 253.372262 
30.0344907 302.078328 
50.8743646 270.863257 
20.3641855 165.59553 
122.114379 187.67415 
169.361385 32.1416936 
108.985952 177.917483 
8.43257228 215.977874 
193.643968 147.835032 
162.2995 28.8064239 
207.079083 92.8100445 
407.615711 30.6968372 
114.227776 217.143039 
113.991877 66.0584078 
226.565182 8.76531191 
37.7773608 152.299205 
34.8767679 229.800989 
64.3464508 163.769815 
218.913798 85.3446954 
39.4174698 186.142333 
9.92410223 183.39658 
102.582525 248.038062 
135.755722 293.00225 
69.9500946 120.229324 
103.371438 51.6481299 
256.194272 96.4107357 
188.16386 123.376623 
120.604236 0.039193035 
213.67227 3.84558812 
143.224687 18.841717 
235.472374 37.2558093 
92.3592318 257.039907 
160.854725 154.813145 
156.74498 35.4844934 
170.736802 41.2388824 
10.7558 1.22833 
32.8961 5.87597 
26.355 6.18178 
54.6944 10.7793 
59.1397 4.65107 
27.5751 3.74407 
12.5516 4.62502 
6.05846 2.36096 
20.0176 6.19122 
17.4745 4.64615 
12.0912 5.58629 
38.0247 5.82477 
1.26516 0.841844 
1.43891 0.731625 
5.91354 2.69489 
2.06351 1.08499 
7.77319 4.52705 
2.94752 2.30885 
5.93748 3.74038 
5.38474 2.9758 
5.86911 4.41696 
3.41482 1.56172 
3.58822 4.24379 
1.73429 1.80671 
1.64043 2.25259 
2.16788 1.81461 
4.27657 4.66066 
6.39018 14.1755 
6.07622 11.5464 
5.09575 8.49391 
0.866 1.24532 
4.63016 7.76362 
1.85323 11.4459 
3.78597 14.6631 
0.457742 1.49587 
172.601867 200.365789 
268.001914 188.204688 
226.323033 41.4750183 
26.4766683 273.282586 
14.1552461 305.950248 
23.391966 210.714085 
124.08339 19.3301023 
80.0473371 267.670058 
95.8697685 167.228669 
47.5064869 221.765583 
194.768495 181.203939 
105.716983 87.2281628 
94.7897406 135.690852 
122.578198 191.312746 
137.962654 3.59437945 
132.208631 30.5008632 
307.922569 126.01358 
352.084067 26.6783916 
162.390683 139.25177 
47.2826838 367.180001 
150.096284 243.983344 
92.9515042 112.290546 
221.577299 231.88022 
73.8406814 294.974577 
185.993774 83.7354878 
19.5717511 55.0392691 
173.879097 89.6020317 
56.0211478 40.8698751 
115.460067 221.702434 
43.6537777 221.893379 
85.1157481 47.6724879 
158.393709 48.1495493 
37.3222409 28.8862371 
152.741333 155.294184 
233.210406 19.7648769 
90.7386666 212.765344 
181.044215 90.9452743 
474.00108 0.156611421 
13.932282 61.2009164 
140.011696 37.5424862 
17.3120053 234.549682 
7.56425406 285.440158 
31.2892626 211.183992 
58.6938218 22.4064588 
102.586255 308.811298 
163.354604 45.324411 
42.4665642 236.113319 
271.587078 13.9663255 
157.897774 26.9191214 
78.3913238 196.059143 
1.187119 310.57352 
148.483113 193.645221 
58.8056246 181.598917 
150.262142 5.77678999 
154.386377 101.515563 
296.580944 61.8457029 
359.351458 48.672457 
17.8166691 319.568322 
75.6123047 165.494523 
135.061082 47.187527 
98.4955497 204.546869 
136.726842 56.996437 
247.10861 27.1977694 
207.640998 126.685227 
115.586893 154.874676 
5.01251 0.474222 
69.7156 10.387 
31.7858 5.81143 
85.4871 11.8769 
33.3683 7.38179 
7.39529 2.50892 
52.5444 3.97663 
1.43507 0.771605 
28.1029 7.62384 
10.0585 2.97394 
8.25049 1.9167 
4.67874 1.95022 
7.53062 2.68961 
2.25968 1.8551 
7.70651 4.28037 
8.45893 5.80068 
3.57727 1.73595 
0.728997 0.769902 
1.49204 1.03619 
1.89806 1.00634 
2.83942 1.85757 
0.700266 0.531599 
12.0984 15.2257 
6.70027 9.62396 
1.8905 2.98729 
4.58121 6.37841 
1.88725 3.78459 
11.1429 29.8498 
8.7096 17.6882 
7.38541 12.9725 
5.1672 12.4262 
2.6216 11.0894 
7.67218 46.6859 
2.59006 16.5872 
10.6391 108.522 
126.400629 133.448786 
142.739999 116.737646 
4.67820362 348.106076 
142.170681 58.0623188 
219.310036 75.9148403 
137.014714 81.3392372 
225.792718 100.451522 
81.8891931 349.90854 
37.8391607 435.582081 
23.580658 205.637182 
68.2278162 326.405293 
64.5656623 247.06672 
280.086316 27.2627158 
225.814737 8.49518357 
74.3672349 181.032341 
38.6349871 225.570937 
318.125806 85.404114 
41.0049933 265.123552 
3.14060628 167.097004 
68.2063112 164.174461 
141.079789 225.532879 
33.5499453 171.449928 
14.5391075 395.741718 
227.781103 154.580016 
145.990956 291.830934 
29.3533207 96.4496432 
221.885298 32.567673 
221.617335 68.1385879 
189.392961 145.926784 
103.488029 139.753419 
140.704996 90.3247616 
92.2099794 6.20577355 
248.42215 54.199242 
219.525053 197.329727 
129.426439 144.045733 
24.6292247 179.163212 
139.441248 51.9475291 
81.4800801 23.9612134 
304.784435 37.8950152 
121.900477 178.161908 
62.7091238 187.588405 
309.222489 53.5681731 
52.2921004 146.76512 
14.268163 226.06502 
20.7867266 281.53445 
81.6432041 0.595857755 
170.634765 124.797675 
21.2071531 25.8456374 
86.3503088 139.079927 
109.619447 142.983315 
97.7318081 216.842606 
145.81583 261.384032 
294.817663 34.0307997 
194.79783 93.5663635 
112.476467 6.98666963 
103.062565 57.9153082 
88.0635014 161.209926 
195.255722 187.486297 
273.362595 4.74692971 
139.276949 61.4851267 
319.878932 64.1377833 
244.014555 60.3691807 
51.4624268 180.681238 
84.8163228 45.6006545 
72.4194777 71.3481083 
74.9463 13.5858 
30.6217 4.24716 
26.2818 5.61252 
55.6937 8.53729 
16.8886 6.20183 
18.5373 5.29712 
84.8396 11.5133 
5.52614 2.53773 
35.9021 7.7809 
23.8681 13.8185 
35.8093 14.2627 
16.5595 7.35808 
12.6948 5.51364 
4.39529 2.89626 
15.3694 7.41549 
5.19066 2.00615 
3.54812 1.27996 
3.0149 2.58789 
7.03669 4.1605 
2.51604 2.39884 
3.98667 2.96171 
4.2802 3.40795 
6.35673 7.99513 
3.39989 3.78767 
1.95306 2.01916 
4.78697 2.98065 
6.96469 7.35018 
3.8871 3.27263 
2.83416 6.59998 
3.26301 5.68172 
10.9792 22.7038 
2.40298 3.62612 
2.74711 13.7701 
5.32797 19.3507 
3.81797 14.9913 
161.81234 175.769988 
159.61186 151.672222 
21.7955095 98.3588936 
154.798222 272.236963 
195.950444 232.938512 
49.8581541 307.105003 
134.928239 133.001533 
122.974042 268.614098 
136.36741 1.11164426 
163.46573 19.5614812 
20.8757812 190.314427 
210.321804 82.965088 
15.1448518 216.506883 
60.6092281 70.0501507 
146.433458 108.145119 
66.5241423 258.216024 
47.7532075 136.289927 
67.9403343 190.692442 
12.7817551 270.621972 
15.8952909 178.533173 
256.692146 34.8461813 
111.279709 170.254214 
53.841601 219.914668 
173.539205 105.300713 
162.523485 127.083779 
29.3284963 220.884466 
139.297445 125.210446 
274.830995 77.1722948 
247.838518 111.782744 
259.227241 21.2275196 
94.7084227 62.3116415 
384.258459 88.830525 
114.790068 78.4542854 
137.987159 49.8944155 
13.8425886 280.274771 
176.867133 147.48383 
219.729079 95.7610249 
14.4608982 76.672759 
169.916036 84.5796772 
180.788828 60.2629516 
226.323837 36.5185156 
116.212252 10.3013313 
308.937866 80.843064 
244.959449 77.1823272 
117.649672 160.758983 
369.403094 58.0123155 
112.010508 3.26852177 
191.529786 109.489968 
62.294663 100.278119 
69.9334547 143.939963 
242.275593 54.1147463 
110.301794 21.7985505 
55.1380122 193.50394 
99.2184823 319.894857 
284.403624 18.0042703 
88.335483 162.771421 
100.154863 254.50792 
79.7468351 104.496017 
68.2262612 98.3987096 
8.1169753 270.192551 
55.706963 359.21314 
241.303155 125.616354 
101.108735 241.338579 
1.13090609 130.115776 
357.491468 12.2440675 
2.85395 0.580412 
39.5435 3.10609 
34.0553 4.06934 
27.7236 8.75212 
78.8623 7.74068 
120.461 9.78342 
36.9133 6.08762 
8.12017 3.53638 
5.35973 1.53648 
26.193 7.21538 
28.2119 7.02109 
23.0282 5.43753 
4.77137 2.42293 
6.31743 3.62103 
9.59617 3.45591 
18.6602 6.8347 
9.88868 4.41529 
2.66497 2.22209 
7.62563 5.16883 
2.84899 2.02742 
6.56786 2.78731 
1.31338 0.850868 
9.93366 12.1585 
2.57283 3.58387 
7.31921 9.21904 
4.06986 4.32966 
7.17858 10.7717 
5.32539 11.7006 
3.39002 7.57254 
10.0779 25.6149 
7.52922 13.698 
8.89785 17.5338 
10.4799 41.4022 
5.55503 26.6417 
4.21726 27.118 
172.247439 170.202789 
139.591134 144.832776 
84.3371356 168.058726 
194.34291 0.0817284194 
11.5381463 62.6544166 
83.2352302 285.587274 
276.759166 23.8970884 
39.6899011 222.182672 
177.741433 42.1758083 
157.19069 180.781921 
206.0799 66.9338999 
275.32862 123.571939 
110.556992 24.898959 
49.5403951 136.512545 
59.3595531 183.307446 
134.79187 110.501385 
245.97299 150.888521 
22.5463084 313.11979 
206.641779 80.1000311 
96.3535611 55.7754978 
183.310332 65.2999505 
68.1241742 129.925338 
119.270639 211.328609 
317.197612 37.1538732 
43.7037816 203.27408 
182.781536 99.7044589 
13.9635416 256.392235 
56.1449652 217.371293 
266.327148 11.7050652 
32.8669511 76.9639588 
353.955715 68.688075 
102.253383 35.3232025 
184.441937 121.656281 
163.035861 233.673005 
197.790737 27.9838738 
7.43587815 204.623771 
23.3417175 236.864942 
153.221105 202.302154 
209.884678 280.307647 
26.8084556 242.477995 
59.3669158 251.947184 
222.554504 11.7644135 
268.008395 17.6037615 
163.841291 83.4760611 
114.494445 172.84114 
116.327284 50.0651162 
86.9338936 141.675856 
79.5234722 236.971043 
40.0997034 101.751298 
0.910895472 233.108906 
198.503587 232.858944 
5.33744591 313.051816 
57.1316803 121.339013 
160.70852 140.875248 
187.010463 136.548479 
35.8725376 234.787623 
199.879924 5.00202405 
92.5667864 89.0062759 
136.806253 34.5735217 
39.0918916 316.826517 
175.87818 136.371545 
350.284289 47.9009705 
261.694274 47.295097 
153.960352 105.691117 
190.889486 54.1917197 
12.6789 1.21753 
70.9015 3.48211 
42.1646 12.7058 
32.0797 10.4465 
115.318 10.7742 
25.5041 4.50262 
40.3897 6.44431 
5.26678 1.91228 
4.45037 3.58366 
31.095 11.836 
20.8926 4.83084 
18.8878 3.96974 
7.48965 3.70853 
6.65174 1.746 
13.704 4.44775 
2.82993 2.87984 
1.9765 0.506534 
6.12135 7.94075 
1.9509 1.30259 
3.69391 2.58211 
0.936478 0.282453 
2.9105 1.67445 
2.54896 3.49024 
1.27296 2.48107 
3.06242 2.98156 
9.08746 13.6818 
1.26664 2.23445 
5.65743 13.2458 
3.60483 6.86186 
2.37705 3.23153 
0.919091 0.982186 
4.98009 10.9477 
4.60579 33.2445 
8.78477 39.0161 
5.18851 105.456 
174.326159 177.226912 
125.484071 151.257961 
272.194252 141.884728 
260.78959 59.9937275 
285.70545 11.49732 
132.737335 88.1841337 
75.4153502 127.405918 
45.5885552 350.466266 
176.352154 48.2612221 
132.444672 199.415181 
279.846115 27.5329553 
3.49854262 295.132568 
198.874293 111.823474 
169.196077 193.401962 
56.5316842 216.748685 
61.9828934 81.5571001 
131.507909 97.1274952 
114.22871 50.3624578 
165.089713 0.00019620051 
291.113115 59.1838099 
363.835945 21.4369123 
109.4232 39.1685114 
303.678286 9.15141245 
14.708027 149.121703 
128.130512 304.036652 
46.4599104 207.015625 
320.470866 41.8502139 
85.269355 28.7480224 
125.799216 8.80168725 
37.5144134 252.153241 
60.2195432 53.4487057 
270.096926 41.5437915 
202.653909 64.5478915 
34.9190353 213.341104 
36.6886031 341.476525 
43.4051071 219.388367 
60.7279867 213.860918 
139.114282 129.662977 
100.140632 218.797447 
53.0498665 74.3236586 
6.89394154 119.869589 
80.1038943 146.503159 
15.0713259 183.470821 
194.682582 88.6190771 
361.4235 145.765816 
174.739487 107.208859 
229.932585 26.5081305 
85.5161337 208.116846 
329.965405 93.9641394 
3.14466922 87.8318324 
227.076774 176.373369 
123.295728 245.813744 
214.836971 46.620058 
176.942931 145.854341 
6.37647152 330.868323 
64.19059 210.151998 
111.043219 120.064894 
49.596674 84.9001445 
64.0273781 181.551328 
170.26808 86.9824371 
62.3118188 174.445927 
181.839018 124.732272 
175.608539 28.6038357 
73.2826982 297.831716 
68.4017757 97.4612786 
20.122 2.62177 
154.557 2.4881 
44.8533 4.49656 
30.3501 6.9622 
28.487 2.78825 
44.234 7.19262 
71.6624 10.4739 
5.21347 1.83258 
21.126 6.86675 
5.87604 1.62581 
11.5712 2.56328 
6.17167 3.01025 
4.1 1.83943 
13.8226 6.99997 
2.50453 0.708026 
2.72954 0.942886 
9.42705 4.10111 
2.77028 0.936521 
1.45351 1.17515 
1.03802 0.653315 
4.90777 2.68967 
8.38067 6.37403 
11.8438 16.3493 
2.44023 2.52789 
4.223 4.5633 
4.03154 3.60146 
5.19162 4.32246 
3.21099 7.11727 
4.21004 7.8826 
2.62694 7.50185 
2.95324 6.73816 
1.26353 2.14939 
6.06669 80.8931 
3.52896 17.9191 
9.68902 66.9568 
162.966261 150.712312 
166.76332 249.420192 
86.5107586 42.5295888 
96.912286 257.107217 
150.872288 101.024832 
155.021977 135.240559 
156.254175 151.896463 
143.492186 148.531187 
335.918523 7.42759743 
284.836303 9.09879446 
13.2921959 219.147654 
202.522509 171.372498 
280.106585 36.1706055 
34.9426764 21.4131179 
48.7554714 262.046157 
34.9321061 109.139379 
360.405749 32.8140975 
2.95009217 121.511816 
209.477848 39.0120983 
88.297032 144.81493 
143.784668 31.2264992 
273.453809 22.6126717 
230.263973 73.3082252 
44.3508019 160.603613 
234.45233 25.4959616 
35.1927538 220.452593 
16.2307441 99.1064239 
83.5411745 126.355966 
128.712641 169.669859 
194.057402 1.83206215 
138.758076 154.618988 
148.506997 177.984413 
26.2064418 260.556443 
109.723914 151.727154 
72.3285148 278.126943 
11.2378766 234.429322 
202.051119 130.485471 
82.8901612 196.011569 
55.5129009 160.204772 
0.792147909 310.787771 
223.289274 80.8739014 
176.412635 140.831972 
169.509743 59.351708 
168.957762 38.6882244 
23.850661 318.035896 
152.701093 111.161989 
21.3383245 194.620617 
30.4518984 245.696153 
161.765458 285.998336 
73.9708721 317.657668 
174.459041 73.8845591 
437.562333 28.5544756 
47.8106449 104.369236 
40.984348 77.8542835 
97.4780523 248.235283 
138.724876 65.4478548 
196.843378 30.576897 
11.7785375 56.1309151 
231.875458 93.1126098 
354.84359 62.6511813 
146.773074 82.8747874 
248.955075 69.391498 
282.002323 73.7335279 
96.9695997 191.817545 
150.753738 78.9451531 
22.8474 2.00771 
67.9956 3.66793 
17.688 3.5111 
38.161 5.91425 
76.6526 0.616395 
34.2268 8.63712 
50.5035 3.67191 
11.9487 3.792 
12.5371 4.54232 
15.3296 5.62455 
4.13173 1.20575 
10.8484 5.02878 
13.2512 6.8431 
4.28877 1.46646 
1.86137 0.920369 
1.67974 1.17535 
5.06633 3.08172 
3.53297 1.95819 
1.69558 1.36785 
8.07517 5.3713 
2.68086 1.94571 
1.69852 1.79214 
4.61125 6.35764 
1.61188 1.58132 
9.37474 12.5082 
1.69087 2.55553 
0.991487 0.773929 
4.12214 9.95987 
3.44967 7.04015 
5.67164 9.25306 
3.28556 7.59162 
0.666619 1.91908 
6.5201 36.9137 
4.16565 26.2094 
8.75311 26.8003 
107.840893 102.612515 
124.96271 204.990067 
134.532522 25.9019174 
36.9431133 135.969942 
186.551341 341.877036 
82.2064569 268.259703 
159.210618 59.7935541 
80.1784288 285.372026 
119.285914 48.2273823 
118.259837 57.3228916 
171.564571 168.925624 
3.85564316 225.921734 
100.021948 207.554005 
239.517468 62.6814598 
347.890366 74.8243782 
287.616765 19.8533286 
0.0769253872 381.013598 
167.508831 151.865729 
61.2298605 266.129428 
218.497157 1.35848773 
189.730254 21.0155521 
83.8540442 175.890593 
191.250082 258.446393 
93.4063896 245.639477 
112.419653 81.7780185 
176.67447 57.1297539 
100.440026 78.2356546 
107.461379 164.721164 
247.275923 140.068406 
302.488835 5.77046822 
329.944513 48.1048384 
8.00233067 148.184036 
131.253678 238.428979 
260.161201 46.5968493 
181.215623 94.7665344 
205.080933 167.359753 
31.7683567 251.879872 
150.49216 95.2687181 
43.9422984 18.2092002 
318.869498 18.5869392 
44.6738454 57.2841195 
31.290031 168.351011 
146.965661 89.0763976 
29.6290363 194.651765 
45.9184488 104.110704 
54.116965 335.213842 
112.695137 121.819764 
207.867318 145.307494 
243.35595 69.7714985 
24.2970118 244.978554 
14.1593423 119.408218 
139.153705 161.414363 
38.993935 17.7175401 
29.4668496 144.277981 
158.323672 15.2572367 
302.646873 38.5400869 
284.776238 99.6215689 
99.5097547 303.616811 
154.955478 7.47165192 
150.055707 221.031861 
51.167755 133.520893 
15.0795246 188.479359 
129.590084 152.381943 
236.603372 54.8493549 
11.6609731 243.264239 
10.6741 0.732448 
67.4015 0.0374699 
30.4278 6.99726 
29.3732 3.28593 
92.4601 12.6737 
71.6441 7.1369 
34.3727 3.76823 
6.87137 2.18065 
5.67433 1.08165 
10.9093 3.78494 
25.7834 3.50981 
26.5416 5.73087 
5.66834 3.16295 
4.04866 1.87883 
17.2517 8.8579 
12.6481 4.23824 
10.4186 4.19978 
7.61085 4.67633 
1.14418 0.974623 
1.1317 0.641036 
5.48448 4.10385 
1.90921 1.28878 
1.61767 2.63133 
3.8675 4.58501 
7.78875 8.41601 
4.35667 3.8498 
5.73381 8.27701 
3.65708 9.25447 
5.51218 11.0936 
4.52668 9.95546 
4.91324 9.76003 
2.16762 4.62641 
4.41918 45.498 
2.00544 10.9438 
5.44278 21.2784 
169.561717 146.737573 
130.658601 252.081386 
1.76921379 262.828511 
114.932497 72.1849404 
159.250424 50.1126187 
83.7149559 68.4873953 
240.915286 101.343184 
304.991924 78.5860468 
172.28081 213.611527 
162.223587 156.178271 
115.759167 27.9552234 
125.810408 227.817369 
79.3042565 56.5398118 
158.122164 196.690475 
84.4215017 261.915027 
234.000697 107.069774 
26.2749248 176.742533 
153.233585 8.10257219 
147.317976 213.530528 
88.2843214 60.4953364 
139.913014 17.1447928 
42.6324003 112.435006 
25.7438593 231.621833 
307.904285 64.7960807 
40.4997906 247.893363 
99.4208056 36.5151693 
18.016819 219.396121 
84.5794483 218.020919 
52.79778 198.547092 
212.927693 86.7772594 
118.132802 198.21554 
154.020962 93.4895358 
306.500768 24.7498032 
149.563072 81.6869333 
126.820582 71.7956852 
107.380108 224.33284 
53.1327545 158.233044 
5.80404152 231.4497 
42.5281205 190.811253 
312.491874 3.70562829 
79.0437026 104.456925 
11.6350964 254.852666 
150.041908 170.42782 
279.535961 26.2528995 
213.556034 58.8037066 
111.255182 86.6882502 
50.4716254 255.695132 
202.691349 6.09539467 
279.115393 29.590269 
168.732563 81.053781 
253.262513 11.5235404 
81.0563442 280.335983 
146.139416 150.158357 
295.923082 42.6087588 
117.865673 255.039686 
237.808284 80.5564559 
43.9214115 181.761751 
236.909083 43.0499107 
118.979361 187.921946 
22.8087595 177.128875 
96.9842091 230.272078 
161.222811 176.219491 
291.005653 55.1247205 
24.5969074 278.867886 
6.14046192 112.037849 
6.4194 5.0674e-05 
73.8211 8.52763 
19.2331 2.91399 
21.3232 3.54566 
35.8175 4.92675 
53.5666 2.83191 
42.1629 3.93399 
12.8076 4.4231 
11.2815 1.84914 
2.78297 0.7541 
27.4677 6.5925 
18.6042 3.20821 
5.43653 1.23554 
3.64848 0.561042 
1.14603 0.572729 
4.97842 2.03569 
2.766 0.895221 
6.38418 4.61564 
1.53126 0.943971 
2.278 1.60698 
15.4113 11.0943 
2.07597 1.74956 
5.82448 7.13439 
4.68418 4.28572 
4.2926 4.64762 
1.76618 2.00453 
1.3176 1.29088 
6.8745 13.4059 
2.11294 4.82253 
5.29522 7.41602 
6.54696 12.9638 
1.27786 1.93917 
0.687983 3.02457 
10.5788 39.0283 
0.654023 5.28988 
218.719905 194.763481 
93.8292695 199.929367 
25.9988933 122.717929 
78.5868544 346.203197 
203.446444 83.0011277 
99.0865422 100.415148 
220.695824 75.6201901 
75.5455606 261.492637 
37.0631466 233.560262 
334.391302 78.0386865 
205.061531 34.3118518 
6.40251381 353.78732 
247.955693 22.7864007 
153.526832 38.6673861 
318.931863 2.790176 
71.2402906 122.263296 
265.258835 38.0114798 
119.326026 43.4322876 
146.776196 106.966604 
108.632169 224.64985 
26.9913136 293.748771 
173.846544 161.590062 
259.449152 131.55219 
274.798176 82.1126808 
157.435586 105.843808 
47.3958463 89.2565929 
64.2268029 48.7474329 
99.2991616 12.9891224 
83.1608187 228.068855 
217.222654 11.2077832 
81.0850374 44.8900867 
45.2862726 176.067674 
93.5382758 281.586984 
9.22141265 72.7479061 
74.2969967 173.623967 
158.845767 181.113425 
227.298998 102.831477 
157.846421 82.9241573 
176.483097 32.7924666 
220.036799 9.16142742 
192.185554 126.830254 
45.7188311 257.543946 
24.3375364 238.919065 
117.080431 99.0579052 
133.572127 224.072931 
3.01464303 318.718731 
12.5561868 303.091833 
76.0828352 44.97563 
107.361569 144.220511 
135.557672 164.407034 
55.566705 138.3647 
107.860762 112.649887 
264.523867 58.543304 
95.4622459 118.583295 
10.5124489 151.489304 
290.034973 34.8133862 
153.742858 231.399166 
60.0557956 193.576243 
175.531454 13.7016378 
325.816231 100.260492 
14.1127699 236.769315 
212.576216 93.2885592 
49.1151572 255.411741 
297.606434 6.9496781 
145.633603 213.534964 
19.1682 1.97463 
73.0832 5.74096 
15.0268 3.61949 
55.4425 8.93327 
72.8076 12.5266 
52.1177 7.94952 
84.1184 15.4977 
3.95852 1.61209 
9.08559 2.95242 
10.1636 5.17655 
22.1147 7.50977 
16.2076 4.58642 
7.29392 4.2501 
11.2579 4.30816 
10.9711 7.758 
10.2162 4.48097 
3.47249 1.67188 
3.33811 2.91662 
2.40657 1.63995 
11.583 5.76706 
1.52517 0.843823 
4.01404 2.9745 
0.561754 0.697122 
0.536595 0.544993 
2.00674 1.8672 
6.63555 8.03101 
4.25098 4.87659 
4.56279 9.51358 
3.82367 8.33866 
5.17406 8.56195 
4.33765 7.1413 
1.84665 5.73129 
4.90904 30.5005 
5.07322 24.9781 
4.22892 22.2156 
58.4747728 47.3375387 
57.465132 158.024288 
28.9485512 55.4602602 
78.0795077 96.9293243 
189.291773 139.416011 
290.527286 71.7783297 
188.982398 7.27396211 
198.832189 119.504643 
12.6278274 274.591413 
281.861243 37.7250661 
48.1886841 168.732912 
106.570256 227.547607 
276.815068 17.0214485 
220.399975 68.0551075 
139.423222 163.531221 
337.669375 37.830732 
62.9857275 101.300259 
139.087435 120.747792 
290.142568 75.5351298 
242.665439 23.6230011 
97.8839728 171.854114 
221.857066 93.5601626 
121.199753 128.314752 
72.8937995 27.2542391 
234.352842 48.4213847 
214.333182 139.568497 
40.8409936 228.513189 
75.6946765 300.932916 
154.47282 88.8637295 
53.2043189 331.835671 
20.8487072 376.656082 
76.7641748 87.2127491 
107.055762 264.305206 
50.0334518 147.451028 
194.984068 39.6391854 
173.513029 59.7750916 
17.8316408 85.6175333 
7.79019543 82.4865084 
159.888672 222.602671 
216.645995 208.380729 
173.940092 90.5311335 
20.0934451 183.717544 
67.6832704 213.110314 
10.3660421 4.63186417 
129.91289 99.6100576 
155.865391 314.014568 
66.6409272 100.628394 
82.6602138 57.8182303 
41.0737619 94.0071492 
29.639456 361.30729 
366.791629 4.18590154 
41.8716163 339.003021 
344.874981 10.8085241 
174.719799 51.1037485 
180.815291 87.5515605 
251.569228 100.20419 
68.0430231 335.341728 
60.8336245 255.97825 
222.3345 32.5848076 
51.6575118 52.1634358 
100.183794 141.278735 
1.98886751 279.445924 
383.418416 31.0617732 
6.73644581 348.172976 
241.116026 41.8975154 
50.9279 3.3448 
98.7948 6.64504 
35.4251 9.78526 
73.7877 9.70463 
21.304 3.09259 
6.8255 4.33546 
47.9954 15.5258 
30.0994 6.23338 
20.8615 5.46506 
22.2191 8.8843 
39.7436 8.83026 
79.6544 13.9745 
10.7374 8.53097 
5.75389 2.81942 
17.2672 9.82051 
15.3004 7.37159 
0.717225 0.86035 
2.23515 2.04021 
4.30525 3.25232 
8.25743 8.56385 
3.4277 3.7909 
11.735 11.0583 
7.96096 10.9343 
4.05876 4.9514 
4.9384 8.3456 
2.09995 4.55058 
6.35861 10.1717 
5.17064 12.2097 
5.10455 10.2937 
6.10351 11.1745 
9.11031 25.1009 
5.82285 10.8388 
13.2822 65.2849 
8.77563 33.7503 
5.02847 39.2378 
136.330651 113.580556 
79.5621852 245.572775 
157.282623 160.006914 
174.367477 193.066137 
61.6526771 384.191633 
348.084393 92.7060083 
182.303761 75.0940619 
73.4532742 292.825601 
191.138118 167.611433 
75.6239111 114.39617 
69.9408947 87.8295169 
237.599358 35.839316 
186.45435 33.7458688 
287.933841 0.935631374 
54.8456174 132.283337 
20.6185425 316.302549 
244.038908 107.854675 
20.7844662 248.723517 
266.517106 51.4599842 
110.082882 118.110151 
125.871335 182.64649 
45.6255489 280.676032 
139.092312 2.18416274 
321.153993 106.429972 
256.999668 57.35035 
195.901495 104.581754 
106.886168 183.897636 
84.5916571 225.877542 
194.526227 8.42973656 
0.633136392 75.277803 
112.790954 10.3182006 
35.0996547 69.6199643 
206.927723 67.2929364 
61.884408 187.998618 
158.701045 257.281207 
181.751043 41.3471336 
109.512663 105.692254 
136.807245 262.983527 
78.1551978 390.446208 
7.38454567 231.17913 
95.341426 240.13654 
221.823367 168.501324 
202.907504 16.5095167 
159.413737 104.054333 
15.5764801 208.323671 
193.287411 24.2721072 
296.968527 112.008633 
147.952883 68.9733796 
201.400199 110.512863 
335.987092 39.0886776 
126.420327 77.6136494 
217.373482 59.8546878 
41.6045642 172.986824 
42.1630518 153.424386 
26.1448448 232.561607 
54.8990358 119.046874 
25.4727646 193.054302 
4.16284185 237.132888 
24.6920396 111.543549 
139.025085 171.532941 
169.990345 125.745713 
82.4504833 56.8009221 
53.8378275 71.236563 
182.553812 87.2064092 
218.57346 11.180065 
2.38801 0.491463 
26.8379 1.18363 
76.1118 9.91884 
29.7422 11.2976 
55.5775 8.38232 
45.3997 5.80925 
36.2031 5.59785 
6.59768 3.78742 
11.8559 3.52677 
4.93482 2.2786 
16.9629 4.01753 
9.56259 2.25013 
10.612 5.74194 
17.674 12.0047 
8.08782 7.0978 
4.86244 1.5606 
6.95046 3.01157 
0.427414 0.328083 
3.20442 3.34336 
4.22559 4.1799 
4.66814 5.52259 
2.7763 2.66932 
7.82876 9.33444 
2.89526 4.86303 
5.12107 5.26057 
4.19906 6.13446 
4.37017 5.89056 
9.65759 21.5545 
3.69614 7.14195 
4.80825 11.971 
1.78649 5.19033 
4.27342 7.88188 
5.15362 23.071 
6.45663 38.5924 
9.2412 39.6006 
153.058226 115.854366 
40.5317884 154.940647 
91.2853447 46.2253107 
32.2100401 302.422922 
59.5720718 92.7509704 
317.853052 53.0278368 
195.796689 29.6147105 
190.306987 228.806713 
4.5469499 234.763571 
189.22006 87.4644267 
155.09984 57.9865272 
126.618517 210.549359 
162.316619 7.66348398 
225.136059 12.1904412 
114.757718 207.942266 
172.289095 108.936824 
22.9515808 152.306962 
138.420532 160.022077 
40.6104513 119.144806 
325.894364 2.61722396 
261.365422 20.0106553 
52.8079398 131.296547 
237.989412 24.2279646 
30.8728442 161.212123 
43.3426322 319.782508 
30.974959 140.180229 
30.4245962 328.598027 
65.2648106 138.455364 
157.330364 87.2520149 
261.464255 23.6574476 
77.6599959 274.046175 
165.990136 157.948787 
276.204355 60.1610302 
140.661545 58.3465199 
137.825826 83.0618331 
60.2931224 346.706722 
95.0072333 176.982171 
125.161007 103.033988 
56.1624849 114.091984 
159.856395 174.245259 
62.8911659 172.220783 
213.525851 184.006686 
136.423375 72.6427263 
286.616303 92.6621493 
62.1955777 274.105679 
349.662786 44.442713 
2.29851815 231.948543 
365.373169 6.82356039 
14.4806331 205.69477 
125.858085 35.915439 
333.507498 61.8145893 
14.6608574 338.257582 
28.293184 92.6681409 
83.4696519 121.206538 
66.5055998 87.931042 
231.762332 54.5625555 
128.947458 169.561122 
189.239916 128.652868 
297.461682 97.1470201 
117.43115 46.7549075 
101.081665 244.111511 
83.4416453 82.0109962 
16.7718669 291.721932 
151.715515 112.944013 
308.765559 80.902517 
22.1987 3.49044 
152.862 6.60928 
102.333 0.829345 
4.35344 1.41552 
47.1719 11.5813 
4.10123 2.03597 
53.9711 6.12067 
8.15938 3.22311 
31.5335 6.86397 
23.0262 5.29487 
7.45269 3.25069 
20.1486 7.06125 
12.1634 6.10936 
11.3586 8.03916 
5.93258 3.02233 
4.47994 2.68221 
0.905667 0.566623 
9.38422 9.10354 
3.0222 3.91512 
6.09128 5.43002 
4.35163 2.49192 
1.15748 0.892206 
5.42349 6.47683 
2.94332 3.29067 
2.96436 4.58214 
6.52894 8.95865 
1.18512 2.23419 
7.98635 17.5975 
9.16685 17.1634 
9.42983 20.4589 
4.05394 7.27816 
6.41367 11.6931 
1.91344 11.2741 
2.15824 59.7053 
12.7093 57.2426 
