-0.436215 4.22445 
0.171843 4.24927 
2.27919 2.13915 
0.795436 3.626 
-2.20394 3.54931 
2.82812 2.88621 
1.72157 3.42863 
1.24786 2.86538 
-0.898498 2.78913 
2.58379 3.07369 
2.40484 3.11964 
-1.12709 4.89839 
-0.365855 3.7565 
0.749045 3.32627 
-3.07038 4.64556 
-1.74723 3.81408 
-2.12341 3.1038 
1.41552 3.44192 
-1.31893 3.44438 
-2.63567 4.30335 
-0.0544334 3.78638 
0.260207 3.00499 
-1.39076 3.08015 
1.89676 1.98714 
1.15719 2.96383 
-1.89486 2.65613 
3.10526 1.33844 
-0.65703 3.55253 
2.00385 3.49132 
0.482099 3.93399 
-2.80992 4.73333 
-2.40163 4.31696 
3.141548 2.394362 
3.105266 0.346124 
3.141583 0.784990 
3.141568 0.682264 
2.959019 1.415856 
3.115358 0.703211 
3.105307 1.753343 
3.128707 0.551172 
3.111173 0.515441 
3.105457 0.729975 
3.068975 1.155935 
3.065295 1.010620 
2.766867 1.976241 
3.141510 1.342485 
3.005214 1.090701 
2.708801 2.700106 
-3.141586 4.015862 
1.896582 2.501175 
2.186666 1.501374 
1.907609 2.494623 
-1.858803 2.436695 
-1.819944 2.617278 
-1.704925 1.722168 
-1.691690 2.018539 
-1.704872 1.600378 
-1.664072 1.736413 
-1.704884 1.790510 
-1.695307 1.579704 
-1.686530 1.675421 
-1.698315 1.473881 
-1.716895 1.838870 
-1.720097 1.893881 
-1.731202 1.891333 
-1.750188 1.988248 
-1.752183 1.734009 
-3.141542 4.575759 
-3.141509 2.663887 
-3.141507 3.426868 
-3.141519 2.393739 
-2.853364 2.322128 
-2.975875 2.857747 
-3.141415 2.079101 
-3.141592 4.051191 
-3.141582 3.795306 
-3.141578 2.871817 
-3.141569 3.822230 
-3.141573 4.335214 
-3.141591 4.348842 
-3.141593 3.063296 
-3.141581 3.990053 
-3.141592 1.755086 
-3.141502 1.279465 
-3.051810 2.127175 
-3.141512 2.785061 
-2.680885 3.106982 
-3.141591 1.360603 
-3.141547 2.296940 
-3.141527 1.359977 
-3.141592 4.191688 
-3.141502 1.199412 
-3.141586 1.882006 
-3.141481 1.170871 
-2.917298 2.653794 
-3.141580 1.222674 
-1.193908 3.496626 
-3.130427 1.446643 
-3.141444 1.431333 
-0.406106 2.364044 
-0.52697 3.0695 
0.53798 3.14684 
1.99883 3.68131 
-2.76983 3.80759 
1.06652 4.07297 
2.63013 3.24997 
2.23865 3.08211 
-1.78546 2.60848 
0.0856188 3.29763 
-1.66215 3.72591 
-1.26985 4.769 
-2.35479 3.93736 
-1.01598 4.1364 
-3.08804 4.12814 
-2.48495 3.5647 
-0.30844 3.86971 
2.76625 4.09787 
-1.98155 4.35693 
3.00031 3.32365 
0.741406 3.25896 
1.86902 3.11353 
-2.7112 3.58485 
1.31549 4.27484 
0.932062 2.70296 
1.51287 3.25882 
-1.44282 3.48975 
2.41284 3.34474 
0.360596 3.32305 
1.71688 3.9052 
-0.133257 3.54443 
-0.752567 4.84869 
-0.976525 3.77866 
-1.785487 2.008823 
-1.785523 2.653893 
-1.835592 2.167359 
-1.645285 2.140831 
-1.775430 1.984648 
-1.753341 2.061179 
-1.933553 2.485491 
-1.775497 1.968789 
-1.777893 1.809187 
-1.777914 1.578618 
-1.777957 1.767680 
-0.527777 3.906482 
-1.777996 2.780718 
-1.775421 1.584327 
-1.777829 1.564943 
-1.771627 1.423309 
-1.771566 2.915923 
-1.771627 1.436891 
-1.771628 2.079181 
3.141592 3.085818 
-1.771557 2.609374 
-1.769935 1.430426 
-1.771559 1.475730 
-1.769935 1.292423 
3.141580 1.113083 
3.141580 1.189853 
3.098975 1.319118 
3.141568 0.581051 
3.141555 0.999918 
3.141530 0.571724 
3.123823 1.290705 
3.123661 0.957814 
3.141342 1.729864 
3.141589 1.731263 
3.123853 2.167536 
2.798793 2.259519 
-2.270214 3.313386 
-1.769766 4.757627 
2.641180 3.077565 
0.418740 3.262510 
-1.769935 1.228246 
-1.769155 1.298526 
-1.769959 1.799782 
-1.769936 1.929887 
-3.141507 2.085351 
-1.769151 1.264285 
-3.141580 2.476443 
-3.141587 1.900455 
-3.141417 2.805358 
-2.983752 2.281551 
-3.141592 2.228806 
-3.141587 2.545968 
-3.114842 2.058515 
-3.141589 1.741385 
-2.629470 3.143202 
-3.141591 1.836370 
-3.141569 4.864275 
-3.141592 2.568181 
-3.141548 1.585657 
-3.141580 1.942376 
-3.141581 3.998170 
-3.141587 1.616421 
-3.141568 4.007618 
-3.141507 2.235805 
-3.141567 4.252488 
-3.141562 4.638639 
-3.141592 3.817722 
-3.141564 3.628082 
-0.421375 3.81959 
0.707766 3.2601 
1.91481 3.37922 
1.40357 2.47493 
-0.966284 2.36755 
-2.38602 4.11525 
-1.48466 2.4506 
0.394242 4.18768 
-2.05762 3.98061 
-1.88037 3.51691 
-1.24147 3.75882 
2.89705 3.0874 
-2.31868 4.76383 
-0.249244 4.03076 
-1.70317 4.09514 
-2.69432 3.91993 
-3.00908 2.53484 
2.38913 3.0645 
0.0532332 3.42031 
-0.0244667 3.84639 
-1.07023 4.08514 
2.01562 2.9978 
2.18621 2.50589 
3.02252 3.22697 
0.328791 2.73455 
-0.597151 4.08348 
-2.94285 4.09156 
1.69534 3.28481 
1.14538 2.61076 
0.973574 3.11081 
1.37068 3.94869 
2.59081 2.57625 
-3.141552 3.439369 
-3.011450 3.492181 
-3.141568 3.178993 
-3.141576 3.833329 
-3.141526 2.628432 
-3.141592 1.858664 
-3.141585 2.599525 
-3.141585 1.949684 
-3.141587 2.088008 
-3.141592 1.455834 
-3.141542 1.395310 
-3.141587 4.241806 
-1.826295 3.344809 
-3.141566 1.527706 
-3.141587 1.261689 
-3.128307 1.418015 
-3.141587 1.572267 
-2.803997 2.832366 
-3.139496 1.169594 
-1.362969 2.382920 
1.275232 3.688429 
3.141158 1.758100 
1.815362 4.059306 
-0.783776 3.060147 
-1.484660 3.170744 
3.141591 0.706605 
3.141413 3.390689 
3.141531 1.533565 
1.129024 1.746875 
2.669414 2.625749 
3.141497 2.797789 
3.141550 0.698321 
3.141123 1.847274 
3.062342 1.497521 
3.141408 1.619998 
3.141546 0.263240 
3.123210 0.496192 
3.141213 0.498902 
3.137123 0.542467 
3.141517 0.735250 
3.141395 0.318863 
2.489904 4.007129 
3.141546 0.223813 
2.932159 1.559383 
3.141574 1.165352 
3.137199 0.317918 
3.132947 1.104178 
3.131066 0.554468 
3.134442 0.318401 
3.127948 0.494601 
1.099055 3.544472 
3.079697 2.359268 
3.141543 2.444382 
2.186180 2.535879 
-3.139496 1.957586 
0.269387 4.142933 
-1.462364 3.105582 
1.409654 2.145809 
-3.139479 4.378791 
0.948557 3.207250 
-0.905035 4.189211 
-3.139496 1.276948 
-3.139495 1.242013 
-3.138742 1.079986 
-3.138601 2.280778 
-1.995054 3.162026 
-0.966307 3.407230 
-0.911234 3.960587 
-0.51213 3.45065 
1.0739 3.74162 
1.63445 3.21474 
2.46965 3.80159 
-3.08479 2.41604 
-1.70754 3.92632 
1.27158 3.1411 
-0.932035 4.55674 
2.06254 4.20919 
-0.146537 3.47027 
-2.87529 4.24077 
-0.765144 3.60175 
3.06856 3.39199 
1.40416 3.38768 
2.89184 3.5032 
-1.78981 4.09347 
-2.28152 3.26972 
-2.07306 2.40394 
0.126563 3.86759 
0.691539 3.57308 
0.905513 2.86697 
-1.4939 3.43223 
-1.21109 3.85091 
2.55374 1.9341 
-0.378689 3.62734 
0.442982 4.31416 
1.83161 4.1926 
-1.17295 3.64366 
0.273439 2.43642 
2.25956 3.76343 
-2.42013 3.85739 
-2.60092 2.29777 
-3.141484 3.868039 
-2.780056 2.731227 
-3.084788 3.334390 
-2.663590 2.106596 
-2.077411 3.364276 
-3.141527 3.071078 
-2.621620 2.679582 
-2.626019 3.002282 
-2.416391 3.065050 
-2.681448 2.697139 
-3.141536 3.362593 
-3.141561 4.212531 
-2.975995 2.552323 
-3.141578 4.425935 
-3.141587 1.911907 
-3.141587 3.206253 
-3.141578 4.166448 
-3.141567 4.190637 
-3.141590 3.957573 
-3.141580 4.248367 
-3.022258 2.244296 
-2.953812 2.697466 
-3.141575 2.779194 
-3.141555 2.455339 
-3.141592 1.526909 
-3.141585 1.596238 
-3.141558 1.375400 
-3.141560 1.265049 
-3.141576 1.306989 
-3.141592 1.662658 
-3.129956 1.426381 
-3.140448 1.186662 
-1.263191 3.185275 
-3.140444 1.944967 
-2.073183 3.361842 
-3.139840 1.189562 
-3.140318 4.865109 
-3.139897 1.276993 
-1.381802 3.209415 
-2.575156 3.768890 
3.141562 1.421729 
1.028108 2.716676 
0.345312 3.272597 
0.767794 3.247966 
-3.139845 1.108934 
3.141370 0.255799 
3.141578 1.263792 
3.141445 3.556787 
2.442653 2.619761 
3.141389 2.841445 
3.141559 1.152359 
3.141504 2.020153 
3.141564 2.016192 
2.005740 3.843918 
3.141461 2.789020 
3.141532 0.732452 
3.007082 1.276278 
3.141502 0.561913 
3.141382 0.643129 
3.141493 1.755717 
3.141370 0.377865 
3.141543 0.823729 
3.126113 0.531247 
3.141589 0.229731 
2.117720 2.018239 
3.136043 0.515340 
3.135969 0.835865 
3.138791 0.814316 
-0.210186 3.69842 
1.24369 3.64564 
1.55043 3.64922 
-1.29197 3.84143 
-2.11703 3.84491 
0.294843 3.13513 
0.0194926 4.161 
1.76015 3.50568 
3.06921 1.71265 
2.05144 3.72366 
-0.14907 2.52731 
-2.50438 4.11316 
-2.82378 4.44907 
-2.69645 4.65257 
-3.05055 3.94966 
1.00388 3.28319 
2.53798 2.99353 
-1.1279 4.18448 
1.88603 2.69059 
-0.948097 4.36379 
0.798002 2.42976 
-0.472199 3.50273 
-1.4794 3.25925 
-1.62785 4.39679 
2.65658 4.14076 
-2.21239 4.47202 
-1.91266 3.81299 
2.32059 2.60629 
2.89812 3.35106 
0.518763 3.8943 
0.634595 3.68227 
-0.678893 4.18519 
3.141540 0.642645 
3.141518 0.967602 
3.141547 1.532841 
2.934819 1.636153 
3.141568 1.697344 
-0.173942 2.794520 
2.466162 2.705457 
0.810559 2.818334 
-0.437275 2.267441 
-0.765493 2.869202 
-0.376879 2.325463 
-0.437112 1.946980 
-0.457902 2.136327 
-0.433835 2.326281 
-0.437031 1.898023 
-0.511550 3.076273 
-0.505440 2.358106 
-1.857290 3.400048 
-0.556869 2.502102 
-0.584565 2.635404 
-2.091090 3.191080 
-1.940038 3.047878 
-1.887623 2.571354 
-1.791129 2.249981 
-1.859223 2.386564 
-2.500245 3.133600 
-2.328307 2.686556 
-2.992386 4.704169 
-2.333738 2.680450 
-2.787480 2.935847 
-3.141588 3.655103 
-3.141480 2.800886 
-3.141583 3.112481 
-3.141582 2.921825 
-3.141570 3.466964 
-3.141589 4.333829 
-3.141591 2.677225 
-3.141592 4.082162 
-3.141575 4.065938 
-3.141585 4.421056 
-3.141580 3.873475 
-2.955760 2.421861 
-2.939458 2.808031 
-3.141540 4.217017 
-2.831723 3.701979 
-3.141572 1.542315 
-3.141582 1.830866 
-3.141563 1.896766 
-3.141521 1.612732 
-3.141563 1.499931 
-1.719410 2.686220 
-3.141572 1.662959 
-3.141589 1.362617 
-3.141579 1.298249 
-3.134794 1.310396 
-3.138735 1.209093 
-3.138726 2.411453 
-1.186541 2.527752 
-3.138735 1.237807 
-0.569684 3.907484 
-3.138681 1.360581 
0.902721 2.719862 
3.141564 3.428400 
0.784464 3.725013 
1.974618 3.909993 
2.320484 1.935299 
2.955302 1.993355 
2.897791 2.303849 
-0.300942 3.62908 
1.41348 3.29301 
1.27007 3.45415 
-1.45176 3.48852 
-2.16506 4.07174 
-1.82093 3.80912 
0.289191 3.04678 
0.964472 3.95217 
2.33611 3.82785 
-2.94284 3.6935 
-2.50984 2.76726 
-0.620598 3.24594 
1.87891 3.82919 
0.449636 3.93764 
0.752235 3.77366 
-0.490611 3.14614 
-1.18725 4.10785 
-3.00792 3.33522 
-2.07361 4.55465 
2.75958 1.99888 
-2.64678 4.17941 
2.49329 3.21087 
-1.11359 4.26498 
1.72114 2.78826 
3.13828 2.30433 
-0.081091 4.26049 
1.13924 3.23016 
-0.787304 2.80356 
2.73373 2.55882 
2.07924 2.76676 
0.189705 3.81789 
-1.65932 2.90184 
3.141509 1.522202 
3.102935 1.326126 
3.141527 1.875785 
3.141587 0.793018 
2.940308 0.879426 
2.950186 1.446991 
3.141569 0.931026 
3.141541 1.048364 
3.058982 0.663736 
2.837368 1.707789 
3.070407 0.699468 
3.058734 0.868377 
3.095708 0.807721 
-1.659039 2.870111 
3.037170 0.756767 
3.058982 0.522325 
3.058982 0.631070 
3.058992 1.027949 
3.058982 0.419112 
3.059905 0.457172 
3.057537 1.355773 
2.939469 1.750245 
2.996334 0.998222 
2.945312 1.266764 
3.053745 0.845888 
-1.665343 1.781787 
-2.311175 3.524619 
-1.665218 2.103479 
-1.612704 1.367195 
-1.612684 1.708145 
-1.513725 1.914723 
-1.610796 1.316834 
-1.610733 1.861780 
-1.617631 1.404609 
-1.610688 1.710926 
-1.615533 2.102533 
-1.614913 1.350984 
-1.617361 2.471974 
-1.623074 1.520460 
-1.620119 1.566210 
-1.733790 3.722926 
-2.588160 3.160569 
-1.662392 2.071168 
-1.664830 2.353144 
-1.665377 2.237789 
-2.634825 2.604318 
-3.141552 1.770550 
-3.141591 2.361922 
-3.141578 1.558622 
-3.141588 1.769559 
-3.141544 2.583323 
-3.141568 2.162352 
-2.971845 2.314748 
-3.141590 2.671180 
-3.141581 4.244704 
-3.141591 3.215938 
-3.141588 3.429215 
-3.141573 2.924844 
-3.141590 3.976842 
-3.141592 2.580464 
-3.141580 4.238384 
-3.093277 1.696501 
-3.141586 4.208724 
-3.141533 2.770579 
-3.141574 1.266899 
-2.434892 3.533771 
-3.141504 3.307037 
-3.141554 1.497096 
-0.391697 3.12919 
1.77961 3.75158 
-2.7925 3.70446 
-2.53444 4.29473 
-2.56466 4.08914 
2.4858 1.90835 
2.66805 2.53947 
-1.07075 2.39615 
0.747021 3.05215 
1.60892 3.78039 
0.180861 3.66243 
-3.06016 3.71267 
-2.25517 3.31112 
2.27187 3.66907 
1.55037 1.72397 
1.1795 2.49145 
3.02818 2.39445 
1.16317 3.82723 
-1.5989 4.36168 
-2.13086 4.84304 
2.87583 2.55804 
-1.54326 4.63376 
2.03214 2.95881 
-0.922598 2.51244 
-0.527086 3.77027 
0.350972 4.12547 
-0.688072 2.90566 
-1.24302 3.86365 
0.865824 3.98232 
-0.151764 3.89247 
0.539316 4.14226 
-1.77778 3.39519 
-3.063858 3.743453 
-2.311440 4.071271 
-3.130882 2.808010 
-3.141520 2.024860 
-3.141535 2.218949 
-2.995946 2.090170 
-3.141573 1.830283 
-3.141512 2.175352 
-3.077712 2.052395 
-2.865106 2.766403 
-3.141579 1.955364 
-3.100639 2.072976 
-3.141405 1.432273 
-3.141430 1.351298 
-3.141566 1.451624 
3.141537 1.710322 
2.991912 3.372159 
1.550025 3.100053 
3.141545 1.759184 
-3.141430 1.255144 
3.141393 1.190656 
3.141558 0.282231 
3.141580 0.985565 
3.141567 1.991187 
-3.141205 2.757198 
3.054849 1.054605 
3.141587 1.480484 
3.141560 0.755796 
3.141558 0.708957 
3.141521 0.568453 
3.141532 0.341339 
3.141532 0.460929 
3.141378 0.526985 
3.136634 0.360108 
3.141557 3.790024 
3.139597 0.454161 
3.140047 0.437170 
3.139007 0.167235 
3.139168 1.069463 
3.139101 0.598601 
3.028256 1.524695 
-3.141432 1.614290 
3.139563 2.410565 
2.817471 1.498374 
-3.141547 1.315314 
1.556602 2.266134 
-3.141581 1.163371 
1.816172 2.746808 
-3.136376 1.344902 
-0.941075 3.498406 
-1.070738 3.412780 
-3.141582 2.414099 
-3.141589 2.740226 
-3.141430 1.250807 
3.141542 3.513283 
-3.141577 4.498817 
-1.235640 2.796834 
-3.141530 2.463170 
-3.141430 1.913820 
-1.070782 3.114419 
-3.141564 3.995242 
-3.032511 2.127073 
-3.141568 1.754493 
-2.558255 2.990553 
-3.141559 2.513710 
-3.141588 3.771617 
-2.440139 3.522446 
-2.692084 3.808351 
-0.286102 4.38422 
2.14575 3.54994 
0.636085 4.40873 
2.86242 3.34137 
-2.96425 3.59554 
-2.42392 3.46242 
0.814886 3.4879 
-2.03289 3.40321 
-0.645718 3.77889 
-2.23532 3.93504 
2.39921 3.95293 
2.74182 3.58202 
-1.77254 4.69449 
-1.47114 3.84115 
2.30398 2.78743 
-2.89118 3.16951 
0.163807 4.06186 
1.0244 1.70189 
0.211882 4.23945 
1.6211 2.88195 
1.33774 3.33362 
-0.399323 4.23644 
-0.80572 4.09387 
3.02966 3.56641 
-1.7545 4.43307 
-1.18459 2.85851 
1.57067 3.55258 
-0.181845 3.84917 
0.435652 3.32169 
-2.74023 4.02224 
1.87645 1.79791 
-1.06876 4.67115 
-3.141558 3.363958 
-3.141490 2.504660 
-3.141573 2.766846 
-3.141588 2.601633 
-3.032246 2.619831 
-3.141586 3.984553 
-3.141568 4.064415 
-3.141563 3.672901 
-3.141582 3.190000 
-3.141561 3.802638 
-3.141575 2.520598 
-3.141553 2.058435 
-3.141575 1.539964 
-3.141588 4.768633 
-3.141582 1.873158 
-3.141446 1.584596 
-3.141557 1.763097 
-3.141519 1.636466 
-3.141581 1.360271 
-3.141453 3.632711 
-3.141589 1.228607 
-3.141581 1.291469 
-3.141592 1.359884 
-3.102638 1.745435 
-3.141546 4.445823 
-1.361434 3.218738 
-3.139185 1.305434 
-3.141581 1.391845 
-0.704374 3.496685 
-3.141589 1.262408 
3.141271 0.239216 
0.551661 3.319662 
1.931109 3.958610 
1.440979 1.815775 
1.080426 2.769699 
2.868107 2.195306 
3.141577 3.176438 
1.865305 2.543023 
2.186745 2.927293 
1.025367 2.049349 
3.096846 1.553399 
3.141572 1.778411 
3.141541 1.558137 
1.985975 2.441675 
1.440770 1.999718 
3.141491 0.747251 
3.013397 1.242773 
3.141491 0.705978 
3.141481 0.636505 
3.141545 0.525052 
3.141244 0.409586 
3.141260 0.303073 
3.141193 1.773366 
3.141544 1.435239 
3.134344 0.352341 
3.138718 0.591041 
3.138240 0.411397 
3.141488 0.872408 
3.138752 1.100254 
3.141571 0.174631 
3.051315 2.011597 
1.288124 2.240354 
1.024360 3.756456 
3.141568 1.337161 
2.780755 1.941105 
2.659934 1.707249 
-3.141589 1.117717 
0.730253 3.169315 
-0.180508 4.37528 
2.51189 3.8703 
0.42897 2.69547 
1.77974 3.48092 
2.72299 3.31057 
-2.53098 3.74544 
-2.66411 4.56408 
2.03295 2.34781 
-2.03846 3.31246 
1.23086 3.96394 
-2.24932 4.52935 
2.20676 3.90073 
-0.579359 3.82239 
-1.57796 4.4756 
-1.85183 3.35959 
2.89087 2.72917 
-0.386785 3.38503 
3.03687 2.68735 
-3.06768 3.62737 
0.316965 3.82035 
1.74737 1.80613 
0.889301 3.14862 
-1.41071 4.11933 
-1.08463 3.73775 
1.13072 2.68604 
0.160967 3.38706 
0.706376 4.17252 
-0.716539 4.60311 
-1.32407 2.73334 
-2.91551 3.04802 
1.46882 3.99709 
-0.938888 4.07528 
-1.851924 2.967568 
1.015760 2.492595 
0.812679 1.651161 
0.618358 2.723079 
-1.060052 2.689189 
-2.150237 3.372811 
-1.333420 2.457916 
-1.255633 2.182160 
-1.191905 2.307145 
-1.250096 2.200234 
-2.670607 3.846033 
-3.141530 2.750296 
-3.141549 3.350877 
-2.914984 4.714780 
-3.141581 2.048012 
-3.141561 1.691676 
-3.141591 2.606150 
-3.141548 1.847197 
-3.003701 2.180641 
-3.141391 1.745595 
-3.141590 2.257941 
-3.141588 2.308858 
-3.141511 3.356344 
-2.833672 2.710676 
-3.141566 4.043760 
-3.141518 3.608548 
-3.141567 4.447088 
-3.104244 4.176929 
-3.141535 4.089860 
-3.141592 2.582645 
-3.141591 2.317697 
-3.141577 1.447929 
-3.141588 1.839747 
-3.141580 2.223475 
-3.141507 2.909834 
-3.141524 4.864274 
-3.141560 1.516497 
-3.141577 1.323786 
-2.324302 3.830957 
-3.141578 1.121664 
-3.132406 1.395926 
-1.619273 3.224228 
-3.141523 1.344110 
-3.141480 1.286197 
-3.141539 1.696985 
-0.116336 4.419898 
-1.790699 3.724221 
-0.848159 3.057293 
-1.525943 1.670845 
-0.909596 3.300837 
3.141556 1.780938 
3.141529 2.975386 
-1.526911 3.313483 
3.141535 3.864430 
0.114375 3.913743 
2.568755 3.027577 
3.141577 3.017592 
2.033298 2.542956 
3.141370 1.157376 
3.140237 3.737105 
2.269071 2.631671 
3.141516 1.140687 
3.141537 1.408538 
3.140945 0.215369 
1.608037 3.125788 
3.141451 0.814642 
3.141549 0.761930 
3.024682 1.197299 
-0.0749133 2.81418 
2.68167 1.68595 
0.344954 4.279 
-0.857801 3.10566 
-2.97235 3.70511 
-2.25963 4.37602 
1.34058 3.87069 
-0.696867 3.92596 
-1.18955 3.56732 
2.40912 2.92751 
1.00614 3.41733 
0.973116 2.67388 
2.30685 3.29545 
-0.99436 4.4474 
-2.90661 4.30991 
-2.14988 4.81561 
-2.61403 4.54289 
1.87491 1.99836 
-1.95703 3.6048 
-0.262169 3.77513 
1.38984 3.91333 
2.87521 2.772 
3.03676 2.14637 
2.1349 2.49263 
-1.76642 4.49093 
0.118002 4.00026 
1.5959 3.74739 
-1.55249 2.8344 
0.534455 4.00648 
0.631976 4.22402 
-0.582684 3.48193 
-2.43135 2.65145 
2.683752 2.254367 
2.805000 1.510721 
2.886549 1.510580 
3.141555 1.299410 
3.141570 0.959022 
3.141498 0.758645 
3.141591 1.192306 
3.101251 1.046494 
3.141589 0.539169 
3.141589 0.192289 
3.141556 1.791477 
3.141588 1.098353 
2.823661 1.881403 
3.120898 0.549410 
3.108321 0.430609 
1.752269 2.075858 
1.871889 2.093669 
1.624317 1.781908 
1.703079 1.161904 
1.153598 2.294569 
-1.688389 2.749130 
-2.139891 3.032867 
-2.381582 2.769678 
-3.141592 3.294893 
1.006673 2.246521 
-1.752651 3.097191 
-2.403428 2.952770 
-2.295938 2.309785 
-2.295964 2.697107 
-2.146583 2.487738 
-2.537656 2.716019 
-2.272772 2.315203 
-2.295095 2.305608 
-2.287002 2.438011 
-2.297870 2.109422 
-2.307379 2.209545 
-2.315843 2.153498 
-3.141527 3.820101 
-2.760082 3.218375 
-2.330277 1.741748 
-2.908770 3.192950 
-2.895891 3.133105 
-3.141460 4.381934 
-2.947298 3.693739 
-3.061268 3.407614 
-3.141587 4.122840 
-3.141454 4.192322 
-3.141553 4.135628 
-3.141575 4.092297 
-3.141567 3.975227 
-2.972928 1.838491 
-3.015960 2.553677 
-2.995062 2.347572 
-3.141487 1.333709 
-3.141556 2.160036 
-3.141587 1.529215 
-3.141443 1.676367 
-2.376887 3.611523 
-3.141438 1.244552 
-2.330469 4.131463 
-3.104155 1.728614 
-3.141587 2.594780 
-3.141401 1.973554 
-3.141490 1.307699 
-2.969407 2.370568 
-3.141360 1.525568 
-3.141438 2.079821 
-3.141442 2.283510 
-0.165668 3.90743 
3.04781 3.02295 
0.0645887 3.46634 
1.86012 3.94742 
-2.00459 4.30167 
1.27079 3.89469 
1.40708 2.91863 
2.37184 2.13869 
-3.00099 4.25341 
-2.58517 3.85005 
-1.15829 2.93846 
-2.50379 4.04021 
-1.9359 3.67332 
-1.29344 3.98992 
-1.58899 4.06367 
0.661929 3.4571 
-2.9064 3.51306 
1.0008 2.74999 
0.495432 3.34114 
-0.253402 2.43121 
-2.34294 3.84428 
-0.518983 3.32427 
-1.53866 3.82283 
1.76685 3.49137 
-0.719048 3.0779 
0.829833 3.3802 
2.6846 2.00516 
2.08237 2.97314 
2.21124 4.10257 
2.79529 3.14407 
0.367483 3.22952 
-0.971022 4.35152 
0.262661 1.789978 
-0.468099 2.413422 
0.202659 2.129732 
0.145757 1.972748 
0.028940 1.989960 
0.427402 2.423900 
0.262648 2.614049 
0.254887 1.578300 
3.141428 1.789890 
0.254729 1.689059 
0.249642 1.489814 
0.248905 1.615078 
2.745666 2.157687 
0.225573 1.723437 
0.259661 1.582059 
3.141586 2.633860 
3.141398 1.124661 
3.038197 1.233302 
3.134434 0.909236 
3.141517 0.705216 
3.141509 1.119257 
3.141492 0.782649 
3.110669 0.675584 
3.118691 0.709869 
3.111986 0.658788 
3.111920 0.902068 
3.092047 0.550059 
3.081841 0.402934 
2.904615 1.551651 
3.085332 0.280167 
3.072655 1.021866 
3.081553 0.925269 
3.012223 0.921468 
3.065688 0.877080 
3.027409 1.129951 
0.250060 1.458185 
0.250060 1.295906 
-0.786448 3.653076 
0.249666 2.740744 
0.250060 1.064598 
0.028935 3.140738 
0.032547 2.450387 
0.073248 2.094266 
-0.372023 2.975610 
0.229833 1.724071 
-0.449215 2.692990 
-0.392558 2.446550 
-0.501609 2.224202 
-0.525635 2.507772 
-0.583311 2.522819 
-3.009554 3.510133 
-1.364483 2.677398 
-1.450476 3.077532 
-3.141567 2.617276 
-3.141538 2.315375 
-3.141574 3.182374 
-2.941819 2.772029 
-3.141565 2.402077 
-3.141588 2.092524 
-3.141545 2.529919 
-3.141588 2.304712 
-3.141588 1.390337 
-3.141582 4.432344 
-3.141434 1.610654 
-3.141539 1.728428 
-3.141590 4.070852 
-3.141588 3.523777 
-3.141585 3.167657 
-0.0600739 3.61714 
-3.06559 4.10079 
2.3731 3.13365 
-1.07559 4.2239 
1.52422 2.97417 
0.0698029 3.07014 
-1.94726 3.86486 
-2.13853 4.07006 
-0.766235 3.59214 
-0.86005 4.84108 
-2.89805 3.50983 
2.02238 3.46751 
1.13759 3.69222 
0.252713 3.87345 
1.87957 3.58866 
-1.55612 3.93167 
0.712419 3.54305 
-1.35916 4.27843 
-0.364075 4.38972 
2.2796 3.06294 
2.91071 1.98642 
0.54265 4.10505 
-2.43346 3.01501 
0.834986 3.7086 
1.18187 2.26602 
1.62742 3.41253 
-2.34241 4.02096 
2.72632 4.06523 
3.12674 2.56776 
-1.73311 3.1709 
-0.441011 4.24222 
-2.67369 4.01524 
-3.141592 3.943992 
-3.141523 3.166261 
-3.141566 4.386819 
-3.141573 3.139613 
-3.141583 2.901220 
-2.152749 3.207072 
-2.432628 3.099039 
-2.169312 3.270614 
-3.141592 3.207786 
-2.424245 3.591827 
-3.141541 3.486694 
-2.432841 2.925840 
-1.592327 2.672343 
-1.733126 2.666672 
-1.807230 2.983191 
-1.591992 2.459806 
-1.388540 2.776413 
-1.607896 2.419745 
-1.605077 2.825633 
-1.596284 2.067505 
-1.607989 2.113818 
-1.597925 2.010017 
-1.597928 1.624747 
-1.596576 1.676511 
-1.577224 1.575403 
3.141588 3.156329 
-1.515851 1.941725 
-1.582878 1.640034 
-1.632908 1.573622 
-1.647762 1.718805 
-1.577220 2.681762 
-1.623844 1.424513 
3.141483 1.084317 
3.141471 0.716740 
3.044948 0.883984 
3.141202 0.810272 
3.093999 0.373827 
3.104465 0.661265 
3.078761 0.762608 
3.104517 0.664578 
3.094003 0.760957 
2.970518 1.318480 
3.093992 1.026429 
3.094758 0.277592 
3.094910 0.373931 
3.116832 0.590589 
3.099898 0.405694 
3.110608 0.494505 
3.096786 0.411192 
3.107608 0.589311 
3.011421 1.145191 
2.777695 1.772260 
3.059444 1.048492 
3.094762 1.926960 
2.989653 0.681775 
-1.623844 1.519594 
-1.623808 1.617347 
-1.621217 1.285106 
-1.617268 1.369930 
-1.621152 2.208578 
-1.733350 4.897070 
1.063117 2.503810 
-1.621217 1.672927 
-0.893341 3.406565 
0.822352 2.987859 
-1.619852 1.201156 
-1.620738 2.314929 
-1.621217 1.415575 
0.0455206 3.88416 
-2.8958 4.31329 
-0.299793 3.94008 
0.620066 3.95123 
0.928274 2.93668 
-0.593436 4.15756 
2.12912 2.52209 
2.64118 2.6389 
2.84422 2.22535 
1.66983 4.131 
-2.41765 4.02143 
-2.31133 3.94867 
2.26767 3.02506 
-0.0261113 4.24963 
-2.62461 3.03247 
-1.0751 3.67387 
1.05947 3.72833 
-1.98363 4.70381 
-1.92672 2.6385 
-0.902242 3.08799 
1.86056 2.7763 
-1.41273 3.08328 
-1.63523 4.32722 
0.528932 3.56065 
3.05388 3.14921 
1.19188 3.49999 
-2.95547 4.5968 
1.51837 4.11055 
0.220014 2.66252 
-1.3116 4.7964 
-0.468676 3.84689 
2.40826 3.18417 
-1.788067 2.038152 
-1.913870 2.217174 
-2.061677 2.743522 
-1.719426 2.406747 
-1.863247 2.489456 
-2.999128 4.098539 
-2.366522 2.398052 
-2.501199 3.354293 
-2.360305 2.316948 
-2.303284 2.498710 
-3.141592 3.149243 
-3.141586 3.715629 
-3.141545 3.914647 
-3.141412 3.454974 
-3.141445 3.854204 
-3.141567 3.637514 
-3.141506 3.923028 
-3.141484 4.610862 
-3.141591 4.381545 
-3.141586 4.262936 
-2.835339 2.746565 
-2.838108 2.465781 
-3.141585 1.330821 
-3.141570 2.094754 
-3.141556 4.086786 
-3.095514 1.547955 
-3.141591 1.545404 
-3.141565 1.485952 
-3.042207 2.074540 
-3.118101 1.573555 
-3.141460 1.679575 
-1.836828 4.170253 
-3.096029 1.763182 
-3.141568 1.603006 
-3.141436 2.185593 
-3.095340 1.892836 
-1.341193 2.994868 
-0.773810 3.383717 
-2.362588 2.908695 
-3.141349 2.788414 
1.892775 4.000120 
0.928177 3.235374 
3.141556 3.413563 
2.082014 3.122997 
-3.141583 1.762884 
2.129005 1.526208 
3.141496 0.804786 
3.141591 2.262783 
3.141591 2.719470 
0.043781 2.645834 
2.820958 2.115417 
3.141555 0.771133 
3.141542 1.773723 
3.001828 1.305278 
3.141554 3.020678 
3.141559 1.469456 
2.132617 2.822439 
3.141526 1.052804 
3.104116 0.910265 
1.796659 1.955541 
3.141513 0.618365 
3.141526 1.406928 
3.141568 0.662950 
3.141490 0.498025 
3.119869 0.341604 
3.132294 0.520925 
3.089468 0.583293 
3.125223 0.590411 
0.151115 3.34336 
-2.52967 3.63691 
-0.580158 4.76336 
-2.9452 4.4697 
1.09505 2.83164 
-1.21127 3.77485 
1.93403 3.49652 
2.63873 2.28392 
-0.350045 3.3857 
0.336716 2.80605 
-1.48835 3.8054 
2.94051 3.73266 
1.27191 3.54961 
-1.77636 4.18183 
-0.98012 3.94894 
3.12803 3.75106 
0.703758 3.42054 
-2.17692 4.78537 
-0.611695 3.69262 
0.98065 2.74037 
-1.67975 3.42183 
2.34053 4.1796 
-2.11155 4.01197 
2.07789 3.37742 
0.468743 4.2156 
2.4609 3.44134 
1.71593 4.08015 
1.43002 3.02327 
-2.71813 3.86353 
-0.158204 4.19129 
-3.07487 3.52909 
-1.02664 3.65632 
3.141575 2.394591 
2.909637 3.029324 
2.638766 2.021031 
2.638728 2.105887 
2.641978 2.049120 
2.638736 1.164248 
2.641558 1.856569 
2.574344 1.634322 
2.608672 1.238826 
2.695218 1.039049 
0.379572 2.545176 
0.716707 2.518283 
0.605771 2.943723 
0.846598 3.181729 
0.336718 2.204458 
-2.529863 1.970395 
-2.529521 2.932636 
-2.949057 3.044962 
-2.445064 2.580551 
-2.529898 2.212853 
-2.528462 2.323812 
-2.548680 2.056616 
-2.532217 2.140537 
-2.529593 2.080101 
-2.522393 1.847403 
-2.240512 3.120018 
-2.522420 2.628187 
-2.525058 2.904614 
-2.521647 2.416659 
-2.522966 1.932978 
-3.141588 2.927770 
-3.036717 2.619784 
-3.141591 4.199308 
-3.141523 3.083018 
-3.038528 1.508358 
-3.141592 4.083848 
-3.141587 4.138001 
-3.141573 4.018744 
-3.141588 3.966611 
-3.141554 3.855223 
-3.056789 2.025329 
-3.141584 1.850908 
-3.035354 2.436417 
-3.037044 1.881251 
-3.023245 1.941659 
-3.073294 1.966868 
-3.039055 1.626586 
-3.038516 1.895286 
-3.038526 2.442526 
-3.045077 1.569998 
-3.038528 1.437999 
-2.678213 2.994565 
-3.038288 2.978035 
-3.038528 1.541790 
-3.038089 2.270589 
-3.038530 1.991503 
-2.522005 4.355601 
-3.038166 1.476191 
-3.034376 1.555983 
-3.038528 1.317753 
-3.038528 1.329661 
0.719154 4.484403 
-2.522359 3.048174 
-3.038528 1.251595 
0.151115 2.871103 
3.141570 2.960351 
3.141574 1.071982 
1.917214 2.884872 
0.0603599 3.50135 
-2.16353 3.3349 
-0.664174 4.02932 
2.15592 4.05721 
1.10759 3.16477 
-1.19642 3.85016 
2.45847 2.79508 
2.91053 3.07522 
-2.91899 3.22371 
-2.71213 3.83234 
-3.06083 3.63994 
0.545271 3.22166 
-2.01751 3.27792 
1.68851 3.56734 
1.31671 3.7586 
-0.93785 4.08933 
-0.343293 4.42702 
2.65792 2.93155 
1.87986 3.10088 
-0.0165972 4.43013 
-1.16448 3.95074 
0.628741 3.34031 
-1.6106 4.79998 
3.03121 2.73644 
0.214387 3.44207 
2.22079 3.62851 
-1.82668 3.29775 
-2.46423 4.2255 
-0.462667 3.7707 
-1.39264 4.11288 
0.882633 3.01821 
1.51422 2.97405 
3.031208 2.435117 
3.141465 2.217875 
3.141393 2.077696 
3.141589 1.844074 
3.141583 1.450637 
3.141576 0.374509 
3.141576 0.782257 
3.141481 0.744600 
3.141551 0.581599 
3.115247 0.674135 
3.141503 0.435429 
2.964678 1.429592 
3.137801 0.299880 
3.136960 1.128275 
3.134855 0.175753 
3.131662 0.461837 
3.134919 0.537656 
3.135510 0.347885 
3.133918 0.519392 
3.134825 0.442769 
3.134705 1.162270 
3.063992 0.980158 
3.134757 0.708766 
3.134846 0.998618 
3.134833 0.534451 
2.843771 1.824520 
2.843237 2.287659 
2.865502 2.090668 
2.765839 2.353122 
2.803821 2.302538 
-2.219077 3.260086 
1.514049 2.033571 
0.882712 2.476445 
0.882774 2.895000 
0.905018 2.504778 
-2.532892 2.323496 
-2.497641 2.848201 
-2.538474 2.468643 
-2.532910 2.743730 
-2.532824 2.466439 
-2.559346 2.441075 
-2.528815 2.125350 
-2.526150 1.981794 
-2.521563 1.755598 
-2.522214 1.687297 
-2.521963 2.657121 
-3.141590 4.015246 
-2.621000 2.227661 
-2.483225 1.619390 
-2.507382 1.632956 
-2.861522 3.405551 
-3.141589 3.128730 
-3.141498 4.256126 
-2.907509 2.854393 
-3.141579 2.935128 
-3.141571 3.652367 
-3.141559 3.405093 
-3.141561 3.517721 
-3.141580 3.782805 
-3.141591 3.548781 
-3.141533 3.540111 
-3.141547 1.905131 
-3.008934 2.570346 
-3.141587 1.682263 
-3.111019 2.424537 
-3.141591 1.394904 
-3.141491 1.665070 
-2.570015 3.301672 
0.165954 4.3684 
-1.79739 4.41218 
-1.14089 3.21165 
2.29428 2.23026 
-3.05626 3.12964 
-2.61536 4.31612 
2.72132 3.25537 
-0.0963901 4.15386 
1.09725 3.1542 
0.9504 2.12158 
2.49589 2.40539 
0.681466 3.02819 
1.75555 3.91066 
1.90126 3.12955 
-2.80523 3.13018 
-0.388947 3.85275 
-0.885356 3.50242 
-2.47142 3.39939 
-2.22567 3.91877 
-0.658203 3.60757 
-1.29309 3.54132 
2.86163 3.43563 
0.479979 3.87778 
1.42189 4.25865 
0.392187 4.29146 
2.00309 3.53809 
3.00326 2.08783 
-2.08811 4.22 
-1.39991 3.96305 
1.35869 3.13049 
-0.515643 3.9537 
-1.59536 3.81763 
-3.141590 4.108837 
-3.056249 3.411065 
-2.917616 2.362777 
-3.141543 1.809796 
-3.141592 2.004275 
-3.141589 1.525116 
-3.141587 1.277050 
-3.141587 1.454494 
-3.127616 1.472246 
-3.141587 1.337591 
-3.141592 1.817066 
-3.141587 1.135900 
-3.141566 2.760805 
-3.141587 1.367658 
-3.141591 1.875184 
3.141511 2.919484 
3.141565 3.217261 
3.141482 3.012055 
-3.141580 4.864339 
2.495705 2.194103 
3.141383 0.152297 
3.141544 1.003221 
3.141538 1.721543 
2.777147 2.096860 
3.141524 3.773436 
3.141572 0.899930 
3.141589 0.595277 
3.141546 0.844297 
3.141477 0.701203 
3.141485 1.151452 
3.141276 0.412819 
3.141562 1.746981 
3.141376 0.229058 
3.111142 0.677627 
3.141564 1.243048 
3.141433 0.508134 
3.141269 0.646432 
3.137991 0.351506 
3.138867 0.580446 
3.136398 0.697619 
-3.141554 2.747255 
3.138805 1.443819 
2.993254 3.743561 
3.138162 1.884950 
2.637668 1.908528 
-3.141584 2.407274 
2.283151 2.986420 
1.799521 2.156007 
3.141541 2.804764 
0.949907 3.545184 
-0.254566 3.751411 
-3.141479 2.235490 
0.322744 2.857593 
-3.141576 1.243137 
0.599119 3.051414 
-2.309726 3.705839 
-3.141590 1.947031 
-3.141467 3.241220 
-3.141587 1.144831 
-1.182830 3.977391 
-3.141584 2.525075 
-3.141533 2.491958 
-3.042527 2.080201 
-3.141591 4.326314 
-3.141592 2.583757 
-3.141384 3.930976 
-3.141592 3.869837 
-3.141473 4.135085 
0.271549 3.06875 
-1.62761 3.72538 
-1.2249 3.69821 
0.186914 4.17836 
-0.866446 4.20358 
2.39351 4.08862 
-2.95268 3.87086 
3.14054 3.30446 
2.63354 2.55693 
-0.719272 4.54339 
2.88641 2.44301 
1.45533 4.04433 
0.452841 3.88713 
-1.93583 2.55001 
-2.17908 3.35584 
1.67774 3.98593 
2.05498 3.09379 
1.14994 3.12935 
-2.72133 3.63214 
1.78821 2.97868 
0.702688 3.59019 
1.33387 2.82619 
-1.97017 3.47336 
-1.46247 3.66963 
-0.53489 4.21183 
-0.316401 4.19684 
-1.05453 3.46494 
2.20376 3.48415 
-0.00812302 3.55613 
-2.86905 3.9426 
0.848982 3.16519 
-2.4687 4.80407 
-3.141457 3.961902 
-3.141537 3.279272 
-3.141459 4.333626 
-3.141557 3.772758 
-3.141522 3.999517 
-3.141557 3.137845 
-3.141591 4.262621 
-3.141591 3.397194 
-3.141518 3.936564 
-3.141581 3.775412 
-3.141585 3.034152 
-2.951532 3.275399 
-3.141523 3.334661 
-3.141578 2.535667 
-3.141479 1.967768 
-3.141521 2.193288 
-3.141581 1.684669 
-3.141589 1.102067 
-3.141176 2.804304 
-3.084552 1.856277 
-2.518491 3.398749 
-3.141587 1.413674 
-2.154356 3.331409 
-3.141590 1.298209 
-3.141441 2.629116 
-3.138596 1.309628 
-1.161353 4.006010 
-3.141590 1.547913 
-0.509907 3.555700 
-0.003568 4.332867 
3.141502 1.765515 
3.141589 1.137012 
1.893971 3.967691 
-3.141592 1.866467 
2.520035 3.255957 
3.141542 2.973483 
2.906973 1.228211 
3.141491 2.550997 
3.141474 2.712953 
1.856851 2.823174 
3.141255 0.118212 
2.834638 2.042865 
2.741783 1.914596 
3.141554 1.862551 
3.141500 1.389119 
3.060530 1.019218 
3.141556 0.705642 
3.141556 0.660891 
3.141253 0.907521 
3.141590 1.002980 
2.128384 3.245531 
3.141482 0.432823 
3.141464 3.221928 
3.141307 0.394743 
-3.141559 2.736676 
3.141556 0.559499 
3.141517 0.835086 
3.141587 0.762719 
3.141478 0.791567 
3.141437 0.508343 
2.998870 1.678292 
3.102036 2.198045 
2.914573 1.742373 
3.141473 2.257439 
2.907032 2.055262 
1.919729 2.772198 
1.258849 2.669609 
0.246102 2.885548 
0.377143 3.2738 
-1.26147 4.14372 
-1.50527 4.04032 
1.25058 4.06909 
-0.698329 2.60544 
2.22869 3.08327 
-0.513573 3.80135 
0.140956 4.15401 
1.75313 3.69658 
1.79592 3.10799 
2.91478 2.88918 
-2.58771 3.71047 
1.42897 3.57048 
0.706622 3.16004 
0.57732 3.83448 
-1.64402 4.34656 
-2.49663 4.84452 
-3.07907 3.52214 
-0.27107 3.97935 
2.4237 3.13509 
2.62037 2.05318 
0.855006 4.18204 
1.07431 2.54522 
-0.790326 3.73787 
-2.03835 3.53185 
-2.20416 3.51425 
-2.78278 2.95564 
2.10497 2.45394 
-1.88229 4.46952 
-1.13927 3.9316 
3.1213 2.63825 
-0.143233 2.57421 
-0.144235 2.531394 
-0.625729 3.096373 
-0.144228 2.822899 
-0.698337 2.519109 
-0.372408 2.761908 
-0.748393 2.162203 
-1.020638 3.013116 
-0.745627 2.495327 
-0.763852 2.317708 
-0.750144 2.661510 
-2.723079 2.009892 
-2.772332 2.589054 
-2.323273 3.276971 
-2.722489 2.271214 
-3.141550 2.300486 
-2.792947 2.346409 
-3.141471 4.745908 
-2.910547 2.488612 
-2.742059 3.002927 
-2.714528 3.119166 
-3.141591 3.567719 
-3.141537 2.850093 
-3.141509 4.012984 
-3.141564 2.665676 
-3.141574 2.894851 
-3.141554 2.901273 
-3.141566 4.447840 
-3.141583 4.337727 
-3.141585 4.042366 
-3.141585 4.007988 
-3.034078 2.438135 
-3.141592 4.379171 
-3.141566 2.768711 
-3.141590 2.909363 
-3.141588 3.262752 
-2.732742 3.023715 
-3.141464 2.476874 
-2.724644 2.218057 
-3.141569 3.595107 
-2.712960 2.807556 
-2.792987 2.371910 
-2.686643 2.321794 
-2.723189 1.997076 
-2.718320 1.895257 
-2.718317 1.768661 
-2.718313 1.912776 
-1.342231 3.186624 
-2.718317 1.754638 
-2.718317 1.774424 
-2.718317 1.831462 
0.285991 1.914970 
3.141525 3.620299 
-2.718317 1.718724 
2.092728 3.710061 
-2.718320 2.080798 
2.620708 2.959789 
0.286143 2.589831 
0.300854 2.250889 
2.871446 1.492647 
2.104995 2.312667 
2.757234 1.587463 
2.587053 1.943687 
2.872946 1.824484 
3.016306 1.250938 
2.824947 1.546016 
3.141577 1.641751 
3.016269 1.673779 
2.951075 1.382280 
0.286388 4.13348 
-1.09168 2.7506 
-1.58929 3.92053 
-2.51104 4.87132 
0.0433836 3.37126 
-2.89141 3.76868 
-0.226572 4.09865 
0.424773 3.86646 
2.53518 3.15555 
1.63922 3.68553 
2.7468 2.46846 
1.1853 3.08529 
3.08533 3.14836 
2.17042 2.99429 
2.76267 2.89443 
-0.826294 3.44102 
-2.60374 3.68775 
-2.13595 3.61707 
-0.179475 3.48934 
-2.31285 4.99403 
1.87813 4.07267 
-1.36446 4.51626 
-1.49579 4.25899 
1.39983 4.04527 
2.1338 2.68875 
0.754792 4.45262 
-0.773276 2.8094 
-3.06294 4.10733 
-0.436055 3.48034 
-1.87716 4.07869 
0.799346 3.69009 
1.01273 4.09031 
2.746799 1.983285 
2.746751 1.772840 
2.585825 2.258532 
2.903644 1.566233 
3.141550 1.336553 
3.141549 2.014855 
3.141533 1.233175 
3.141462 1.161998 
3.141518 1.077210 
3.141548 1.072732 
3.141327 1.312665 
3.093295 1.160689 
3.051963 1.209650 
3.063519 1.236213 
3.026018 1.190876 
2.484403 2.084119 
2.723918 2.041491 
2.192378 2.136054 
-3.141544 2.721922 
2.069034 2.525496 
-3.141589 2.499036 
-3.141573 2.263941 
-3.141558 1.796744 
-3.141495 2.116324 
-3.141474 2.034297 
-3.141561 1.588092 
-3.141559 1.295511 
-2.984392 2.323770 
-3.141568 1.489575 
-3.141577 1.178196 
-3.141592 2.149565 
-3.141566 4.864347 
-3.141586 1.295905 
-3.141532 2.021296 
-3.135177 1.333455 
-3.141561 3.717118 
-3.141585 1.772472 
-3.141565 3.054585 
-3.141578 4.570120 
-2.344032 2.950014 
-3.141484 4.072156 
-3.141555 4.075804 
-3.141576 2.516602 
-3.141589 2.605200 
-3.141592 4.630748 
-3.141569 4.329050 
-3.141582 4.493832 
-3.141590 4.706919 
-3.141592 3.768141 
-3.141584 4.092338 
-2.750653 3.986328 
-3.141586 1.856578 
-3.141582 2.310413 
-3.141586 4.203703 
-3.141585 2.366642 
-2.505793 3.418875 
-1.866350 2.806866 
-3.141576 1.368811 
-1.977205 2.690792 
-3.099458 1.756644 
-1.651085 2.858898 
-3.141577 2.758019 
-1.337894 3.349214 
-1.601136 2.856794 
-3.141577 1.125189 
-0.594008 2.702469 
-0.732248 3.582932 
-3.141577 1.151711 
0.391983 3.81535 
-0.921898 3.86962 
-1.86965 4.49164 
0.0105308 3.95732 
1.01115 3.67093 
-0.0885515 4.27881 
-1.55621 4.09027 
-2.64083 3.30914 
-0.70276 3.82289 
0.497122 3.66724 
2.29855 2.56139 
2.11439 2.83944 
-0.297957 4.26594 
2.78811 3.49445 
-2.54379 3.01765 
-3.09545 4.1994 
3.08385 3.25794 
2.70344 3.68451 
-2.8998 3.19384 
-0.458056 3.94771 
-1.13527 3.95832 
1.45506 4.12416 
1.92743 3.54249 
2.44005 3.46141 
-1.97797 3.58193 
1.7512 2.33725 
0.905165 2.73651 
1.26773 3.21299 
-1.74474 3.90119 
-1.22869 4.61886 
0.671015 4.44476 
-2.20135 3.00646 
-2.201360 3.235282 
1.177930 2.753007 
1.254296 3.287899 
0.905164 2.558573 
0.920245 1.810158 
1.080342 2.166182 
0.846578 1.770459 
0.781104 1.690832 
0.805975 1.930309 
0.702302 2.208034 
0.781440 2.028408 
0.781104 2.052468 
0.918442 1.702252 
0.888237 1.882951 
0.781104 1.565536 
0.781099 1.204071 
0.781102 1.315320 
0.787668 1.322739 
0.969864 2.338265 
3.141301 1.770349 
3.141588 2.999395 
0.781086 1.257314 
2.452944 2.473044 
0.779182 1.577972 
0.781086 2.239079 
0.769027 1.143989 
0.769036 1.296935 
0.769047 1.548361 
-0.974917 3.357775 
3.141287 0.661193 
3.141544 1.280010 
3.141559 1.963375 
0.186219 3.191420 
2.064615 3.184742 
3.141580 1.069542 
0.774482 1.188373 
1.518272 2.392988 
0.774479 1.706364 
0.772122 1.471398 
0.769370 1.490103 
0.717605 1.784688 
0.701772 1.894667 
0.743632 1.585401 
0.681899 2.044504 
0.663966 2.106718 
-3.141575 3.265932 
-2.203446 2.814508 
-2.193851 2.957768 
-2.216312 2.471513 
-2.101640 2.471240 
-2.153070 2.260248 
-2.152921 2.193767 
-2.127377 2.283175 
-2.156452 2.296399 
-2.167513 2.090556 
-3.141563 3.920363 
-2.350384 2.850149 
-2.316821 2.458245 
-2.317039 3.315140 
-2.370764 2.633812 
-3.141550 3.779832 
-3.141553 3.854260 
-3.029612 2.226418 
-3.141573 1.693247 
-3.065917 1.830253 
-3.141578 2.829997 
-3.141574 2.863351 
-3.141593 4.160745 
