0.0455206 3.88416 
-2.8958 4.31329 
-0.299793 3.94008 
0.620066 3.95123 
0.928274 2.93668 
-0.593436 4.15756 
2.12912 2.52209 
2.64118 2.6389 
2.84422 2.22535 
1.66983 4.131 
-2.41765 4.02143 
-2.31133 3.94867 
2.26767 3.02506 
-0.0261113 4.24963 
-2.62461 3.03247 
-1.0751 3.67387 
1.05947 3.72833 
-1.98363 4.70381 
-1.92672 2.6385 
-0.902242 3.08799 
1.86056 2.7763 
-1.41273 3.08328 
-1.63523 4.32722 
0.528932 3.56065 
3.05388 3.14921 
1.19188 3.49999 
-2.95547 4.5968 
1.51837 4.11055 
0.220014 2.66252 
-1.3116 4.7964 
-0.468676 3.84689 
2.40826 3.18417 
-1.788067 2.038152 
-1.913870 2.217174 
-2.061677 2.743522 
-1.719426 2.406747 
-1.863247 2.489456 
-2.999128 4.098539 
-2.366522 2.398052 
-2.501199 3.354293 
-2.360305 2.316948 
-2.303284 2.498710 
-3.141592 3.149243 
-3.141586 3.715629 
-3.141545 3.914647 
-3.141412 3.454974 
-3.141445 3.854204 
-3.141567 3.637514 
-3.141506 3.923028 
-3.141484 4.610862 
-3.141591 4.381545 
-3.141586 4.262936 
-2.835339 2.746565 
-2.838108 2.465781 
-3.141585 1.330821 
-3.141570 2.094754 
-3.141556 4.086786 
-3.095514 1.547955 
-3.141591 1.545404 
-3.141565 1.485952 
-3.042207 2.074540 
-3.118101 1.573555 
-3.141460 1.679575 
-1.836828 4.170253 
-3.096029 1.763182 
-3.141568 1.603006 
-3.141436 2.185593 
-3.095340 1.892836 
-1.341193 2.994868 
-0.773810 3.383717 
-2.362588 2.908695 
-3.141349 2.788414 
1.892775 4.000120 
0.928177 3.235374 
3.141556 3.413563 
2.082014 3.122997 
-3.141583 1.762884 
2.129005 1.526208 
3.141496 0.804786 
3.141591 2.262783 
3.141591 2.719470 
0.043781 2.645834 
2.820958 2.115417 
3.141555 0.771133 
3.141542 1.773723 
3.001828 1.305278 
3.141554 3.020678 
3.141559 1.469456 
2.132617 2.822439 
3.141526 1.052804 
3.104116 0.910265 
1.796659 1.955541 
3.141513 0.618365 
3.141526 1.406928 
3.141568 0.662950 
3.141490 0.498025 
3.119869 0.341604 
3.132294 0.520925 
3.089468 0.583293 
3.125223 0.590411 
