-0.0600739 3.61714 
-3.06559 4.10079 
2.3731 3.13365 
-1.07559 4.2239 
1.52422 2.97417 
0.0698029 3.07014 
-1.94726 3.86486 
-2.13853 4.07006 
-0.766235 3.59214 
-0.86005 4.84108 
-2.89805 3.50983 
2.02238 3.46751 
1.13759 3.69222 
0.252713 3.87345 
1.87957 3.58866 
-1.55612 3.93167 
0.712419 3.54305 
-1.35916 4.27843 
-0.364075 4.38972 
2.2796 3.06294 
2.91071 1.98642 
0.54265 4.10505 
-2.43346 3.01501 
0.834986 3.7086 
1.18187 2.26602 
1.62742 3.41253 
-2.34241 4.02096 
2.72632 4.06523 
3.12674 2.56776 
-1.73311 3.1709 
-0.441011 4.24222 
-2.67369 4.01524 
-3.141592 3.943992 
-3.141523 3.166261 
-3.141566 4.386819 
-3.141573 3.139613 
-3.141583 2.901220 
-2.152749 3.207072 
-2.432628 3.099039 
-2.169312 3.270614 
-3.141592 3.207786 
-2.424245 3.591827 
-3.141541 3.486694 
-2.432841 2.925840 
-1.592327 2.672343 
-1.733126 2.666672 
-1.807230 2.983191 
-1.591992 2.459806 
-1.388540 2.776413 
-1.607896 2.419745 
-1.605077 2.825633 
-1.596284 2.067505 
-1.607989 2.113818 
-1.597925 2.010017 
-1.597928 1.624747 
-1.596576 1.676511 
-1.577224 1.575403 
3.141588 3.156329 
-1.515851 1.941725 
-1.582878 1.640034 
-1.632908 1.573622 
-1.647762 1.718805 
-1.577220 2.681762 
-1.623844 1.424513 
3.141483 1.084317 
3.141471 0.716740 
3.044948 0.883984 
3.141202 0.810272 
3.093999 0.373827 
3.104465 0.661265 
3.078761 0.762608 
3.104517 0.664578 
3.094003 0.760957 
2.970518 1.318480 
3.093992 1.026429 
3.094758 0.277592 
3.094910 0.373931 
3.116832 0.590589 
3.099898 0.405694 
3.110608 0.494505 
3.096786 0.411192 
3.107608 0.589311 
3.011421 1.145191 
2.777695 1.772260 
3.059444 1.048492 
3.094762 1.926960 
2.989653 0.681775 
-1.623844 1.519594 
-1.623808 1.617347 
-1.621217 1.285106 
-1.617268 1.369930 
-1.621152 2.208578 
-1.733350 4.897070 
1.063117 2.503810 
-1.621217 1.672927 
-0.893341 3.406565 
0.822352 2.987859 
-1.619852 1.201156 
-1.620738 2.314929 
-1.621217 1.415575 
