0.165954 4.3684 
-1.79739 4.41218 
-1.14089 3.21165 
2.29428 2.23026 
-3.05626 3.12964 
-2.61536 4.31612 
2.72132 3.25537 
-0.0963901 4.15386 
1.09725 3.1542 
0.9504 2.12158 
2.49589 2.40539 
0.681466 3.02819 
1.75555 3.91066 
1.90126 3.12955 
-2.80523 3.13018 
-0.388947 3.85275 
-0.885356 3.50242 
-2.47142 3.39939 
-2.22567 3.91877 
-0.658203 3.60757 
-1.29309 3.54132 
2.86163 3.43563 
0.479979 3.87778 
1.42189 4.25865 
0.392187 4.29146 
2.00309 3.53809 
3.00326 2.08783 
-2.08811 4.22 
-1.39991 3.96305 
1.35869 3.13049 
-0.515643 3.9537 
-1.59536 3.81763 
-3.141590 4.108837 
-3.056249 3.411065 
-2.917616 2.362777 
-3.141543 1.809796 
-3.141592 2.004275 
-3.141589 1.525116 
-3.141587 1.277050 
-3.141587 1.454494 
-3.127616 1.472246 
-3.141587 1.337591 
-3.141592 1.817066 
-3.141587 1.135900 
-3.141566 2.760805 
-3.141587 1.367658 
-3.141591 1.875184 
3.141511 2.919484 
3.141565 3.217261 
3.141482 3.012055 
-3.141580 4.864339 
2.495705 2.194103 
3.141383 0.152297 
3.141544 1.003221 
3.141538 1.721543 
2.777147 2.096860 
3.141524 3.773436 
3.141572 0.899930 
3.141589 0.595277 
3.141546 0.844297 
3.141477 0.701203 
3.141485 1.151452 
3.141276 0.412819 
3.141562 1.746981 
3.141376 0.229058 
3.111142 0.677627 
3.141564 1.243048 
3.141433 0.508134 
3.141269 0.646432 
3.137991 0.351506 
3.138867 0.580446 
3.136398 0.697619 
-3.141554 2.747255 
3.138805 1.443819 
2.993254 3.743561 
3.138162 1.884950 
2.637668 1.908528 
-3.141584 2.407274 
2.283151 2.986420 
1.799521 2.156007 
3.141541 2.804764 
0.949907 3.545184 
-0.254566 3.751411 
-3.141479 2.235490 
0.322744 2.857593 
-3.141576 1.243137 
0.599119 3.051414 
-2.309726 3.705839 
-3.141590 1.947031 
-3.141467 3.241220 
-3.141587 1.144831 
-1.182830 3.977391 
-3.141584 2.525075 
-3.141533 2.491958 
-3.042527 2.080201 
-3.141591 4.326314 
-3.141592 2.583757 
-3.141384 3.930976 
-3.141592 3.869837 
-3.141473 4.135085 
