0.286388 4.13348 
-1.09168 2.7506 
-1.58929 3.92053 
-2.51104 4.87132 
0.0433836 3.37126 
-2.89141 3.76868 
-0.226572 4.09865 
0.424773 3.86646 
2.53518 3.15555 
1.63922 3.68553 
2.7468 2.46846 
1.1853 3.08529 
3.08533 3.14836 
2.17042 2.99429 
2.76267 2.89443 
-0.826294 3.44102 
-2.60374 3.68775 
-2.13595 3.61707 
-0.179475 3.48934 
-2.31285 4.99403 
1.87813 4.07267 
-1.36446 4.51626 
-1.49579 4.25899 
1.39983 4.04527 
2.1338 2.68875 
0.754792 4.45262 
-0.773276 2.8094 
-3.06294 4.10733 
-0.436055 3.48034 
-1.87716 4.07869 
0.799346 3.69009 
1.01273 4.09031 
2.746799 1.983285 
2.746751 1.772840 
2.585825 2.258532 
2.903644 1.566233 
3.141550 1.336553 
3.141549 2.014855 
3.141533 1.233175 
3.141462 1.161998 
3.141518 1.077210 
3.141548 1.072732 
3.141327 1.312665 
3.093295 1.160689 
3.051963 1.209650 
3.063519 1.236213 
3.026018 1.190876 
2.484403 2.084119 
2.723918 2.041491 
2.192378 2.136054 
-3.141544 2.721922 
2.069034 2.525496 
-3.141589 2.499036 
-3.141573 2.263941 
-3.141558 1.796744 
-3.141495 2.116324 
-3.141474 2.034297 
-3.141561 1.588092 
-3.141559 1.295511 
-2.984392 2.323770 
-3.141568 1.489575 
-3.141577 1.178196 
-3.141592 2.149565 
-3.141566 4.864347 
-3.141586 1.295905 
-3.141532 2.021296 
-3.135177 1.333455 
-3.141561 3.717118 
-3.141585 1.772472 
-3.141565 3.054585 
-3.141578 4.570120 
-2.344032 2.950014 
-3.141484 4.072156 
-3.141555 4.075804 
-3.141576 2.516602 
-3.141589 2.605200 
-3.141592 4.630748 
-3.141569 4.329050 
-3.141582 4.493832 
-3.141590 4.706919 
-3.141592 3.768141 
-3.141584 4.092338 
-2.750653 3.986328 
-3.141586 1.856578 
-3.141582 2.310413 
-3.141586 4.203703 
-3.141585 2.366642 
-2.505793 3.418875 
-1.866350 2.806866 
-3.141576 1.368811 
-1.977205 2.690792 
-3.099458 1.756644 
-1.651085 2.858898 
-3.141577 2.758019 
-1.337894 3.349214 
-1.601136 2.856794 
-3.141577 1.125189 
-0.594008 2.702469 
-0.732248 3.582932 
-3.141577 1.151711 
