-0.180508 4.37528 
2.51189 3.8703 
0.42897 2.69547 
1.77974 3.48092 
2.72299 3.31057 
-2.53098 3.74544 
-2.66411 4.56408 
2.03295 2.34781 
-2.03846 3.31246 
1.23086 3.96394 
-2.24932 4.52935 
2.20676 3.90073 
-0.579359 3.82239 
-1.57796 4.4756 
-1.85183 3.35959 
2.89087 2.72917 
-0.386785 3.38503 
3.03687 2.68735 
-3.06768 3.62737 
0.316965 3.82035 
1.74737 1.80613 
0.889301 3.14862 
-1.41071 4.11933 
-1.08463 3.73775 
1.13072 2.68604 
0.160967 3.38706 
0.706376 4.17252 
-0.716539 4.60311 
-1.32407 2.73334 
-2.91551 3.04802 
1.46882 3.99709 
-0.938888 4.07528 
-1.851924 2.967568 
1.015760 2.492595 
0.812679 1.651161 
0.618358 2.723079 
-1.060052 2.689189 
-2.150237 3.372811 
-1.333420 2.457916 
-1.255633 2.182160 
-1.191905 2.307145 
-1.250096 2.200234 
-2.670607 3.846033 
-3.141530 2.750296 
-3.141549 3.350877 
-2.914984 4.714780 
-3.141581 2.048012 
-3.141561 1.691676 
-3.141591 2.606150 
-3.141548 1.847197 
-3.003701 2.180641 
-3.141391 1.745595 
-3.141590 2.257941 
-3.141588 2.308858 
-3.141511 3.356344 
-2.833672 2.710676 
-3.141566 4.043760 
-3.141518 3.608548 
-3.141567 4.447088 
-3.104244 4.176929 
-3.141535 4.089860 
-3.141592 2.582645 
-3.141591 2.317697 
-3.141577 1.447929 
-3.141588 1.839747 
-3.141580 2.223475 
-3.141507 2.909834 
-3.141524 4.864274 
-3.141560 1.516497 
-3.141577 1.323786 
-2.324302 3.830957 
-3.141578 1.121664 
-3.132406 1.395926 
-1.619273 3.224228 
-3.141523 1.344110 
-3.141480 1.286197 
-3.141539 1.696985 
-0.116336 4.419898 
-1.790699 3.724221 
-0.848159 3.057293 
-1.525943 1.670845 
-0.909596 3.300837 
3.141556 1.780938 
3.141529 2.975386 
-1.526911 3.313483 
3.141535 3.864430 
0.114375 3.913743 
2.568755 3.027577 
3.141577 3.017592 
2.033298 2.542956 
3.141370 1.157376 
3.140237 3.737105 
2.269071 2.631671 
3.141516 1.140687 
3.141537 1.408538 
3.140945 0.215369 
1.608037 3.125788 
3.141451 0.814642 
3.141549 0.761930 
3.024682 1.197299 
