-0.51213 3.45065 
1.0739 3.74162 
1.63445 3.21474 
2.46965 3.80159 
-3.08479 2.41604 
-1.70754 3.92632 
1.27158 3.1411 
-0.932035 4.55674 
2.06254 4.20919 
-0.146537 3.47027 
-2.87529 4.24077 
-0.765144 3.60175 
3.06856 3.39199 
1.40416 3.38768 
2.89184 3.5032 
-1.78981 4.09347 
-2.28152 3.26972 
-2.07306 2.40394 
0.126563 3.86759 
0.691539 3.57308 
0.905513 2.86697 
-1.4939 3.43223 
-1.21109 3.85091 
2.55374 1.9341 
-0.378689 3.62734 
0.442982 4.31416 
1.83161 4.1926 
-1.17295 3.64366 
0.273439 2.43642 
2.25956 3.76343 
-2.42013 3.85739 
-2.60092 2.29777 
-3.141484 3.868039 
-2.780056 2.731227 
-3.084788 3.334390 
-2.663590 2.106596 
-2.077411 3.364276 
-3.141527 3.071078 
-2.621620 2.679582 
-2.626019 3.002282 
-2.416391 3.065050 
-2.681448 2.697139 
-3.141536 3.362593 
-3.141561 4.212531 
-2.975995 2.552323 
-3.141578 4.425935 
-3.141587 1.911907 
-3.141587 3.206253 
-3.141578 4.166448 
-3.141567 4.190637 
-3.141590 3.957573 
-3.141580 4.248367 
-3.022258 2.244296 
-2.953812 2.697466 
-3.141575 2.779194 
-3.141555 2.455339 
-3.141592 1.526909 
-3.141585 1.596238 
-3.141558 1.375400 
-3.141560 1.265049 
-3.141576 1.306989 
-3.141592 1.662658 
-3.129956 1.426381 
-3.140448 1.186662 
-1.263191 3.185275 
-3.140444 1.944967 
-2.073183 3.361842 
-3.139840 1.189562 
-3.140318 4.865109 
-3.139897 1.276993 
-1.381802 3.209415 
-2.575156 3.768890 
3.141562 1.421729 
1.028108 2.716676 
0.345312 3.272597 
0.767794 3.247966 
-3.139845 1.108934 
3.141370 0.255799 
3.141578 1.263792 
3.141445 3.556787 
2.442653 2.619761 
3.141389 2.841445 
3.141559 1.152359 
3.141504 2.020153 
3.141564 2.016192 
2.005740 3.843918 
3.141461 2.789020 
3.141532 0.732452 
3.007082 1.276278 
3.141502 0.561913 
3.141382 0.643129 
3.141493 1.755717 
3.141370 0.377865 
3.141543 0.823729 
3.126113 0.531247 
3.141589 0.229731 
2.117720 2.018239 
3.136043 0.515340 
3.135969 0.835865 
3.138791 0.814316 
