0.271549 3.06875 
-1.62761 3.72538 
-1.2249 3.69821 
0.186914 4.17836 
-0.866446 4.20358 
2.39351 4.08862 
-2.95268 3.87086 
3.14054 3.30446 
2.63354 2.55693 
-0.719272 4.54339 
2.88641 2.44301 
1.45533 4.04433 
0.452841 3.88713 
-1.93583 2.55001 
-2.17908 3.35584 
1.67774 3.98593 
2.05498 3.09379 
1.14994 3.12935 
-2.72133 3.63214 
1.78821 2.97868 
0.702688 3.59019 
1.33387 2.82619 
-1.97017 3.47336 
-1.46247 3.66963 
-0.53489 4.21183 
-0.316401 4.19684 
-1.05453 3.46494 
2.20376 3.48415 
-0.00812302 3.55613 
-2.86905 3.9426 
0.848982 3.16519 
-2.4687 4.80407 
-3.141457 3.961902 
-3.141537 3.279272 
-3.141459 4.333626 
-3.141557 3.772758 
-3.141522 3.999517 
-3.141557 3.137845 
-3.141591 4.262621 
-3.141591 3.397194 
-3.141518 3.936564 
-3.141581 3.775412 
-3.141585 3.034152 
-2.951532 3.275399 
-3.141523 3.334661 
-3.141578 2.535667 
-3.141479 1.967768 
-3.141521 2.193288 
-3.141581 1.684669 
-3.141589 1.102067 
-3.141176 2.804304 
-3.084552 1.856277 
-2.518491 3.398749 
-3.141587 1.413674 
-2.154356 3.331409 
-3.141590 1.298209 
-3.141441 2.629116 
-3.138596 1.309628 
-1.161353 4.006010 
-3.141590 1.547913 
-0.509907 3.555700 
-0.003568 4.332867 
3.141502 1.765515 
3.141589 1.137012 
1.893971 3.967691 
-3.141592 1.866467 
2.520035 3.255957 
3.141542 2.973483 
2.906973 1.228211 
3.141491 2.550997 
3.141474 2.712953 
1.856851 2.823174 
3.141255 0.118212 
2.834638 2.042865 
2.741783 1.914596 
3.141554 1.862551 
3.141500 1.389119 
3.060530 1.019218 
3.141556 0.705642 
3.141556 0.660891 
3.141253 0.907521 
3.141590 1.002980 
2.128384 3.245531 
3.141482 0.432823 
3.141464 3.221928 
3.141307 0.394743 
-3.141559 2.736676 
3.141556 0.559499 
3.141517 0.835086 
3.141587 0.762719 
3.141478 0.791567 
3.141437 0.508343 
2.998870 1.678292 
3.102036 2.198045 
2.914573 1.742373 
3.141473 2.257439 
2.907032 2.055262 
1.919729 2.772198 
1.258849 2.669609 
0.246102 2.885548 
