0.151115 3.34336 
-2.52967 3.63691 
-0.580158 4.76336 
-2.9452 4.4697 
1.09505 2.83164 
-1.21127 3.77485 
1.93403 3.49652 
2.63873 2.28392 
-0.350045 3.3857 
0.336716 2.80605 
-1.48835 3.8054 
2.94051 3.73266 
1.27191 3.54961 
-1.77636 4.18183 
-0.98012 3.94894 
3.12803 3.75106 
0.703758 3.42054 
-2.17692 4.78537 
-0.611695 3.69262 
0.98065 2.74037 
-1.67975 3.42183 
2.34053 4.1796 
-2.11155 4.01197 
2.07789 3.37742 
0.468743 4.2156 
2.4609 3.44134 
1.71593 4.08015 
1.43002 3.02327 
-2.71813 3.86353 
-0.158204 4.19129 
-3.07487 3.52909 
-1.02664 3.65632 
3.141575 2.394591 
2.909637 3.029324 
2.638766 2.021031 
2.638728 2.105887 
2.641978 2.049120 
2.638736 1.164248 
2.641558 1.856569 
2.574344 1.634322 
2.608672 1.238826 
2.695218 1.039049 
0.379572 2.545176 
0.716707 2.518283 
0.605771 2.943723 
0.846598 3.181729 
0.336718 2.204458 
-2.529863 1.970395 
-2.529521 2.932636 
-2.949057 3.044962 
-2.445064 2.580551 
-2.529898 2.212853 
-2.528462 2.323812 
-2.548680 2.056616 
-2.532217 2.140537 
-2.529593 2.080101 
-2.522393 1.847403 
-2.240512 3.120018 
-2.522420 2.628187 
-2.525058 2.904614 
-2.521647 2.416659 
-2.522966 1.932978 
-3.141588 2.927770 
-3.036717 2.619784 
-3.141591 4.199308 
-3.141523 3.083018 
-3.038528 1.508358 
-3.141592 4.083848 
-3.141587 4.138001 
-3.141573 4.018744 
-3.141588 3.966611 
-3.141554 3.855223 
-3.056789 2.025329 
-3.141584 1.850908 
-3.035354 2.436417 
-3.037044 1.881251 
-3.023245 1.941659 
-3.073294 1.966868 
-3.039055 1.626586 
-3.038516 1.895286 
-3.038526 2.442526 
-3.045077 1.569998 
-3.038528 1.437999 
-2.678213 2.994565 
-3.038288 2.978035 
-3.038528 1.541790 
-3.038089 2.270589 
-3.038530 1.991503 
-2.522005 4.355601 
-3.038166 1.476191 
-3.034376 1.555983 
-3.038528 1.317753 
-3.038528 1.329661 
0.719154 4.484403 
-2.522359 3.048174 
-3.038528 1.251595 
0.151115 2.871103 
3.141570 2.960351 
3.141574 1.071982 
1.917214 2.884872 
