-0.165668 3.90743 
3.04781 3.02295 
0.0645887 3.46634 
1.86012 3.94742 
-2.00459 4.30167 
1.27079 3.89469 
1.40708 2.91863 
2.37184 2.13869 
-3.00099 4.25341 
-2.58517 3.85005 
-1.15829 2.93846 
-2.50379 4.04021 
-1.9359 3.67332 
-1.29344 3.98992 
-1.58899 4.06367 
0.661929 3.4571 
-2.9064 3.51306 
1.0008 2.74999 
0.495432 3.34114 
-0.253402 2.43121 
-2.34294 3.84428 
-0.518983 3.32427 
-1.53866 3.82283 
1.76685 3.49137 
-0.719048 3.0779 
0.829833 3.3802 
2.6846 2.00516 
2.08237 2.97314 
2.21124 4.10257 
2.79529 3.14407 
0.367483 3.22952 
-0.971022 4.35152 
0.262661 1.789978 
-0.468099 2.413422 
0.202659 2.129732 
0.145757 1.972748 
0.028940 1.989960 
0.427402 2.423900 
0.262648 2.614049 
0.254887 1.578300 
3.141428 1.789890 
0.254729 1.689059 
0.249642 1.489814 
0.248905 1.615078 
2.745666 2.157687 
0.225573 1.723437 
0.259661 1.582059 
3.141586 2.633860 
3.141398 1.124661 
3.038197 1.233302 
3.134434 0.909236 
3.141517 0.705216 
3.141509 1.119257 
3.141492 0.782649 
3.110669 0.675584 
3.118691 0.709869 
3.111986 0.658788 
3.111920 0.902068 
3.092047 0.550059 
3.081841 0.402934 
2.904615 1.551651 
3.085332 0.280167 
3.072655 1.021866 
3.081553 0.925269 
3.012223 0.921468 
3.065688 0.877080 
3.027409 1.129951 
0.250060 1.458185 
0.250060 1.295906 
-0.786448 3.653076 
0.249666 2.740744 
0.250060 1.064598 
0.028935 3.140738 
0.032547 2.450387 
0.073248 2.094266 
-0.372023 2.975610 
0.229833 1.724071 
-0.449215 2.692990 
-0.392558 2.446550 
-0.501609 2.224202 
-0.525635 2.507772 
-0.583311 2.522819 
-3.009554 3.510133 
-1.364483 2.677398 
-1.450476 3.077532 
-3.141567 2.617276 
-3.141538 2.315375 
-3.141574 3.182374 
-2.941819 2.772029 
-3.141565 2.402077 
-3.141588 2.092524 
-3.141545 2.529919 
-3.141588 2.304712 
-3.141588 1.390337 
-3.141582 4.432344 
-3.141434 1.610654 
-3.141539 1.728428 
-3.141590 4.070852 
-3.141588 3.523777 
-3.141585 3.167657 
