0.377143 3.2738 
-1.26147 4.14372 
-1.50527 4.04032 
1.25058 4.06909 
-0.698329 2.60544 
2.22869 3.08327 
-0.513573 3.80135 
0.140956 4.15401 
1.75313 3.69658 
1.79592 3.10799 
2.91478 2.88918 
-2.58771 3.71047 
1.42897 3.57048 
0.706622 3.16004 
0.57732 3.83448 
-1.64402 4.34656 
-2.49663 4.84452 
-3.07907 3.52214 
-0.27107 3.97935 
2.4237 3.13509 
2.62037 2.05318 
0.855006 4.18204 
1.07431 2.54522 
-0.790326 3.73787 
-2.03835 3.53185 
-2.20416 3.51425 
-2.78278 2.95564 
2.10497 2.45394 
-1.88229 4.46952 
-1.13927 3.9316 
3.1213 2.63825 
-0.143233 2.57421 
-0.144235 2.531394 
-0.625729 3.096373 
-0.144228 2.822899 
-0.698337 2.519109 
-0.372408 2.761908 
-0.748393 2.162203 
-1.020638 3.013116 
-0.745627 2.495327 
-0.763852 2.317708 
-0.750144 2.661510 
-2.723079 2.009892 
-2.772332 2.589054 
-2.323273 3.276971 
-2.722489 2.271214 
-3.141550 2.300486 
-2.792947 2.346409 
-3.141471 4.745908 
-2.910547 2.488612 
-2.742059 3.002927 
-2.714528 3.119166 
-3.141591 3.567719 
-3.141537 2.850093 
-3.141509 4.012984 
-3.141564 2.665676 
-3.141574 2.894851 
-3.141554 2.901273 
-3.141566 4.447840 
-3.141583 4.337727 
-3.141585 4.042366 
-3.141585 4.007988 
-3.034078 2.438135 
-3.141592 4.379171 
-3.141566 2.768711 
-3.141590 2.909363 
-3.141588 3.262752 
-2.732742 3.023715 
-3.141464 2.476874 
-2.724644 2.218057 
-3.141569 3.595107 
-2.712960 2.807556 
-2.792987 2.371910 
-2.686643 2.321794 
-2.723189 1.997076 
-2.718320 1.895257 
-2.718317 1.768661 
-2.718313 1.912776 
-1.342231 3.186624 
-2.718317 1.754638 
-2.718317 1.774424 
-2.718317 1.831462 
0.285991 1.914970 
3.141525 3.620299 
-2.718317 1.718724 
2.092728 3.710061 
-2.718320 2.080798 
2.620708 2.959789 
0.286143 2.589831 
0.300854 2.250889 
2.871446 1.492647 
2.104995 2.312667 
2.757234 1.587463 
2.587053 1.943687 
2.872946 1.824484 
3.016306 1.250938 
2.824947 1.546016 
3.141577 1.641751 
3.016269 1.673779 
2.951075 1.382280 
