-0.391697 3.12919 
1.77961 3.75158 
-2.7925 3.70446 
-2.53444 4.29473 
-2.56466 4.08914 
2.4858 1.90835 
2.66805 2.53947 
-1.07075 2.39615 
0.747021 3.05215 
1.60892 3.78039 
0.180861 3.66243 
-3.06016 3.71267 
-2.25517 3.31112 
2.27187 3.66907 
1.55037 1.72397 
1.1795 2.49145 
3.02818 2.39445 
1.16317 3.82723 
-1.5989 4.36168 
-2.13086 4.84304 
2.87583 2.55804 
-1.54326 4.63376 
2.03214 2.95881 
-0.922598 2.51244 
-0.527086 3.77027 
0.350972 4.12547 
-0.688072 2.90566 
-1.24302 3.86365 
0.865824 3.98232 
-0.151764 3.89247 
0.539316 4.14226 
-1.77778 3.39519 
-3.063858 3.743453 
-2.311440 4.071271 
-3.130882 2.808010 
-3.141520 2.024860 
-3.141535 2.218949 
-2.995946 2.090170 
-3.141573 1.830283 
-3.141512 2.175352 
-3.077712 2.052395 
-2.865106 2.766403 
-3.141579 1.955364 
-3.100639 2.072976 
-3.141405 1.432273 
-3.141430 1.351298 
-3.141566 1.451624 
3.141537 1.710322 
2.991912 3.372159 
1.550025 3.100053 
3.141545 1.759184 
-3.141430 1.255144 
3.141393 1.190656 
3.141558 0.282231 
3.141580 0.985565 
3.141567 1.991187 
-3.141205 2.757198 
3.054849 1.054605 
3.141587 1.480484 
3.141560 0.755796 
3.141558 0.708957 
3.141521 0.568453 
3.141532 0.341339 
3.141532 0.460929 
3.141378 0.526985 
3.136634 0.360108 
3.141557 3.790024 
3.139597 0.454161 
3.140047 0.437170 
3.139007 0.167235 
3.139168 1.069463 
3.139101 0.598601 
3.028256 1.524695 
-3.141432 1.614290 
3.139563 2.410565 
2.817471 1.498374 
-3.141547 1.315314 
1.556602 2.266134 
-3.141581 1.163371 
1.816172 2.746808 
-3.136376 1.344902 
-0.941075 3.498406 
-1.070738 3.412780 
-3.141582 2.414099 
-3.141589 2.740226 
-3.141430 1.250807 
3.141542 3.513283 
-3.141577 4.498817 
-1.235640 2.796834 
-3.141530 2.463170 
-3.141430 1.913820 
-1.070782 3.114419 
-3.141564 3.995242 
-3.032511 2.127073 
-3.141568 1.754493 
-2.558255 2.990553 
-3.141559 2.513710 
-3.141588 3.771617 
-2.440139 3.522446 
-2.692084 3.808351 
