-0.52697 3.0695 
0.53798 3.14684 
1.99883 3.68131 
-2.76983 3.80759 
1.06652 4.07297 
2.63013 3.24997 
2.23865 3.08211 
-1.78546 2.60848 
0.0856188 3.29763 
-1.66215 3.72591 
-1.26985 4.769 
-2.35479 3.93736 
-1.01598 4.1364 
-3.08804 4.12814 
-2.48495 3.5647 
-0.30844 3.86971 
2.76625 4.09787 
-1.98155 4.35693 
3.00031 3.32365 
0.741406 3.25896 
1.86902 3.11353 
-2.7112 3.58485 
1.31549 4.27484 
0.932062 2.70296 
1.51287 3.25882 
-1.44282 3.48975 
2.41284 3.34474 
0.360596 3.32305 
1.71688 3.9052 
-0.133257 3.54443 
-0.752567 4.84869 
-0.976525 3.77866 
-1.785487 2.008823 
-1.785523 2.653893 
-1.835592 2.167359 
-1.645285 2.140831 
-1.775430 1.984648 
-1.753341 2.061179 
-1.933553 2.485491 
-1.775497 1.968789 
-1.777893 1.809187 
-1.777914 1.578618 
-1.777957 1.767680 
-0.527777 3.906482 
-1.777996 2.780718 
-1.775421 1.584327 
-1.777829 1.564943 
-1.771627 1.423309 
-1.771566 2.915923 
-1.771627 1.436891 
-1.771628 2.079181 
3.141592 3.085818 
-1.771557 2.609374 
-1.769935 1.430426 
-1.771559 1.475730 
-1.769935 1.292423 
3.141580 1.113083 
3.141580 1.189853 
3.098975 1.319118 
3.141568 0.581051 
3.141555 0.999918 
3.141530 0.571724 
3.123823 1.290705 
3.123661 0.957814 
3.141342 1.729864 
3.141589 1.731263 
3.123853 2.167536 
2.798793 2.259519 
-2.270214 3.313386 
-1.769766 4.757627 
2.641180 3.077565 
0.418740 3.262510 
-1.769935 1.228246 
-1.769155 1.298526 
-1.769959 1.799782 
-1.769936 1.929887 
-3.141507 2.085351 
-1.769151 1.264285 
-3.141580 2.476443 
-3.141587 1.900455 
-3.141417 2.805358 
-2.983752 2.281551 
-3.141592 2.228806 
-3.141587 2.545968 
-3.114842 2.058515 
-3.141589 1.741385 
-2.629470 3.143202 
-3.141591 1.836370 
-3.141569 4.864275 
-3.141592 2.568181 
-3.141548 1.585657 
-3.141580 1.942376 
-3.141581 3.998170 
-3.141587 1.616421 
-3.141568 4.007618 
-3.141507 2.235805 
-3.141567 4.252488 
-3.141562 4.638639 
-3.141592 3.817722 
-3.141564 3.628082 
