-0.436215 4.22445 
0.171843 4.24927 
2.27919 2.13915 
0.795436 3.626 
-2.20394 3.54931 
2.82812 2.88621 
1.72157 3.42863 
1.24786 2.86538 
-0.898498 2.78913 
2.58379 3.07369 
2.40484 3.11964 
-1.12709 4.89839 
-0.365855 3.7565 
0.749045 3.32627 
-3.07038 4.64556 
-1.74723 3.81408 
-2.12341 3.1038 
1.41552 3.44192 
-1.31893 3.44438 
-2.63567 4.30335 
-0.0544334 3.78638 
0.260207 3.00499 
-1.39076 3.08015 
1.89676 1.98714 
1.15719 2.96383 
-1.89486 2.65613 
3.10526 1.33844 
-0.65703 3.55253 
2.00385 3.49132 
0.482099 3.93399 
-2.80992 4.73333 
-2.40163 4.31696 
3.141548 2.394362 
3.105266 0.346124 
3.141583 0.784990 
3.141568 0.682264 
2.959019 1.415856 
3.115358 0.703211 
3.105307 1.753343 
3.128707 0.551172 
3.111173 0.515441 
3.105457 0.729975 
3.068975 1.155935 
3.065295 1.010620 
2.766867 1.976241 
3.141510 1.342485 
3.005214 1.090701 
2.708801 2.700106 
-3.141586 4.015862 
1.896582 2.501175 
2.186666 1.501374 
1.907609 2.494623 
-1.858803 2.436695 
-1.819944 2.617278 
-1.704925 1.722168 
-1.691690 2.018539 
-1.704872 1.600378 
-1.664072 1.736413 
-1.704884 1.790510 
-1.695307 1.579704 
-1.686530 1.675421 
-1.698315 1.473881 
-1.716895 1.838870 
-1.720097 1.893881 
-1.731202 1.891333 
-1.750188 1.988248 
-1.752183 1.734009 
-3.141542 4.575759 
-3.141509 2.663887 
-3.141507 3.426868 
-3.141519 2.393739 
-2.853364 2.322128 
-2.975875 2.857747 
-3.141415 2.079101 
-3.141592 4.051191 
-3.141582 3.795306 
-3.141578 2.871817 
-3.141569 3.822230 
-3.141573 4.335214 
-3.141591 4.348842 
-3.141593 3.063296 
-3.141581 3.990053 
-3.141592 1.755086 
-3.141502 1.279465 
-3.051810 2.127175 
-3.141512 2.785061 
-2.680885 3.106982 
-3.141591 1.360603 
-3.141547 2.296940 
-3.141527 1.359977 
-3.141592 4.191688 
-3.141502 1.199412 
-3.141586 1.882006 
-3.141481 1.170871 
-2.917298 2.653794 
-3.141580 1.222674 
-1.193908 3.496626 
-3.130427 1.446643 
-3.141444 1.431333 
-0.406106 2.364044 
