-0.0749133 2.81418 
2.68167 1.68595 
0.344954 4.279 
-0.857801 3.10566 
-2.97235 3.70511 
-2.25963 4.37602 
1.34058 3.87069 
-0.696867 3.92596 
-1.18955 3.56732 
2.40912 2.92751 
1.00614 3.41733 
0.973116 2.67388 
2.30685 3.29545 
-0.99436 4.4474 
-2.90661 4.30991 
-2.14988 4.81561 
-2.61403 4.54289 
1.87491 1.99836 
-1.95703 3.6048 
-0.262169 3.77513 
1.38984 3.91333 
2.87521 2.772 
3.03676 2.14637 
2.1349 2.49263 
-1.76642 4.49093 
0.118002 4.00026 
1.5959 3.74739 
-1.55249 2.8344 
0.534455 4.00648 
0.631976 4.22402 
-0.582684 3.48193 
-2.43135 2.65145 
2.683752 2.254367 
2.805000 1.510721 
2.886549 1.510580 
3.141555 1.299410 
3.141570 0.959022 
3.141498 0.758645 
3.141591 1.192306 
3.101251 1.046494 
3.141589 0.539169 
3.141589 0.192289 
3.141556 1.791477 
3.141588 1.098353 
2.823661 1.881403 
3.120898 0.549410 
3.108321 0.430609 
1.752269 2.075858 
1.871889 2.093669 
1.624317 1.781908 
1.703079 1.161904 
1.153598 2.294569 
-1.688389 2.749130 
-2.139891 3.032867 
-2.381582 2.769678 
-3.141592 3.294893 
1.006673 2.246521 
-1.752651 3.097191 
-2.403428 2.952770 
-2.295938 2.309785 
-2.295964 2.697107 
-2.146583 2.487738 
-2.537656 2.716019 
-2.272772 2.315203 
-2.295095 2.305608 
-2.287002 2.438011 
-2.297870 2.109422 
-2.307379 2.209545 
-2.315843 2.153498 
-3.141527 3.820101 
-2.760082 3.218375 
-2.330277 1.741748 
-2.908770 3.192950 
-2.895891 3.133105 
-3.141460 4.381934 
-2.947298 3.693739 
-3.061268 3.407614 
-3.141587 4.122840 
-3.141454 4.192322 
-3.141553 4.135628 
-3.141575 4.092297 
-3.141567 3.975227 
-2.972928 1.838491 
-3.015960 2.553677 
-2.995062 2.347572 
-3.141487 1.333709 
-3.141556 2.160036 
-3.141587 1.529215 
-3.141443 1.676367 
-2.376887 3.611523 
-3.141438 1.244552 
-2.330469 4.131463 
-3.104155 1.728614 
-3.141587 2.594780 
-3.141401 1.973554 
-3.141490 1.307699 
-2.969407 2.370568 
-3.141360 1.525568 
-3.141438 2.079821 
-3.141442 2.283510 
