-0.421375 3.81959 
0.707766 3.2601 
1.91481 3.37922 
1.40357 2.47493 
-0.966284 2.36755 
-2.38602 4.11525 
-1.48466 2.4506 
0.394242 4.18768 
-2.05762 3.98061 
-1.88037 3.51691 
-1.24147 3.75882 
2.89705 3.0874 
-2.31868 4.76383 
-0.249244 4.03076 
-1.70317 4.09514 
-2.69432 3.91993 
-3.00908 2.53484 
2.38913 3.0645 
0.0532332 3.42031 
-0.0244667 3.84639 
-1.07023 4.08514 
2.01562 2.9978 
2.18621 2.50589 
3.02252 3.22697 
0.328791 2.73455 
-0.597151 4.08348 
-2.94285 4.09156 
1.69534 3.28481 
1.14538 2.61076 
0.973574 3.11081 
1.37068 3.94869 
2.59081 2.57625 
-3.141552 3.439369 
-3.011450 3.492181 
-3.141568 3.178993 
-3.141576 3.833329 
-3.141526 2.628432 
-3.141592 1.858664 
-3.141585 2.599525 
-3.141585 1.949684 
-3.141587 2.088008 
-3.141592 1.455834 
-3.141542 1.395310 
-3.141587 4.241806 
-1.826295 3.344809 
-3.141566 1.527706 
-3.141587 1.261689 
-3.128307 1.418015 
-3.141587 1.572267 
-2.803997 2.832366 
-3.139496 1.169594 
-1.362969 2.382920 
1.275232 3.688429 
3.141158 1.758100 
1.815362 4.059306 
-0.783776 3.060147 
-1.484660 3.170744 
3.141591 0.706605 
3.141413 3.390689 
3.141531 1.533565 
1.129024 1.746875 
2.669414 2.625749 
3.141497 2.797789 
3.141550 0.698321 
3.141123 1.847274 
3.062342 1.497521 
3.141408 1.619998 
3.141546 0.263240 
3.123210 0.496192 
3.141213 0.498902 
3.137123 0.542467 
3.141517 0.735250 
3.141395 0.318863 
2.489904 4.007129 
3.141546 0.223813 
2.932159 1.559383 
3.141574 1.165352 
3.137199 0.317918 
3.132947 1.104178 
3.131066 0.554468 
3.134442 0.318401 
3.127948 0.494601 
1.099055 3.544472 
3.079697 2.359268 
3.141543 2.444382 
2.186180 2.535879 
-3.139496 1.957586 
0.269387 4.142933 
-1.462364 3.105582 
1.409654 2.145809 
-3.139479 4.378791 
0.948557 3.207250 
-0.905035 4.189211 
-3.139496 1.276948 
-3.139495 1.242013 
-3.138742 1.079986 
-3.138601 2.280778 
-1.995054 3.162026 
-0.966307 3.407230 
-0.911234 3.960587 
