172.602 200.366 
268.002 188.205 
226.323 41.475 
26.4767 273.283 
14.1552 305.95 
23.392 210.714 
124.083 19.3301 
80.0473 267.67 
95.8698 167.229 
47.5065 221.766 
194.768 181.204 
105.717 87.2282 
94.7897 135.691 
122.578 191.313 
137.963 3.59438 
132.209 30.5009 
307.923 126.014 
352.084 26.6784 
162.391 139.252 
47.2827 367.18 
150.096 243.983 
92.9515 112.291 
221.577 231.88 
73.8407 294.975 
185.994 83.7355 
19.5718 55.0393 
173.879 89.602 
56.0211 40.8699 
115.46 221.702 
43.6538 221.893 
85.1157 47.6725 
158.394 48.1495 
37.3222 28.8862 
152.741 155.294 
233.21 19.7649 
90.7387 212.765 
181.044 90.9453 
474.001 0.156611 
13.9323 61.2009 
140.012 37.5425 
17.312 234.55 
7.56425 285.44 
31.2893 211.184 
58.6938 22.4065 
102.586 308.811 
163.355 45.3244 
42.4666 236.113 
271.587 13.9663 
157.898 26.9191 
78.3913 196.059 
1.18712 310.574 
148.483 193.645 
58.8056 181.599 
150.262 5.77679 
154.386 101.516 
296.581 61.8457 
359.351 48.6725 
17.8167 319.568 
75.6123 165.495 
135.061 47.1875 
98.4955 204.547 
136.727 56.9964 
247.109 27.1978 
207.641 126.685 
115.587 154.875 
1.477614 13.135486 
3.180752 43.203818 
1.718620 0.932548 
4.215639 4.719924 
6.193143 5.125073 
20.674830 9.419680 
0.643196 1.564609 
7.070365 8.586403 
1.634559 2.351281 
2.338415 2.024285 
1.403663 0.990212 
3.907050 8.142123 
2.701327 2.723473 
3.725271 2.817047 
4.129538 8.311730 
1.945098 4.707435 
7.015522 7.832320 
4.521560 15.757997 
5.141754 11.328836 
2.574875 5.115296 
1.757478 7.483556 
3.776205 10.400399 
7.985152 47.941105 
7.130950 41.979670 
11.470719 65.848539 
4.470679 23.031707 
3.406939 66.571331 
0.042063 140.315711 
3.441185 109.915567 
4.508084 66.415439 
7.234444 77.609588 
5.580120 83.108388 
2.228543 131.814390 
0.016924 185.077675 
0.562133 137.138522 
