58.4748 47.3375 
57.4651 158.024 
28.9486 55.4603 
78.0795 96.9293 
189.292 139.416 
290.527 71.7783 
188.982 7.27396 
198.832 119.505 
12.6278 274.591 
281.861 37.7251 
48.1887 168.733 
106.57 227.548 
276.815 17.0214 
220.4 68.0551 
139.423 163.531 
337.669 37.8307 
62.9857 101.3 
139.087 120.748 
290.143 75.5351 
242.665 23.623 
97.884 171.854 
221.857 93.5602 
121.2 128.315 
72.8938 27.2542 
234.353 48.4214 
214.333 139.568 
40.841 228.513 
75.6947 300.933 
154.473 88.8637 
53.2043 331.836 
20.8487 376.656 
76.7642 87.2127 
107.056 264.305 
50.0335 147.451 
194.984 39.6392 
173.513 59.7751 
17.8316 85.6175 
7.7902 82.4865 
159.889 222.603 
216.646 208.381 
173.94 90.5311 
20.0934 183.718 
67.6833 213.11 
10.366 4.63186 
129.913 99.6101 
155.865 314.015 
66.6409 100.628 
82.6602 57.8182 
41.0738 94.0071 
29.6395 361.307 
366.792 4.1859 
41.8716 339.003 
344.875 10.8085 
174.72 51.1037 
180.815 87.5516 
251.569 100.204 
68.043 335.342 
60.8336 255.978 
222.335 32.5848 
51.6575 52.1634 
100.184 141.279 
1.98887 279.446 
383.418 31.0618 
6.73645 348.173 
241.116 41.8975 
2.065908 10.988763 
4.290614 70.885799 
2.177065 3.097291 
5.356410 11.389860 
3.608222 11.181013 
5.476997 9.634792 
4.629634 16.391623 
1.375019 3.774958 
2.012926 5.242431 
0.657028 0.596206 
5.861790 5.008808 
3.464364 3.558569 
5.564961 3.444090 
10.388411 7.299309 
8.294712 5.389054 
8.452435 6.480633 
4.396704 4.875793 
3.244282 1.556510 
19.093777 9.171288 
20.128476 8.598200 
17.768618 9.849148 
1.562755 2.986891 
53.295925 11.013723 
50.480168 10.119272 
81.231319 8.796274 
48.855925 11.707023 
42.127674 9.874775 
80.182183 7.675835 
137.557938 0.003708 
54.003412 8.069931 
192.992166 0.003375 
56.266827 10.631807 
102.396528 0.412239 
167.378741 5.519134 
161.614732 1.518624 
