161.812 175.77 
159.612 151.672 
21.7955 98.3589 
154.798 272.237 
195.95 232.939 
49.8582 307.105 
134.928 133.002 
122.974 268.614 
136.367 1.11164 
163.466 19.5615 
20.8758 190.314 
210.322 82.9651 
15.1449 216.507 
60.6092 70.0502 
146.433 108.145 
66.5241 258.216 
47.7532 136.29 
67.9403 190.692 
12.7818 270.622 
15.8953 178.533 
256.692 34.8462 
111.28 170.254 
53.8416 219.915 
173.539 105.301 
162.523 127.084 
29.3285 220.884 
139.297 125.21 
274.831 77.1723 
247.839 111.783 
259.227 21.2275 
94.7084 62.3116 
384.258 88.8305 
114.79 78.4543 
137.987 49.8944 
13.8426 280.275 
176.867 147.484 
219.729 95.761 
14.4609 76.6728 
169.916 84.5797 
180.789 60.263 
226.324 36.5185 
116.212 10.3013 
308.938 80.8431 
244.959 77.1823 
117.65 160.759 
369.403 58.0123 
112.011 3.26852 
191.53 109.49 
62.2947 100.278 
69.9335 143.94 
242.276 54.1147 
110.302 21.7986 
55.138 193.504 
99.2185 319.895 
284.404 18.0043 
88.3355 162.771 
100.155 254.508 
79.7468 104.496 
68.2263 98.3987 
8.11698 270.193 
55.707 359.213 
241.303 125.616 
101.109 241.339 
1.13091 130.116 
357.491 12.2441 
2.188488 16.598839 
4.568003 43.207447 
1.281655 0.316780 
29.530225 2.788782 
52.182310 7.461525 
46.069441 6.719300 
9.187049 5.322247 
100.452309 7.588975 
66.544481 8.138583 
145.834962 2.848347 
198.759665 0.001381 
43.300194 8.083070 
21.690469 6.165472 
3.763305 2.945239 
15.888753 4.601146 
26.286091 4.320346 
11.260434 4.735390 
5.518578 1.831631 
2.747829 1.340109 
18.637451 5.938455 
9.759100 5.899591 
2.219854 4.149879 
2.125798 2.198861 
1.024720 3.375599 
2.796454 1.189098 
2.712310 1.486420 
3.737911 2.547796 
3.091088 4.134420 
0.652711 0.548104 
12.427115 9.979416 
1.333978 1.237314 
1.854106 1.732955 
2.868270 6.766004 
3.739993 6.862257 
2.067245 2.468525 
