107.841 102.613 
124.963 204.99 
134.533 25.9019 
36.9431 135.97 
186.551 341.877 
82.2065 268.26 
159.211 59.7936 
80.1784 285.372 
119.286 48.2274 
118.26 57.3229 
171.565 168.926 
3.85564 225.922 
100.022 207.554 
239.517 62.6815 
347.89 74.8244 
287.617 19.8533 
0.0769254 381.014 
167.509 151.866 
61.2299 266.129 
218.497 1.35849 
189.73 21.0156 
83.854 175.891 
191.25 258.446 
93.4064 245.639 
112.42 81.778 
176.674 57.1298 
100.44 78.2357 
107.461 164.721 
247.276 140.068 
302.489 5.77047 
329.945 48.1048 
8.00233 148.184 
131.254 238.429 
260.161 46.5968 
181.216 94.7665 
205.081 167.36 
31.7684 251.88 
150.492 95.2687 
43.9423 18.2092 
318.869 18.5869 
44.6738 57.2841 
31.29 168.351 
146.966 89.0764 
29.629 194.652 
45.9184 104.111 
54.117 335.214 
112.695 121.82 
207.867 145.307 
243.356 69.7715 
24.297 244.979 
14.1593 119.408 
139.154 161.414 
38.9939 17.7175 
29.4668 144.278 
158.324 15.2572 
302.647 38.5401 
284.776 99.6216 
99.5098 303.617 
154.955 7.47165 
150.056 221.032 
51.1678 133.521 
15.0795 188.479 
129.59 152.382 
236.603 54.8494 
11.661 243.264 
0.502306 2.940347 
4.884219 51.501377 
2.485439 61.079954 
2.471875 161.145642 
1.921082 40.066202 
0.003492 191.292512 
0.000941 216.907797 
5.947040 17.934456 
6.671678 91.293412 
7.643814 41.550563 
5.698237 61.258437 
7.494253 20.285650 
3.981539 17.867242 
3.816654 6.163190 
4.016577 19.828508 
5.542038 33.671650 
4.702888 24.048821 
1.611789 5.770260 
4.223977 6.578130 
4.468439 9.396383 
0.287034 2.088274 
2.425101 4.379060 
0.508832 2.146677 
3.858587 4.164271 
2.261087 1.833509 
2.047422 2.635315 
5.318032 5.265197 
2.240629 1.617171 
1.751815 1.618438 
7.369466 4.935369 
3.138608 2.768447 
3.598059 3.738874 
10.769117 4.568991 
3.310189 1.606523 
13.525313 7.228673 
