153.058 115.854 
40.5318 154.941 
91.2853 46.2253 
32.21 302.423 
59.5721 92.751 
317.853 53.0278 
195.797 29.6147 
190.307 228.807 
4.54695 234.764 
189.22 87.4644 
155.1 57.9865 
126.619 210.549 
162.317 7.66348 
225.136 12.1904 
114.758 207.942 
172.289 108.937 
22.9516 152.307 
138.421 160.022 
40.6105 119.145 
325.894 2.61722 
261.365 20.0107 
52.8079 131.297 
237.989 24.228 
30.8728 161.212 
43.3426 319.783 
30.975 140.18 
30.4246 328.598 
65.2648 138.455 
157.33 87.252 
261.464 23.6574 
77.66 274.046 
165.99 157.949 
276.204 60.161 
140.662 58.3465 
137.826 83.0618 
60.2931 346.707 
95.0072 176.982 
125.161 103.034 
56.1625 114.092 
159.856 174.245 
62.8912 172.221 
213.526 184.007 
136.423 72.6427 
286.616 92.6621 
62.1956 274.106 
349.663 44.4427 
2.29852 231.949 
365.373 6.82356 
14.4806 205.695 
125.858 35.9154 
333.507 61.8146 
14.6609 338.258 
28.2932 92.6681 
83.4697 121.207 
66.5056 87.931 
231.762 54.5626 
128.947 169.561 
189.24 128.653 
297.462 97.147 
117.431 46.7549 
101.082 244.112 
83.4416 82.011 
16.7719 291.722 
151.716 112.944 
308.766 80.9025 
0.427045 7.329913 
7.514266 50.651629 
3.259435 31.366444 
6.516483 35.204011 
6.516032 30.122477 
7.354597 65.379724 
6.028794 42.039553 
0.007286 176.471476 
1.444949 93.954827 
4.550080 122.773946 
6.115590 140.904522 
0.000171 153.118081 
6.184306 87.862154 
6.883767 24.498444 
5.515164 42.393219 
4.859857 55.374918 
3.639700 48.966014 
0.231303 1.177125 
2.420798 6.410863 
1.979711 6.731226 
6.195073 28.310364 
2.611078 11.855885 
0.499861 3.208107 
3.511373 6.736623 
1.386901 4.476693 
2.726088 6.046897 
1.383300 4.997922 
3.945071 5.181711 
2.639093 3.982144 
1.712087 2.995529 
0.774804 4.101171 
2.822283 2.859036 
8.552507 6.341401 
12.483885 10.902177 
0.054154 0.552752 
