137.324 177.066 
165.471 52.5887 
1.09051 243.937 
147.351 18.6746 
314.554 67.5828 
170.336 186.418 
108.405 28.4116 
200.004 195.851 
78.0501 21.9902 
13.7927 104.743 
71.0692 178.349 
158.318 73.1878 
120.075 85.347 
395.856 24.0162 
208.85 78.9726 
148.903 85.3074 
81.1388 175.409 
75.5966 45.1184 
20.6892 287.236 
121.819 242.444 
7.38391 252.584 
95.9217 141.502 
110.121 153.285 
97.7976 114.098 
203.184 7.4976 
207.365 104.583 
148.224 100.981 
298.318 73.0506 
73.2682 311.861 
56.8516 304.861 
255.893 100.256 
270.399 49.607 
31.1012 326.888 
75.8537 119.467 
26.1691 79.2391 
106.541 257.741 
56.1605 147.093 
174.606 200.539 
75.7279 131.032 
71.9255 257.742 
176.418 1.9352 
9.37684 216.666 
103.049 189.28 
45.3371 173.772 
172.825 75.0902 
24.3455 154.27 
88.676 79.9911 
233.239 119.997 
320.798 105.115 
62.0959 282.829 
341.813 57.8887 
177.614 170.136 
314.761 5.97762 
305.472 24.716 
272.777 30.3125 
154.184 101.792 
21.9432 71.0841 
204.174 160.748 
178.967 25.927 
17.862 356.628 
42.0694 244.663 
302.112 26.4175 
97.3079 159.704 
109.386 91.0672 
13.8464 133.645 
2.571754 20.010078 
6.345768 29.833142 
0.534797 0.493072 
2.917180 4.304827 
3.582169 5.434301 
7.545903 8.202578 
3.268503 4.259573 
0.683259 1.633315 
2.445528 4.525618 
3.194920 9.998301 
4.198518 8.359077 
7.940729 9.397210 
10.236848 22.045047 
1.302973 2.001667 
1.775915 7.084136 
0.619344 1.650484 
2.959221 12.405493 
7.436704 24.653147 
5.671873 11.683000 
1.029155 1.646456 
8.697671 32.680375 
6.226813 66.383886 
12.684289 135.007664 
9.482097 89.840678 
3.136789 129.109324 
8.159125 76.641525 
5.360455 125.033093 
0.002278 133.600266 
0.000600 181.988824 
3.191701 110.066907 
1.225431 177.158011 
0.021222 193.042860 
8.597884 64.508329 
8.364236 54.356766 
6.220004 54.124602 
