162.966 150.712 
166.763 249.42 
86.5108 42.5296 
96.9123 257.107 
150.872 101.025 
155.022 135.241 
156.254 151.896 
143.492 148.531 
335.919 7.4276 
284.836 9.09879 
13.2922 219.148 
202.523 171.372 
280.107 36.1706 
34.9427 21.4131 
48.7555 262.046 
34.9321 109.139 
360.406 32.8141 
2.95009 121.512 
209.478 39.0121 
88.297 144.815 
143.785 31.2265 
273.454 22.6127 
230.264 73.3082 
44.3508 160.604 
234.452 25.496 
35.1928 220.453 
16.2307 99.1064 
83.5412 126.356 
128.713 169.67 
194.057 1.83206 
138.758 154.619 
148.507 177.984 
26.2064 260.556 
109.724 151.727 
72.3285 278.127 
11.2379 234.429 
202.051 130.485 
82.8902 196.012 
55.5129 160.205 
0.792148 310.788 
223.289 80.8739 
176.413 140.832 
169.51 59.3517 
168.958 38.6882 
23.8507 318.036 
152.701 111.162 
21.3383 194.621 
30.4519 245.696 
161.765 285.998 
73.9709 317.658 
174.459 73.8846 
437.562 28.5545 
47.8106 104.369 
40.9843 77.8543 
97.4781 248.235 
138.725 65.4479 
196.843 30.5769 
11.7785 56.1309 
231.875 93.1126 
354.844 62.6512 
146.773 82.8748 
248.955 69.3915 
282.002 73.7335 
96.9696 191.818 
150.754 78.9452 
1.595395 16.097330 
6.420996 86.223215 
5.067096 2.380666 
1.474514 1.854328 
8.196542 2.001738 
11.821827 3.639687 
18.543227 6.357707 
3.715322 2.416126 
9.558139 4.761448 
5.738620 2.362147 
10.471064 4.175228 
9.044997 9.225403 
7.859697 5.555871 
1.672198 1.009000 
2.120038 3.773880 
5.543950 2.974974 
0.523394 1.666674 
1.362720 1.874427 
2.621879 5.882748 
0.448003 0.429353 
1.471290 4.124568 
5.094771 6.244365 
2.382665 9.199802 
5.936960 19.202674 
2.534152 6.460844 
3.444643 10.418669 
2.078687 0.942493 
7.119947 34.927708 
4.518746 30.587280 
8.417667 76.893147 
4.049786 23.550435 
7.281996 32.264572 
0.003173 131.126637 
7.450645 57.972193 
4.527205 94.720743 
