81.9728 117.002 
310.835 46.0816 
121.347 121.325 
179.22 4.3569 
143.071 251.263 
196.893 19.4396 
123.856 254.823 
252 149.324 
142.651 126.428 
36.5613 247.73 
17.4519 211.59 
35.2211 261.173 
66.8805 72.6907 
211.472 43.9441 
107.205 29.7407 
77.166 221.493 
23.2134 193.958 
67.1039 243.938 
102.631 119.326 
142.857 32.8951 
103.096 253.252 
200.333 6.90461 
155.692 114.496 
237.234 14.2914 
39.8014 182.86 
279.575 177.448 
219.428 0.318542 
200.766 108.095 
132.526 304.816 
146.564 195.804 
81.8667 130.984 
213.509 93.9575 
194.031 37.4784 
6.20032 355.144 
274.045 84.5442 
10.2533 101.385 
169.262 56.1106 
147.163 246.052 
56.0602 66.367 
116.257 99.2252 
181.46 20.034 
221.044 207.581 
43.5738 114.065 
79.149 20.2837 
100.63 184.228 
197.196 138.138 
5.51528 356.971 
202.692 34.6408 
45.6663 195.141 
6.86465 15.1536 
123.555 9.21003 
9.40636 288.905 
209.845 101.844 
47.6693 278.461 
61.0398 198.218 
14.4241 289.532 
55.495 297.253 
191.482 85.5899 
74.9899 296.492 
151.838 191.442 
306.856 41.8812 
107.191 84.8753 
180.696 68.6624 
257.357 147.493 
192.235 76.2112 
13.253734 1.459669 
68.876437 15.058845 
22.980815 4.484613 
22.010224 5.507422 
15.812136 9.244899 
11.385677 4.531509 
75.733217 5.768292 
15.511558 4.896510 
3.800924 3.777787 
31.734084 8.435590 
19.565378 4.501625 
11.580264 1.976808 
2.259672 1.163208 
2.479262 1.860736 
7.602134 3.345689 
3.712158 5.020778 
5.635272 6.542088 
3.163801 3.377771 
2.628318 0.715754 
4.694671 3.814916 
5.281965 3.618607 
5.202685 4.847307 
3.995356 5.843567 
0.982298 1.305665 
0.888456 1.606053 
3.223310 4.211756 
4.523940 7.436198 
3.468774 6.159167 
0.985614 2.467493 
5.466437 11.766643 
7.975254 16.544858 
4.949360 11.014653 
8.585035 39.321598 
2.888931 25.721244 
0.858561 10.925649 
