66.614 83.057 
198.181 70.7702 
18.6448 67.8675 
30.7578 276.183 
267.177 1.52395 
64.2349 130.97 
221.278 55.4584 
82.0649 220.219 
201.007 102.047 
76.3183 194.12 
84.8502 128.979 
1.71094 131.86 
208.352 4.43449 
129.985 184.31 
149.236 209.263 
66.6011 72.4702 
309.339 50.6064 
71.3393 151.605 
289.495 29.7536 
99.1749 122.494 
58.3683 222.312 
223.114 64.0661 
285.292 35.8704 
78.4333 31.5161 
53.9578 346.307 
320.292 47.6681 
102.574 90.1235 
32.3214 154.468 
92.1505 175.426 
16.3003 225.029 
207.646 127.478 
77.0854 181.055 
66.0425 105.777 
283.099 193.59 
45.5219 1.96691 
115.764 24.1866 
299.354 74.0734 
182.098 203.179 
127.759 128.913 
10.4611 273.819 
189.926 105.045 
6.41275 277.078 
175.788 83.6653 
30.5356 310.677 
208.459 37.9605 
323.495 20.0398 
47.0716 339.691 
134.58 129.114 
132.698 99.1696 
248.091 21.8612 
14.2369 85.6491 
196.346 104.778 
42.1936 212.523 
299.991 102.963 
62.7063 178.947 
81.4555 254.723 
81.9697 143.105 
78.0322 322.496 
328.342 22.2515 
208.857 163.681 
200.279 170.956 
229.932 69.3469 
158.439 65.6195 
14.5799 257.869 
144.232 90.8523 
7.408170 56.925821 
5.335424 11.509615 
4.692821 12.837360 
2.153362 3.487169 
3.952095 16.184238 
11.696017 52.287905 
9.380266 33.212693 
8.679521 11.920540 
7.543736 7.746628 
9.163478 18.397419 
12.766444 28.752032 
5.220438 7.897888 
1.717832 1.964676 
2.216675 1.559588 
0.641300 1.756588 
1.021276 1.460340 
2.258305 2.670419 
2.394136 2.434697 
8.635169 4.683074 
8.639342 5.977809 
1.170331 2.381279 
3.650789 3.193851 
5.889534 2.198871 
14.578163 6.939976 
0.482850 1.352689 
13.765218 6.957025 
0.369153 1.281505 
0.852572 1.997707 
78.157377 8.302631 
30.537614 8.004524 
3.289026 1.586360 
34.679995 6.944750 
84.730649 5.287065 
87.140382 1.069179 
58.624596 3.640376 
