218.72 194.763 
93.8293 199.929 
25.9989 122.718 
78.5869 346.203 
203.446 83.0011 
99.0865 100.415 
220.696 75.6202 
75.5456 261.493 
37.0631 233.56 
334.391 78.0387 
205.062 34.3119 
6.40251 353.787 
247.956 22.7864 
153.527 38.6674 
318.932 2.79018 
71.2403 122.263 
265.259 38.0115 
119.326 43.4323 
146.776 106.967 
108.632 224.65 
26.9913 293.749 
173.847 161.59 
259.449 131.552 
274.798 82.1127 
157.436 105.844 
47.3958 89.2566 
64.2268 48.7474 
99.2992 12.9891 
83.1608 228.069 
217.223 11.2078 
81.085 44.8901 
45.2863 176.068 
93.5383 281.587 
9.22141 72.7479 
74.297 173.624 
158.846 181.113 
227.299 102.831 
157.846 82.9242 
176.483 32.7925 
220.037 9.16143 
192.186 126.83 
45.7188 257.544 
24.3375 238.919 
117.08 99.0579 
133.572 224.073 
3.01464 318.719 
12.5562 303.092 
76.0828 44.9756 
107.362 144.221 
135.558 164.407 
55.5667 138.365 
107.861 112.65 
264.524 58.5433 
95.4622 118.583 
10.5124 151.489 
290.035 34.8134 
153.743 231.399 
60.0558 193.576 
175.531 13.7016 
325.816 100.26 
14.1128 236.769 
212.576 93.2886 
49.1152 255.412 
297.606 6.94968 
145.634 213.535 
3.352072 23.152958 
8.520007 34.621516 
1.108210 1.445721 
3.599141 7.968952 
4.042206 6.117236 
1.766992 1.742200 
5.729755 6.980353 
3.675643 7.375130 
0.475765 1.397124 
4.370087 14.689990 
4.506257 10.990634 
2.908231 5.390651 
8.925865 40.482344 
3.555769 8.290038 
4.047589 8.609061 
0.742467 6.262794 
3.930951 19.708481 
6.017455 61.148943 
5.695210 69.317962 
3.244150 103.205845 
7.546374 82.252872 
0.002951 132.143477 
0.021449 189.795392 
7.945702 190.812367 
0.000215 171.720983 
0.002074 171.538631 
1.642599 121.540118 
11.347743 100.544043 
2.944245 26.804251 
0.615379 10.432885 
1.782853 11.314625 
5.529400 55.156375 
1.273314 6.123789 
0.213710 1.156215 
2.269417 3.202239 
