136.331 113.581 
79.5622 245.573 
157.283 160.007 
174.367 193.066 
61.6527 384.192 
348.084 92.706 
182.304 75.0941 
73.4533 292.826 
191.138 167.611 
75.6239 114.396 
69.9409 87.8295 
237.599 35.8393 
186.454 33.7459 
287.934 0.935631 
54.8456 132.283 
20.6185 316.303 
244.039 107.855 
20.7845 248.724 
266.517 51.46 
110.083 118.11 
125.871 182.646 
45.6255 280.676 
139.092 2.18416 
321.154 106.43 
257 57.3503 
195.901 104.582 
106.886 183.898 
84.5917 225.878 
194.526 8.42974 
0.633136 75.2778 
112.791 10.3182 
35.0997 69.62 
206.928 67.2929 
61.8844 187.999 
158.701 257.281 
181.751 41.3471 
109.513 105.692 
136.807 262.984 
78.1552 390.446 
7.38455 231.179 
95.3414 240.137 
221.823 168.501 
202.908 16.5095 
159.414 104.054 
15.5765 208.324 
193.287 24.2721 
296.969 112.009 
147.953 68.9734 
201.4 110.513 
335.987 39.0887 
126.42 77.6136 
217.373 59.8547 
41.6046 172.987 
42.1631 153.424 
26.1448 232.562 
54.899 119.047 
25.4728 193.054 
4.16284 237.133 
24.692 111.544 
139.025 171.533 
169.99 125.746 
82.4505 56.8009 
53.8378 71.2366 
182.554 87.2064 
218.573 11.1801 
2.172148 9.570577 
5.981657 46.413476 
2.970822 0.747656 
47.435640 8.074386 
76.230246 5.082070 
35.097524 6.406018 
1.713565 1.211591 
6.990364 4.662518 
14.067163 6.852484 
9.522605 3.336010 
0.667158 1.219404 
20.462145 6.616723 
2.363214 2.603256 
1.874411 2.119091 
3.228368 2.780671 
3.419588 8.542811 
6.318597 3.565967 
4.580118 6.265216 
1.785437 3.672097 
2.489983 2.490683 
1.050226 0.856546 
0.646363 0.301864 
6.823200 10.465148 
1.850602 0.719241 
5.302607 4.747408 
8.256253 4.066420 
1.801447 5.128295 
3.561890 12.013711 
6.372514 17.158853 
5.386734 7.096043 
3.877607 14.965400 
1.247083 0.841180 
2.527170 5.663366 
6.877781 29.802789 
4.447317 16.195717 
