108.988 122.955 
238.438 143.179 
5.72078 405.979 
129.987 260.715 
47.41 49.4161 
54.4394 207.909 
273.968 23.0089 
5.23117 266.495 
176.799 118.891 
113.756 136.78 
209.161 53.3023 
144.315 193.675 
191.776 80.3176 
65.847 48.4614 
27.0031 162.024 
150.488 146.875 
230.024 196.896 
25.8863 316.258 
237.573 27.6023 
99.4202 88.5278 
72.893 250.777 
284.611 95.307 
295.167 14.9616 
291.639 84.5093 
25.0249 208.833 
115.55 60.7382 
111.789 163.178 
31.9161 90.3956 
210.682 65.1659 
58.3777 188.641 
193.53 253.372 
30.0345 302.078 
50.8744 270.863 
20.3642 165.596 
122.114 187.674 
169.361 32.1417 
108.986 177.917 
8.43257 215.978 
193.644 147.835 
162.3 28.8064 
207.079 92.81 
407.616 30.6968 
114.228 217.143 
113.992 66.0584 
226.565 8.76531 
37.7774 152.299 
34.8768 229.801 
64.3465 163.77 
218.914 85.3447 
39.4175 186.142 
9.9241 183.397 
102.583 248.038 
135.756 293.002 
69.9501 120.229 
103.371 51.6481 
256.194 96.4107 
188.164 123.377 
120.604 0.039193 
213.672 3.84559 
143.225 18.8417 
235.472 37.2558 
92.3592 257.04 
160.855 154.813 
156.745 35.4845 
170.737 41.2389 
0.357777 1.767536 
3.817069 36.671867 
0.542852 0.514194 
1.939437 3.434793 
2.950047 3.327069 
1.429149 2.077089 
1.551965 4.935805 
10.907247 5.718760 
6.810707 3.155896 
2.106442 1.557907 
4.077705 2.760390 
1.031533 2.689427 
23.429816 4.830570 
44.247409 0.213459 
14.350297 3.626259 
0.752104 3.117751 
0.826952 1.803911 
34.463293 3.325045 
30.921741 2.567152 
45.751043 5.292652 
91.768548 1.600276 
45.989515 1.975763 
82.039693 0.004884 
77.339873 5.885439 
29.995994 5.649944 
59.501597 1.299384 
121.118787 0.709420 
69.352493 7.110182 
20.200725 3.370189 
6.021210 1.967098 
25.583015 5.494620 
131.687541 0.631140 
2.762455 1.151718 
2.404797 2.524775 
4.091651 3.682232 
