54.3613 74.9938 
244.423 54.3266 
76.7126 38.0956 
166.054 104.678 
10.8857 130.784 
86.6775 111.348 
1.78916 252.315 
6.94478 191.675 
186.117 16.3078 
349.254 22.3633 
173.524 140.814 
109.069 240.172 
66.053 63.1035 
37.6183 157.4 
198.924 77.9524 
36.8857 192.441 
196.319 15.9189 
129.368 95.0766 
136.118 161.578 
154.222 103.828 
264.944 61.6144 
19.6442 129.942 
161.594 3.56444 
444.65 0.572661 
352.658 42.3873 
107.244 202.097 
79.864 204.372 
91.5132 34.8021 
18.385 362.009 
119.391 279.035 
122.423 173.562 
44.4513 161.498 
164.471 260.065 
89.5702 249.823 
204.397 88.1107 
46.3109 82.1951 
235.673 107.554 
182.013 59.4859 
320.506 49.7039 
232.368 132.616 
115.264 235.821 
48.0942 278.186 
297.318 59.2611 
10.2629 376.004 
21.9319 221.074 
53.7669 263.943 
107.295 63.1472 
113.052 186.271 
101.068 289.909 
141.346 44.0791 
52.8636 197.862 
107.545 123.399 
181.055 23.983 
243.157 11.0599 
313.979 55.1973 
34.6508 298.739 
75.5492 247.477 
71.2168 21.296 
164.194 147.764 
119.91 94.3446 
148.891 78.9423 
257.004 64.4813 
22.8401 186.844 
158.324 158.075 
126.251 137.689 
1.442645 10.875824 
5.999693 110.351934 
2.142917 59.116259 
7.724422 29.583579 
2.008703 127.847714 
6.082944 35.467297 
11.498815 110.187892 
5.104305 154.340178 
5.019822 63.097987 
1.371898 193.858226 
0.000640 246.323235 
5.673211 219.899432 
6.544160 55.280157 
2.841018 27.821757 
5.146642 25.650657 
11.852294 78.054324 
3.261730 13.645130 
1.497195 2.023897 
1.277570 3.555902 
3.418277 8.691073 
4.910552 11.436414 
6.290345 21.411606 
2.047831 3.209004 
1.291973 2.486486 
2.773591 5.690774 
2.418160 4.215485 
3.555437 8.889330 
3.238435 3.151781 
8.912315 12.364921 
0.579526 1.542162 
3.473505 4.199364 
0.356772 1.560748 
6.097627 4.492360 
0.218011 0.904540 
0.241221 0.816604 
