126.401 133.449 
142.74 116.738 
4.6782 348.106 
142.171 58.0623 
219.31 75.9148 
137.015 81.3392 
225.793 100.452 
81.8892 349.909 
37.8392 435.582 
23.5807 205.637 
68.2278 326.405 
64.5657 247.067 
280.086 27.2627 
225.815 8.49518 
74.3672 181.032 
38.635 225.571 
318.126 85.4041 
41.005 265.124 
3.14061 167.097 
68.2063 164.174 
141.08 225.533 
33.5499 171.45 
14.5391 395.742 
227.781 154.58 
145.991 291.831 
29.3533 96.4496 
221.885 32.5677 
221.617 68.1386 
189.393 145.927 
103.488 139.753 
140.705 90.3248 
92.21 6.20577 
248.422 54.1992 
219.525 197.33 
129.426 144.046 
24.6292 179.163 
139.441 51.9475 
81.4801 23.9612 
304.784 37.895 
121.9 178.162 
62.7091 187.588 
309.222 53.5682 
52.2921 146.765 
14.2682 226.065 
20.7867 281.534 
81.6432 0.595858 
170.635 124.798 
21.2072 25.8456 
86.3503 139.08 
109.619 142.983 
97.7318 216.843 
145.816 261.384 
294.818 34.0308 
194.798 93.5664 
112.476 6.98667 
103.063 57.9153 
88.0635 161.21 
195.256 187.486 
273.363 4.74693 
139.277 61.4851 
319.879 64.1378 
244.015 60.3692 
51.4624 180.681 
84.8163 45.6007 
72.4195 71.3481 
1.780131 11.509319 
11.527312 28.141378 
7.131648 92.988646 
6.695414 50.913791 
7.239650 68.800335 
4.674452 23.200110 
7.042740 36.184026 
2.783716 5.148577 
2.999899 9.315711 
4.188541 11.049908 
2.912095 11.325609 
4.492053 17.008533 
3.668583 4.670926 
3.469586 14.765281 
3.276102 7.165247 
7.089700 15.888160 
14.568946 28.861644 
2.021262 1.988999 
7.459430 6.830300 
7.863886 10.300882 
1.310166 2.075273 
10.020307 10.447765 
1.785589 1.145034 
7.867150 3.869273 
3.341724 2.504164 
3.840772 2.972716 
16.217562 10.967336 
14.188134 6.922830 
5.721626 3.842455 
2.444329 2.110568 
5.738019 3.243885 
15.192201 5.897647 
15.145380 3.583909 
23.891881 5.033562 
40.659627 9.066646 
