0.994683831 0.415293286 
0.399121473 0.83363592 
0.858025629 0.949745244 
0.999647088 0.999227258 
0.955966064 0.78524871 
0.494185252 0.979576811 
0.0192331375 0.98820744 
0.896286953 0.999107223 
0.999278274 0.994077625 
0.995034821 0.14157652 
0.907187745 0.998947387 
0.890521369 0.98974537 
0.970642162 0.246165168 
0.999977799 0.806730681 
0.987786647 0.986864796 
0.317352587 0.978141857 
0.99928436 0.474892494 
0.999174008 0.998918167 
0.970495475 0.787518466 
0.644708235 0.997725349 
0.41014568 0.997074611 
0.988844 0.014381 
0.994551 0.077201 
0.988329 0.0221015 
0.992128 0.0399249 
0.991154 0.0442042 
0.986638 0.00601541 
0.979292 0.104322 
0.970833 0.161179 
0.987224 0.0597277 
0.991381 0.0473899 
0.979211 0.0469496 
0.996548 0.545181 
0.987261 0.171816 
0.982772 0.0265036 
0.9973 0.212098 
0.930217 0.202435 
0.854609 0.313561 
0.841146 0.339161 
0.823801 0.375777 
0.839071 0.358293 
0.82903 0.365188 
0.262018 0.878045 
0.438133 0.79849 
0.46432 0.775511 
0.47498 0.765566 
0.477257 0.761925 
0.230578 0.989559 
0.119294 0.938294 
0.304303 0.896653 
0.31083 0.863713 
0.377979 0.840122 
0.148315 0.938967 
0.182702 0.921412 
0.00671637 0.983314 
0.164705 0.916745 
0.0473906 0.967486 
0.0184941 0.968964 
0.0307043 0.964958 
0.0208399 0.974172 
0.0544205 0.955609 
0.0832213 0.964871 
9.06555e-05 0.981042 
0.00165221 0.978549 
0.00173918 0.983767 
0.000661806 0.98342 
0.000286331 0.981316 
0.0426004 0.959617 
0.103316 0.969244 
0.0588743 0.96039 
0.0302839 0.966728 
0.0429341 0.960436 
0.198491 0.904333 
0.100759 0.995297 
0.134366 0.938983 
0.215054 0.897118 
0.163393 0.917189 
0.407715 0.825267 
0.375747 0.999249 
0.409649 0.822522 
0.964636 1 
0.406804 0.824112 
0.511194 0.741319 
0.529394 0.727315 
0.547251 0.714167 
0.565232 0.700202 
0.566287 0.697757 
0.745607 0.539571 
0.736222 0.560212 
0.7323 0.570061 
0.728781 0.577476 
0.73689 0.572299 
0.830552 0.365008 
0.824396 0.3766 
0.829146 0.36711 
0.821702 0.380179 
0.863583 0.317867 
0.93396 0.124182 
0.950083 0.097523 
0.933065 0.120441 
0.752692405 0.961725933 
0.846215524 0.596086051 
0.045358991 0.960976792 
0.619013629 0.986314491 
0.999982651 0.820657376 
0.0386689946 0.990965958 
0.995940584 0.996506913 
0.656187252 0.999085308 
0.995281829 0.995782246 
0.959087764 0.781738972 
0.772768322 0.999921097 
0.881421442 0.881943046 
0.999884887 0.773837091 
0.710870669 0.544233812 
0.999754298 0.807660393 
0.986109533 0.0436752156 
0.981404053 0.970202875 
0.815978302 0.996794075 
0.970998104 0.987802357 
0.95075805 0.578944658 
0.996237829 0.999353359 
0.0117072 0.981998 
0.99109 0.0382823 
0.984945 0.0105237 
0.988166 0.0324351 
0.990703 0.0672902 
0.987881 0.0174345 
0.982379 0.000896575 
0.97763 0.00388205 
0.988105 0.0182243 
0.982881 0.000343116 
0.98469 0.0028255 
0.978795 0.00649401 
0.980715 0.00371139 
0.989046 0.0155684 
0.976463 0.00856335 
0.985506 0.00528264 
0.972388 0.0210334 
0.968941 0.020467 
0.973274 0.0158093 
0.969946 0.0206266 
0.964028 0.0311069 
0.955499 0.0544026 
0.929846 0.161902 
0.916978 0.16933 
0.960942 0.219966 
0.927605 0.141523 
0.809781 0.422085 
0.724772 0.529564 
0.662552 0.602526 
0.719121 0.533779 
0.694679 0.565353 
0.581511 0.682209 
0.534253 0.720702 
0.519617 0.729715 
0.551921 0.706839 
0.443092 0.809826 
0.296674 0.918191 
0.243796 0.885771 
0.381627 0.834436 
0.394345 0.828019 
0.372629 0.846822 
0.125584 0.947398 
0.165785 0.939262 
0.158929 0.932827 
0.116376 0.935766 
0.146262 0.951373 
0.0374073 0.968034 
0.0770789 0.968029 
0.0270869 0.980848 
0.0460374 0.958613 
0.0489596 0.95859 
5.14928e-06 0.981804 
0.00110963 0.983949 
0.000924435 0.981129 
0.000794052 0.980947 
0.000197063 0.980665 
0.089856 0.943516 
0.0382884 0.964717 
0.0276483 0.965227 
0.0737015 0.96435 
0.0811982 0.954306 
0.171334 0.914043 
0.224302 0.894316 
0.125783 0.939496 
0.219181 0.89705 
0.167802 0.916187 
0.356364 0.842148 
0.325446 0.998948 
0.392323 0.827602 
0.392131 0.828337 
0.400633 0.824374 
0.557238 0.703011 
0.557861 0.702815 
0.560867 0.700396 
0.562359 0.699356 
0.56134 0.699844 
0.700179 0.558234 
0.69825 0.560295 
0.700348 0.557844 
0.878222133 0.260234753 
0.994101732 0.853038235 
0.993825144 0.997946736 
0.734057854 0.999935338 
0.982514093 0.382132599 
0.999343006 0.408843174 
0.997798562 0.993441947 
0.996465492 0.528560345 
0.911676544 0.981158154 
0.941851606 0.770800547 
0.999313274 0.988087059 
0.999568015 0.865576765 
0.815336159 0.999947494 
0.976494489 0.0610384337 
0.126914443 0.994769674 
0.440419804 0.997415485 
0.315525698 0.948047207 
0.758988372 0.99980818 
0.998119788 0.86765339 
0.961026851 0.991330281 
0.846630378 0.476279016 
0.067813 0.991847 
0.970182 0.0403951 
0.835529 0.35532 
0.802459 0.411007 
0.999986 0.86127 
0.832228 0.356461 
0.932958 0.142273 
0.919551 0.156479 
0.989116 0.0349739 
0.941568 0.128309 
0.899127 0.210007 
0.966006 0.0271281 
0.967675 0.0394283 
0.981653 0.0248304 
0.971179 0.0149267 
0.958623 0.0454436 
0.982406 0.000118113 
0.979673 0.00103706 
0.983325 0.00177142 
0.980262 0.00339804 
0.980364 0.000415144 
0.954654 0.0669441 
0.96358 0.033132 
0.989323 0.0222052 
0.955194 0.0663035 
0.961414 0.0392751 
0.896895 0.21655 
0.903569 0.19912 
0.895823 0.21847 
0.994603 0.123157 
0.908016 0.187391 
0.803951 0.407597 
0.791581 0.428863 
0.809703 0.397607 
0.813599 0.390788 
0.985461 0.350386 
0.539934 0.756376 
0.757545 0.481968 
0.741666 0.506541 
0.733138 0.519518 
0.729706 0.525865 
0.349343 0.964409 
0.503223 0.782409 
0.548798 0.752756 
0.557551 0.748745 
0.566536 0.74153 
0.102159 0.951143 
0.0627824 0.975135 
0.210795 0.982374 
0.177339 0.946691 
0.1944 0.906298 
0.093808 0.974176 
0.110151 0.944304 
0.0833549 0.96324 
0.223014 0.893968 
0.124861 0.962856 
0.00627453 0.978485 
0.0195801 0.968841 
0.0146989 0.971591 
0.00820621 0.987358 
0.0524349 0.972471 
6.22792e-05 0.981522 
0.00108787 0.979151 
0.00101604 0.983517 
0.00106802 0.983596 
0.000194204 0.982004 
0.0405325 0.964316 
0.0234507 0.974729 
0.0994564 0.962684 
0.0954076 0.966709 
0.0276853 0.989426 
0.230495 0.891657 
0.218493 0.899016 
0.167031 0.922993 
0.20664 0.900495 
0.242896 0.88645 
0.274796 0.872458 
0.1017 0.939462 
0.347851 0.841968 
0.894978394 0.999102298 
0.479025803 0.998497141 
0.999964464 0.792460123 
0.968665112 0.0904214059 
0.786724724 0.72292574 
0.995494156 0.109171988 
0.999537838 0.806295525 
0.996771123 0.988159156 
0.23018427 0.997100987 
0.34545635 0.907669048 
0.978506752 0.55421637 
0.611534063 0.999853717 
0.999976409 0.800589495 
0.830936967 0.999558967 
0.991584373 0.755486152 
0.980234336 0.964879983 
0.0467589892 0.991318722 
0.999481241 0.499369678 
0.404569875 0.995614591 
0.898580344 0.998253723 
0.925208194 0.996585136 
0.00883613 0.987064 
0.185237 0.919713 
0.105349 0.942365 
0.337614 0.862412 
0.376573 0.828106 
0.441358 0.783639 
0.852604 0.425091 
0.902461 0.218742 
0.826333 0.500951 
0.794646 0.523901 
0.765073 0.544504 
0.983997 0.0938313 
0.905357 0.32978 
0.996357 0.163918 
0.950234 0.0722044 
0.856873 0.401716 
0.982173 0.00082376 
0.939476 0.170391 
0.988222 0.0216266 
0.927066 0.151719 
0.986091 0.0232643 
0.966428 0.0293626 
0.977497 0.0414961 
0.987337 0.0788682 
0.977815 0.0170419 
0.99385 0.0636505 
0.982072 0.000505486 
0.978859 0.00138633 
0.983909 0.00142738 
0.981458 1.93669e-05 
0.98274 0.000228952 
0.960036 0.0414017 
0.965184 0.048791 
0.968895 0.0239439 
0.96175 0.0447419 
0.97918 0.0667796 
0.945087 0.1113 
0.909823 0.194964 
0.898043 0.237836 
0.90742 0.216902 
0.892881 0.257235 
0.848134 0.421175 
0.877812 0.311546 
0.852346 0.414286 
0.990239 0.538845 
0.846082 0.425979 
0.739454 0.562204 
0.722741 0.574014 
0.709348 0.584731 
0.71501 0.587815 
0.728882 0.562006 
0.407018 0.804652 
0.462248 0.770058 
0.356226 0.884823 
0.467215 0.766859 
0.470858 0.764546 
0.327992 0.848696 
0.22532 0.916448 
0.340755 0.846792 
0.0429225 0.980194 
0.28319 0.887967 
0.109429 0.936513 
0.159067 0.921386 
0.204144 0.974974 
0.0238729 0.966712 
0.190102 0.912731 
0.0464762 0.958253 
0.0491284 0.965881 
0.0673172 0.95211 
0.048016 0.965046 
0.0999835 0.940645 
2.73288e-05 0.981671 
0.00331214 0.983633 
0.00225588 0.980137 
0.000449872 0.983136 
0.000708776 0.982571 
0.0829461 0.953627 
0.0713297 0.95182 
0.0818032 0.946409 
0.562961174 0.748691544 
0.0274302074 0.973385005 
0.988040591 0.736853217 
0.332606814 0.998955954 
0.941187085 0.322650324 
0.995527776 0.965501016 
0.989945234 0.415927732 
0.946598612 0.508911656 
0.914012318 0.999996846 
0.950844885 0.977968585 
0.999006248 0.999585313 
0.351034103 0.996022735 
0.93874453 0.354915727 
0.340648035 0.992146284 
0.652496888 0.999621338 
0.999998013 0.92856564 
0.861714226 0.995614962 
0.971461264 0.013089905 
0.830124423 0.990646297 
0.999146185 0.361502127 
0.999992865 0.884338649 
0.00892949 0.986446 
0.0838457 0.991492 
0.0209234 0.986794 
0.00296096 0.985166 
0.0939335 0.995137 
0.0428979 0.98656 
0.0966453 0.940901 
0.160271 0.925975 
0.103791 0.942386 
0.196391 0.904922 
0.217712 0.89919 
0.544072 0.777241 
0.504253 0.772811 
0.581876 0.742373 
0.596087 0.728215 
0.601476 0.732526 
0.75699 0.511061 
0.76742 0.507558 
0.795748 0.431391 
0.741816 0.525559 
0.730324 0.538975 
0.969406 0.0960144 
0.866161 0.287243 
0.829814 0.370751 
0.964623 0.294162 
0.844411 0.337937 
0.989412 0.0184551 
0.994405 0.109896 
0.973226 0.0288178 
0.962439 0.124318 
0.995626 0.104554 
0.989969 0.0308059 
0.972561 0.0507612 
0.981932 0.01681 
0.993047 0.068025 
0.981 0.00402074 
0.981112 0.000103976 
0.983425 0.000793666 
0.981597 0.000203804 
0.98025 0.00120842 
0.979513 0.000902835 
0.961763 0.0831048 
0.972301 0.0624506 
0.98027 0.0218336 
0.971521 0.0139204 
0.975726 0.00689725 
0.976599 0.0925811 
0.963767 0.167459 
0.958956 0.044585 
0.935365 0.140625 
0.946494 0.147298 
0.830914 0.366089 
0.850126 0.33948 
0.824493 0.378192 
0.84738 0.327755 
0.831505 0.362527 
0.71339 0.557907 
0.704166 0.569115 
0.702854 0.573902 
0.705039 0.566108 
0.704129 0.566225 
0.583372 0.737561 
0.581389 0.737734 
0.581807 0.738226 
0.584691 0.735327 
0.592078 0.724012 
0.304401 0.87084 
0.330978 0.866276 
0.340675 0.853498 
0.351471 0.847103 
0.363412 0.842859 
0.176238 0.913214 
0.0849706 0.95248 
0.195962 0.905785 
0.195352 0.908962 
0.178392 0.917159 
0.0279083 0.966826 
0.0436983 0.960286 
0.0602843 0.958521 
0.982869641 0.337345348 
0.727910641 0.929364886 
0.332516525 0.997501047 
0.864440382 0.882385899 
0.00808312383 0.977215397 
0.995082322 0.875490769 
0.95870312 0.998766658 
0.755867832 0.999961277 
0.988062757 0.694629148 
0.999511206 0.999725547 
0.862371071 0.999990943 
0.643110714 0.992860281 
0.989759029 0.961343575 
0.999198532 0.931056606 
0.998128232 0.595631198 
0.931160785 0.969698101 
0.92916814 0.41056541 
0.995165429 0.192248575 
0.704548461 0.9787754 
0.999996886 0.913763726 
0.966860341 0.556134646 
0.00156153 0.984321 
0.00731702 0.98395 
0.000358551 0.980252 
0.0108377 0.986831 
0.000939953 0.981203 
9.22259e-05 0.982189 
0.00552078 0.982065 
0.00366208 0.984501 
0.0146947 0.970991 
0.00688747 0.974657 
0.0124477 0.971703 
0.0653314 0.988708 
0.0267014 0.966632 
0.0364172 0.961892 
0.0271775 0.965495 
0.0491958 0.957778 
0.062851 0.952459 
0.0834932 0.94612 
0.0942512 0.941764 
0.106405 0.937391 
0.119023 0.933149 
0.52966 0.81808 
0.558376 0.79818 
0.525542 0.797937 
0.567258 0.780885 
0.578743 0.765232 
0.799021 0.416186 
0.835038 0.359849 
0.784466 0.440171 
0.822059 0.383093 
0.765061 0.470261 
0.927353 0.202518 
0.891265 0.236596 
0.86402 0.291981 
0.952758 0.248558 
0.842854 0.341209 
0.980198 0.0185792 
0.973615 0.104811 
0.933994 0.118495 
0.955266 0.0948363 
0.948839 0.130422 
0.975367 0.00618598 
0.963279 0.0387425 
0.959901 0.0665961 
0.968432 0.0285948 
0.963938 0.0644677 
0.980414 0.000415901 
0.983209 0.00234016 
0.978282 0.00238366 
0.983047 0.000370673 
0.980529 0.000638843 
0.991464 0.0467338 
0.971518 0.0472406 
0.964046 0.101789 
0.988472 0.014415 
0.958355 0.0763127 
0.947156 0.0971162 
0.958171 0.196818 
0.967456 0.171834 
0.915264 0.183031 
0.932595 0.166337 
0.832681 0.358126 
0.835058 0.354441 
0.812187 0.397483 
0.86399 0.295255 
0.815896 0.390712 
0.745358 0.50044 
0.73698 0.51327 
0.731054 0.521954 
0.725296 0.530616 
0.721204 0.536809 
0.581214 0.754509 
0.585228 0.745542 
0.591344 0.735255 
0.594215 0.729331 
0.586922 0.738367 
0.195513 0.909818 
0.214044 0.906333 
0.241196 0.897667 
0.685590557 0.970669499 
0.999974356 0.801583563 
0.998207196 0.257175477 
0.999060165 0.849737666 
0.995823893 0.838828359 
0.614572834 0.999328704 
0.646243312 0.999881297 
0.754512565 0.999949998 
0.94930837 0.288400697 
0.943157209 0.998412541 
0.998356793 0.92044647 
0.24494469 0.997996289 
0.999612318 0.525127344 
0.968029291 0.669648918 
0.680300715 0.92064148 
0.487409832 0.762376444 
0.751670073 0.857159598 
0.923019424 0.994989379 
0.988893184 0.960144179 
0.966659643 0.999060057 
0.995902179 0.934582146 
0.0856674 0.994577 
0.00211628 0.984368 
0.158022 0.992237 
0.0813003 0.973098 
0.0177384 0.984654 
0.0295704 0.990951 
0.027796 0.990496 
0.0777295 0.985515 
0.0178101 0.989447 
0.0293243 0.989212 
0.0112945 0.987533 
0.00371441 0.983678 
0.000137598 0.981892 
0.0016257 0.981381 
0.000610265 0.979835 
6.00041e-05 0.981665 
0.0155464 0.974119 
0.0482332 0.96619 
0.034426 0.979886 
0.00856485 0.975538 
0.0125243 0.977567 
0.0645141 0.957482 
0.0606571 0.963082 
0.0740464 0.950225 
0.10324 0.94493 
0.0915872 0.947226 
0.12188 0.932092 
0.257914 0.88856 
0.230703 0.899246 
0.288562 0.872131 
0.309383 0.861761 
0.539655 0.723867 
0.596774 0.672009 
0.556148 0.712822 
0.584428 0.69823 
0.550874 0.718719 
0.692034 0.579091 
0.922018 0.242129 
0.714662 0.549376 
0.744986 0.522445 
0.717839 0.540875 
0.986416 0.0504469 
0.988379 0.0682509 
0.98264 0.2938 
0.944479 0.1671 
0.906079 0.233128 
0.974455 0.046684 
0.963699 0.21618 
0.941703 0.131133 
0.995056 0.0906564 
0.922306 0.207497 
0.98766 0.014218 
0.980119 0.00457654 
0.985489 0.042507 
0.991396 0.0363722 
0.979466 0.0239343 
0.982449 0.000113102 
0.979684 0.000822366 
0.982725 0.00119695 
0.9825 0.000605697 
0.981003 9.64841e-05 
0.976511 0.0346267 
0.987932 0.0103859 
0.974888 0.00773303 
0.961049 0.0689477 
0.971092 0.0206491 
0.929188 0.204455 
0.973067 0.228569 
0.908423 0.24018 
0.947488 0.0774902 
0.905683 0.239201 
0.903372 0.244643 
0.913037 0.232693 
0.880737 0.272846 
0.871863 0.287327 
0.856565 0.313052 
0.709874 0.553787 
0.705062 0.558387 
0.699804 0.563707 
0.885789779 0.283258481 
0.836618344 0.999984141 
0.642431023 0.848182061 
0.948324213 0.831687146 
0.997485046 0.998624995 
0.999472526 0.614688502 
0.999949034 0.766507092 
0.995750199 0.63819766 
0.998662315 0.399806009 
0.623178855 0.999827802 
0.998028607 0.303574025 
0.307302758 0.997793805 
0.463918202 0.815553975 
0.999974435 0.835863748 
0.73880548 0.999372916 
0.54545682 0.999483095 
0.400604018 0.979662582 
0.573394883 0.948060109 
0.310853559 0.963231161 
0.986610218 0.998492786 
0.999578214 0.69260141 
0.0849694 0.96814 
0.698244 0.563002 
0.231296 0.894746 
0.491273 0.797281 
0.513027 0.780565 
0.526165 0.77417 
0.0743242 0.967324 
0.205628 0.901433 
0.106024 0.995664 
0.129695 0.931361 
0.285953 0.88317 
0.138254 0.92687 
0.00388235 0.977058 
0.0386357 0.989744 
0.162493 0.917692 
0.174495 0.924671 
0.0579108 0.954271 
0.00999752 0.986942 
0.044845 0.972574 
0.0468804 0.969801 
0.0131079 0.980204 
9.26316e-05 0.98137 
0.00191174 0.98186 
0.00128631 0.980132 
0.000215693 0.981537 
0.000533912 0.979927 
0.04238 0.965076 
0.0582965 0.954985 
0.0947515 0.941762 
0.0347725 0.96465 
0.0680688 0.950876 
0.282528 0.86867 
0.126519 0.94269 
0.160716 0.91808 
0.194655 0.909758 
0.230198 0.89193 
0.271394 0.984049 
0.365242 0.827615 
0.388357 0.814934 
0.430989 0.791487 
0.386146 0.816168 
0.574858 0.712695 
0.597871 0.695774 
0.570019 0.716272 
0.569398 0.717767 
0.571826 0.715549 
0.743424 0.501352 
0.714299 0.539688 
0.722274 0.529955 
0.688077 0.573688 
0.872291 0.39677 
0.975022 0.00830179 
0.968598 0.181553 
0.985169 0.102429 
0.942724 0.0930613 
0.897962 0.304738 
0.97753 0.0250496 
0.991051 0.242464 
0.953611 0.067277 
0.967647 0.067839 
0.951536 0.0676212 
0.988622 0.0342053 
0.969102 0.0258057 
0.980496 0.0312206 
0.980452 0.0571263 
0.96178 0.0371736 
0.980471 0.000387666 
0.982309 0.00034776 
0.980602 0.00118055 
0.981526 0.000140345 
0.980404 0.000318916 
0.989341 0.0173193 
0.964961 0.0338899 
0.972024 0.0621863 
0.9894 0.0217612 
0.958891 0.0449545 
0.940438 0.11331 
0.9525 0.195386 
0.942068 0.10577 
0.999490256 0.784799415 
0.54858502 0.999584316 
0.988813727 0.93378458 
0.153040728 0.967997936 
0.998097037 0.999537501 
0.999994289 0.8865053 
0.996004297 0.994426921 
0.995081253 0.13132376 
0.955034131 0.948370905 
0.7506413 0.494235727 
0.985832231 0.987277944 
0.998876039 0.859782032 
0.966113687 0.527449764 
0.933316458 0.997934396 
0.478647304 0.997780069 
0.929931774 0.128189008 
0.870831652 0.999603191 
0.914031341 0.996420683 
0.269212479 0.994506142 
0.917606576 0.97566986 
0.969277159 0.842622951 
0.00962353 0.978745 
0.956417 0.142845 
0.972887 0.0105901 
0.879279 0.315941 
0.891957 0.34135 
0.85274 0.360555 
0.735166 0.512538 
0.707857 0.547684 
0.653814 0.610727 
0.738525 0.50931 
0.70247 0.554376 
0.549101 0.707315 
0.440621 0.78495 
0.474442 0.771955 
0.549723 0.706423 
0.538636 0.715253 
0.23565 0.888661 
0.361532 0.830455 
0.357898 0.831475 
0.243087 0.894098 
0.37856 0.820779 
0.101437 0.939667 
0.182955 0.911906 
0.25358 0.883262 
0.201442 0.914046 
0.246652 0.979228 
0.037059 0.968069 
0.0470555 0.981681 
0.0674735 0.950862 
0.0455347 0.96345 
0.0510946 0.975523 
0.000161695 0.980935 
0.000403396 0.981608 
0.00250511 0.977912 
0.000682478 0.983013 
0.000117432 0.982398 
0.0409914 0.970789 
0.0419892 0.960976 
0.0735797 0.948768 
0.0776319 0.976061 
0.0631842 0.952708 
0.277921 0.871974 
0.230593 0.893423 
0.206558 0.906934 
0.190412 0.906789 
0.200086 0.961796 
0.388441 0.815211 
0.393605 0.81209 
0.549168 0.999748 
0.400198 0.808338 
0.405004 0.805688 
0.558134 0.699801 
0.57183 0.688841 
0.564277 0.694445 
0.556797 0.70098 
0.557903 0.699945 
0.700145 0.557326 
0.696589 0.561731 
0.702567 0.55444 
0.696529 0.561594 
0.698822 0.5589 
0.85602 0.332491 
0.860018 0.334944 
0.919012 0.301844 
0.872898 0.298239 
0.882394 0.251734 
0.941396 0.155589 
0.98271 0.105364 
0.936346 0.135758 
0.931701 0.12888 
0.911351 0.182087 
0.970572 0.0235674 
0.963377 0.0324053 
0.954836 0.058708 
0.959682 0.0583273 
0.983332 0.0137334 
0.983922 0.00213653 
0.985869 0.00441663 
0.981793 1.5801e-05 
0.390847192 0.87680452 
0.999991227 0.873556784 
0.210835881 0.920668503 
0.998909504 0.347248764 
0.87805813 0.990180284 
0.675080958 0.99990215 
0.993320796 0.473951 
0.999961971 0.796075518 
0.0447178146 0.992427922 
0.845560937 0.999139453 
0.998933781 0.640465179 
0.983277259 0.00444101441 
0.818838749 0.61356557 
0.809764705 0.999978778 
0.99337409 0.982923113 
0.12259672 0.995838249 
0.965686041 0.790027539 
0.997233396 0.987733273 
0.983897853 0.998481604 
0.762142896 0.985467553 
0.601315367 0.725087089 
0.00563979 0.983904 
0.986381 0.0057335 
0.987423 0.0165645 
0.982854 0.000464494 
0.985525 0.00458133 
0.988989 0.018561 
0.991597 0.0636901 
0.991586 0.0534611 
0.97727 0.00385036 
0.984319 0.0067438 
0.974542 0.0121304 
0.969442 0.244767 
0.995756 0.206269 
0.969119 0.0366076 
0.970392 0.0253343 
0.984891 0.224365 
0.825899 0.561565 
0.930658 0.589709 
0.799172 0.616791 
0.78528 0.621051 
0.776837 0.622526 
0.56388 0.741088 
0.540755 0.749759 
0.565937 0.748887 
0.56642 0.732006 
0.523682 0.790066 
0.121875 0.936516 
0.380425 0.95383 
0.447758 0.809141 
0.113174 0.93616 
0.128612 0.962388 
0.0405709 0.960496 
0.0527228 0.963282 
0.0462526 0.971998 
0.198447 0.96113 
0.0791414 0.947094 
0.0521759 0.978854 
0.0203571 0.978578 
0.0787011 0.968852 
0.0537111 0.956911 
0.0659409 0.951647 
0.00025504 0.980489 
0.00040824 0.982991 
0.00152119 0.980249 
0.00154512 0.979637 
6.91869e-05 0.981811 
0.0770716 0.948307 
0.0833847 0.948419 
0.0525622 0.958646 
0.0260815 0.966823 
0.035746 0.962136 
0.180922 0.928239 
0.12082 0.934146 
0.151948 0.946162 
0.124649 0.932155 
0.103669 0.938652 
0.403228 0.862204 
0.415751 0.859122 
0.412592 0.859505 
0.429023 0.855658 
0.422708 0.856906 
0.588745 0.714857 
0.685471 0.576914 
0.466585 0.778976 
0.585506 0.722959 
0.578336 0.726294 
0.823557 0.435124 
0.954773 0.331859 
0.707652 0.553897 
0.731921 0.518926 
0.761121 0.475617 
0.978298 0.154318 
0.854387 0.342213 
0.979747 0.473811 
0.894213 0.225124 
0.84998 0.3378 
0.929325 0.148323 
0.962593 0.0459916 
0.976243 0.18666 
0.974702469 0.410130889 
0.988402084 0.999038886 
0.996755699 0.258536307 
0.734891204 0.800642175 
0.99892375 0.991428598 
0.999247149 0.994074894 
0.781421768 0.999644665 
0.997703275 0.961051702 
0.805537139 0.923363037 
0.994990121 0.998620947 
0.722599444 0.99279725 
0.504819784 0.999518331 
0.999646047 0.596456508 
0.995669507 0.990600627 
0.99641934 0.730865159 
0.675846772 0.990425523 
0.676375389 0.799021715 
0.7986442 0.689694254 
0.964399628 0.878528581 
0.77544799 0.998975173 
0.959976096 0.607732881 
0.112018 0.995191 
0.999272 0.521927 
0.994008 0.159465 
0.992929 0.12846 
0.985494 0.0271563 
0.988905 0.0676994 
0.980325 0.00364697 
0.975767 0.00650473 
0.980639 0.000193921 
0.985324 0.00668316 
0.983512 0.000899848 
0.979922 0.0108202 
0.982216 0.00449473 
0.98269 0.01109 
0.974112 0.00789246 
0.990229 0.0720552 
0.969617 0.021222 
0.959537 0.0450764 
0.963352 0.0328567 
0.99363 0.248401 
0.972095 0.0146768 
0.922679 0.20449 
0.933033 0.157773 
0.915957 0.249827 
0.91629 0.234144 
0.907179 0.275404 
0.641754 0.728154 
0.815164 0.681659 
0.824921 0.655838 
0.827302 0.644103 
0.831133 0.651167 
0.193413 0.907403 
0.531697 0.768215 
0.502088 0.775463 
0.514842 0.777783 
0.552439 0.755077 
0.0643062 0.958718 
0.187813 0.920346 
0.156338 0.922716 
0.145968 0.934847 
0.25599 0.888091 
0.22064 0.900727 
0.0386651 0.972768 
0.240281 0.894114 
0.207875 0.903443 
0.0119251 0.985267 
0.00495613 0.985187 
0.00982166 0.976613 
0.0169787 0.97721 
0.0983744 0.986572 
0.0321581 0.976468 
0.00044601 0.98305 
0.00148548 0.981864 
0.000529027 0.983102 
0.00193874 0.97909 
0.000140957 0.980871 
0.0157828 0.97051 
0.00569209 0.980541 
0.0138993 0.981668 
0.0609686 0.974966 
0.019691 0.970256 
0.236831 0.894018 
0.152791 0.921128 
0.228525 0.900365 
0.238275 0.894023 
0.246151 0.891254 
0.274233 0.882174 
0.288067 0.877821 
0.851763 0.999982 
0.304414 0.873531 
0.298017 0.875444 
0.615627 0.669902 
0.563275 0.748796 
0.570694 0.745478 
0.926707 0.999998 
0.57426 0.744848 
0.843967 0.523972 
0.832494 0.539685 
0.84825 0.54118 
0.58416916 0.992039383 
0.99999932 0.956226576 
0.0814893554 0.964282404 
0.864901799 0.999989902 
0.952645918 0.996290636 
0.554339603 0.974840528 
0.521895222 0.999612124 
0.71664495 0.999925678 
0.866054832 0.374991106 
0.999906048 0.694821664 
0.994452848 0.555265426 
0.995660818 0.777159217 
0.943647728 0.0955103643 
0.714087351 0.99973462 
0.999837419 0.664122984 
0.979897298 0.928515737 
0.993939176 0.0935978838 
0.483346162 0.993619312 
0.965451201 0.930447107 
0.738585994 0.808466746 
0.99381326 0.861173206 
0.00644477 0.978924 
0.943292 0.179399 
0.89051 0.303315 
0.906599 0.340203 
0.971701 0.0433939 
0.926541 0.143897 
0.964438 0.0329426 
0.940279 0.118485 
0.961386 0.092282 
0.956504 0.0722462 
0.983019 0.126735 
0.979895 0.0257004 
0.977271 0.0186536 
0.974701 0.0178285 
0.960258 0.0409579 
0.982513 0.0024821 
0.980519 0.000256011 
0.979088 0.00159295 
0.979588 0.00074407 
0.982178 5.13089e-05 
0.982619 0.000681478 
0.953047 0.0689536 
0.962693 0.0466921 
0.989813 0.0250285 
0.976807 0.017375 
0.94859 0.0832839 
0.927667 0.150589 
0.942377 0.141626 
0.936928 0.113235 
0.959225 0.0458817 
0.944246 0.121929 
0.84999 0.389835 
0.841326 0.397083 
0.831518 0.408171 
0.820799 0.419561 
0.830197 0.40568 
0.794636 0.461045 
0.77786 0.477339 
0.768882 0.48476 
0.760393 0.493765 
0.73162 0.526131 
0.407916 0.857456 
0.504759 0.769175 
0.524471 0.749513 
0.538894 0.734244 
0.454459 0.778678 
0.273426 0.891705 
0.190484 0.990886 
0.326211 0.957643 
0.366939 0.864926 
0.152031 0.924431 
0.0650176 0.952946 
0.0798651 0.981533 
0.0456611 0.964301 
0.112536 0.935383 
0.165809 0.954649 
0.051157 0.970657 
0.0580031 0.971811 
0.0640896 0.961801 
0.0599437 0.964877 
0.058231 0.958207 
9.78782e-05 0.981987 
0.000351853 0.980636 
0.000958277 0.982242 
0.00146643 0.979629 
0.000136766 0.982353 
0.0774811 0.94813 
0.0515644 0.968877 
0.088689 0.947061 
0.0190993 0.969919 
0.0685574 0.950518 
0.15166 0.921579 
0.165664 0.916634 
0.198301 0.905851 
0.0379558 0.964255 
0.186207 0.910599 
0.408408 0.843313 
0.347905 0.860183 
0.390239 0.861924 
0.765625295 0.482691312 
0.997996228 0.985056585 
0.989913617 0.994531806 
0.648126547 0.67887101 
0.0455689747 0.975357129 
0.999780354 0.999707168 
0.172750288 0.994097002 
0.931010713 0.99848786 
0.994007003 0.399160875 
0.95211058 0.981922031 
0.811581713 0.999979852 
0.954440508 0.662464951 
0.965584464 0.946093123 
0.993182729 0.801391178 
0.692597733 0.93940098 
0.996209872 0.991995779 
0.987089221 0.0165239867 
0.999974314 0.827054213 
0.757632271 0.999060905 
0.99746246 0.952322293 
0.859527526 0.47654735 
0.0041961 0.985904 
0.575384 0.817072 
0.629751 0.721734 
0.62749 0.735348 
0.641859 0.71915 
0.62223 0.740942 
0.81882 0.381721 
0.683766 0.576618 
0.649447 0.615792 
0.69662 0.561531 
0.683872 0.577864 
0.924528 0.198533 
0.95449 0.232154 
0.911157 0.179509 
0.872798 0.292324 
0.860213 0.302818 
0.961745 0.126942 
0.958643 0.0656821 
0.973719 0.0679312 
0.917297 0.178041 
0.945442 0.142073 
0.974602 0.00832374 
0.978343 0.00809628 
0.967597 0.0557246 
0.975002 0.0063 
0.957066 0.0817567 
0.981619 2.10852e-06 
0.984766 0.00212225 
0.979618 0.000743762 
0.983056 0.00139417 
0.981374 0.000547525 
0.979468 0.024344 
0.975667 0.0306965 
0.981457 0.00752889 
0.981528 0.00488949 
0.974099 0.0139567 
0.937765 0.115233 
0.920031 0.155163 
0.929282 0.154363 
0.959708 0.178012 
0.934404 0.149907 
0.823756 0.372391 
0.829355 0.363029 
0.999958 0.822686 
0.814536 0.39004 
0.811738 0.394467 
0.706155 0.5498 
0.697266 0.560681 
0.69531 0.563031 
0.698042 0.55975 
0.707259 0.548764 
0.421027 0.817097 
0.462495 0.800564 
0.591642 0.752494 
0.585106 0.763194 
0.584802 0.754859 
0.202558 0.925608 
0.350701 0.871482 
0.36376 0.875718 
0.135466 0.929949 
0.315026 0.858335 
0.0669454 0.951061 
0.141196 0.928975 
0.0804943 0.953342 
0.0885405 0.943823 
0.178181 0.969465 
0.015916 0.970092 
0.0170409 0.972561 
0.0536078 0.957268 
0.0423198 0.96242 
0.0524636 0.956848 
0.000337988 0.982165 
0.000669415 0.981578 
0.00102993 0.97946 
1.52909e-05 0.981839 
0.00170191 0.979187 
0.0573701 0.969728 
0.056864 0.969019 
0.042642 0.961848 
0.99890025 0.836707287 
0.995869565 0.829499489 
0.976009738 0.894201712 
0.911393738 0.190641714 
0.939260284 0.484263488 
0.689421168 0.99932273 
0.986014062 0.956186916 
0.964833799 0.262077751 
0.959651358 0.976874866 
0.922071726 0.999397894 
0.977944726 0.806689919 
0.984440465 0.66384866 
0.107499985 0.994602702 
0.999834947 0.789699529 
0.850647468 0.999982193 
0.997730427 0.998065252 
0.038692992 0.961153015 
0.999984977 0.830751291 
0.587308277 0.999823039 
0.732644436 0.999950441 
0.983479268 0.0149171046 
0.00945157 0.983679 
0.0118328 0.979488 
0.060097 0.986653 
0.0235457 0.973647 
0.0126908 0.971746 
0.0172322 0.972544 
0.0511009 0.95751 
0.0723426 0.949213 
0.102803 0.987262 
0.0838295 0.947836 
0.0884526 0.944095 
0.150619 0.921695 
0.206912 0.901238 
0.256235 0.88452 
0.292284 0.87225 
0.324716 0.863305 
0.898264 0.218548 
0.866872 0.293005 
0.83914 0.364442 
0.81982 0.410171 
0.793726 0.474259 
0.885015 0.337735 
0.824632 0.396964 
0.953337 0.124384 
0.787956 0.447008 
0.832788 0.39482 
0.983476 0.060148 
0.943642 0.0912706 
0.94638 0.15053 
0.944718 0.0919929 
0.961897 0.155623 
0.977557 0.00371794 
0.965887 0.0332092 
0.968221 0.0441227 
0.972477 0.0611348 
0.969139 0.0260544 
0.983346 0.000581674 
0.980777 0.000168791 
0.980988 0.000739995 
0.983862 0.0018089 
0.983527 0.00208372 
0.962364 0.0688989 
0.960935 0.039548 
0.954781 0.0573215 
0.963627 0.0334245 
0.956458 0.0514745 
0.926013 0.158508 
0.951446 0.0889535 
0.917626 0.191433 
0.971049 0.166576 
0.930889 0.127109 
0.823702 0.400386 
0.818389 0.413065 
0.835414 0.369694 
0.820659 0.408053 
0.828905 0.386891 
0.72117 0.58393 
0.70307 0.612871 
0.729417 0.572165 
0.72572 0.577018 
0.645621 0.635783 
0.577135 0.696939 
0.505667 0.975887 
0.559306 0.708857 
0.548761 0.715765 
0.554239 0.714319 
0.282213 0.8881 
0.308501 0.8685 
0.327857 0.856247 
0.404501 0.985591 
0.356088 0.841651 
0.201251 0.90995 
0.162944 0.920246 
0.225188 0.90313 
0.146502 0.923669 
0.197277 0.916948 
0.0823731 0.946346 
0.0516883 0.980812 
0.043338 0.960564 
0.432705625 0.881475255 
0.996713856 0.249164737 
0.230487139 0.986847288 
0.990651907 0.81601192 
0.999379264 0.997524132 
0.736016714 0.997665585 
0.784330214 0.806431355 
0.966855123 0.996381013 
0.932981978 0.993227257 
0.849898151 0.999622216 
0.999514385 0.701380086 
0.999884148 0.662151193 
0.99910028 0.988736117 
0.978242587 0.917353991 
0.998128481 0.228784437 
0.860663595 0.993661007 
0.797572758 0.99993894 
0.568550786 0.92010234 
0.664349146 0.668721001 
0.998407637 0.591999469 
0.450256881 0.999526268 
0.0618143 0.984792 
0.0328983 0.984961 
0.0123245 0.984856 
0.00461777 0.985686 
0.0196707 0.988098 
0.0014079 0.982623 
0.0466484 0.989652 
0.0195456 0.979036 
0.00705419 0.981449 
0.00595103 0.984664 
0.00586986 0.976992 
0.00794261 0.977513 
0.00436074 0.978224 
0.104111 0.978429 
0.0444573 0.965144 
0.152595 0.98853 
0.269672 0.913044 
0.373581 0.896304 
0.424854 0.94895 
0.14138 0.937229 
0.419767 0.870321 
0.62898 0.636648 
0.671557 0.590836 
0.611614 0.657337 
0.964672 1 
0.60036 0.669938 
0.855624 0.386374 
0.877486 0.29342 
0.718816 0.535738 
0.73589 0.515906 
0.719271 0.53389 
0.957241 0.0502459 
0.928022 0.13367 
0.97212 0.20312 
0.934105 0.288817 
0.884216 0.35223 
0.993046 0.0761017 
0.961067 0.0661634 
0.992036 0.0473681 
0.990645 0.140984 
0.968267 0.156495 
0.982244 0.0310556 
0.984407 0.00469196 
0.984418 0.0673493 
0.965003 0.0803518 
0.981284 0.00747866 
0.981563 6.81056e-06 
0.978757 0.00167524 
0.983409 0.000732358 
0.978044 0.00510551 
0.982197 0.000471009 
0.96542 0.0270996 
0.970626 0.0321442 
0.990158 0.0236255 
0.969077 0.0240654 
0.965033 0.0299466 
0.942023 0.0983803 
0.959595 0.0810565 
0.977369 0.297033 
0.949347 0.113465 
0.940071 0.0988355 
0.922601 0.243249 
0.847843 0.378443 
0.848438 0.385082 
0.83767 0.394378 
0.837555 0.399983 
0.710075 0.545905 
0.703613 0.554165 
0.699332 0.559247 
0.695753 0.563783 
0.696782 0.562004 
0.551664 0.717803 
0.545271 0.719666 
0.539506 0.727461 
0.557844 0.711785 
0.562333 0.707356 
0.40318 0.886704 
0.441378 0.865034 
0.335128 0.889533 
0.955761048 0.637202914 
0.999831096 0.633898343 
0.16857826 0.994925077 
0.946119956 0.997858553 
0.991057211 0.995812938 
0.688316145 0.601396008 
0.552955098 0.856321875 
0.789170448 0.901900163 
0.524289318 0.998315745 
0.947457001 0.819300835 
0.950756839 0.368384505 
0.76386753 0.99992041 
0.995021006 0.993180602 
0.813039205 0.99996992 
0.167709233 0.981906476 
0.999534464 0.999055766 
0.998498221 0.993214481 
0.999705819 0.824405685 
0.997443512 0.522734681 
0.982925778 0.50629501 
0.998000884 0.337829057 
0.00537632 0.982569 
0.0605516 0.984217 
0.0755521 0.993535 
0.059388 0.99203 
0.0488369 0.964277 
0.00489694 0.982999 
0.0208199 0.989944 
0.0150211 0.974701 
0.00230249 0.984918 
0.0266442 0.988396 
0.0357283 0.971331 
2.79592e-05 0.981297 
0.000569207 0.981031 
0.00058468 0.981522 
0.00120309 0.983613 
0.000233228 0.982741 
0.0570169 0.993421 
0.0223579 0.984392 
0.00489376 0.976835 
0.0263631 0.96937 
0.0100304 0.974246 
0.0679721 0.961378 
0.0573649 0.963599 
0.0646659 0.959472 
0.114134 0.983388 
0.085248 0.955913 
0.143113 0.924439 
0.116921 0.934579 
0.137243 0.935169 
0.155891 0.919923 
0.171558 0.913967 
0.375627 0.843746 
0.473354 0.765218 
0.52176 0.733555 
0.558642 0.707891 
0.582059 0.689649 
0.766149 0.475059 
0.732966 0.525973 
0.728717 0.529057 
0.722418 0.535576 
0.763326 0.472644 
0.964046 0.0332321 
0.973811 0.126589 
0.949471 0.290451 
0.910968 0.236542 
0.946498 0.223417 
0.980143 0.0322598 
0.967031 0.0472197 
0.984548 0.00823967 
0.936051 0.176932 
0.943813 0.0944114 
0.965299 0.0626332 
0.975928 0.0132299 
0.978238 0.0116147 
0.974117 0.0334412 
0.967085 0.0771673 
0.981363 2.14759e-05 
0.980725 0.00102361 
0.979116 0.00129471 
0.983123 0.00044389 
0.982492 0.00071733 
0.972817 0.0102389 
0.988228 0.0240757 
0.953584 0.0607889 
0.969183 0.0203062 
0.982075 0.0120645 
0.9794 0.28283 
0.983515 0.0135078 
0.996265 0.16342 
0.91483 0.221519 
0.925702 0.218209 
0.99998 0.847514 
0.987798 0.361706 
0.885713 0.268847 
0.8759 0.283412 
0.888234 0.23779 
0.716709 0.54137 
0.709108 0.550598 
0.705039 0.554944 
0.662908045 0.997730345 
0.982711332 0.995661443 
0.999969969 0.790603286 
0.959199553 0.100636022 
0.767929592 0.649631829 
0.943917774 0.998529688 
0.432260809 0.958172535 
0.98236858 0.968992277 
0.998952081 0.996669511 
0.999942298 0.769655716 
0.642564767 0.999262929 
0.897215515 0.365130358 
0.863332986 0.999988917 
0.153907212 0.922079053 
0.997075667 0.974764951 
0.999677045 0.548357416 
0.89392184 0.791002063 
0.587127054 0.980310167 
0.0163191852 0.987209863 
0.995531602 0.55558334 
0.977099235 0.99674514 
0.000774843 0.979591 
0.357296 0.836862 
0.349994 0.836651 
0.305103 0.858144 
0.394121 0.815552 
0.42792 0.795771 
0.269503 0.923741 
0.176533 0.956509 
0.341751 0.852557 
0.386912 0.81892 
0.385824 0.820731 
0.161041 0.940724 
0.0562593 0.972101 
0.074575 0.95741 
0.107959 0.956664 
0.186403 0.937261 
0.0101565 0.980896 
0.0175242 0.973059 
0.0443625 0.966546 
0.00309331 0.984974 
0.0090161 0.98419 
0.0036232 0.980436 
0.00662633 0.985964 
0.000171339 0.982057 
0.000853305 0.982895 
0.00214574 0.98399 
0.0372614 0.97947 
0.091722 0.96771 
0.0106983 0.972951 
0.00471895 0.976229 
0.0628991 0.96399 
0.0816057 0.953079 
0.164292 0.964905 
0.108297 0.942005 
0.129363 0.93347 
0.107968 0.936907 
0.325164 0.973824 
0.372951 0.825254 
0.394533 0.814993 
0.477857 0.775894 
0.438433 0.785735 
0.528182 0.728889 
0.573728 0.68757 
0.560015 0.700367 
0.563883 0.698229 
0.547269 0.709709 
0.800497 0.515059 
0.811944 0.508592 
0.761516 0.53869 
0.828521 0.365468 
0.752414 0.536245 
0.896604 0.260974 
0.963298 0.0828859 
0.980021 0.252195 
0.884729 0.265488 
0.979986 0.382304 
0.987833 0.109237 
0.924109 0.191489 
0.951032 0.0684175 
0.92283 0.157811 
0.903454 0.233621 
0.982725 0.00102942 
0.971775 0.0231935 
0.979796 0.0535146 
0.97184 0.0326785 
0.972323 0.0351928 
0.979277 0.000986779 
0.982266 0.000126813 
0.979839 0.00145062 
0.987184 0.010728 
0.980948 9.76755e-05 
0.965579 0.0268799 
0.971587 0.0803672 
0.972402 0.0246658 
0.969157 0.0485693 
0.976342 0.0120798 
0.983868 0.19315 
0.928567 0.212951 
0.903633 0.23823 
0.624468365 0.708480907 
0.933608704 0.841948565 
0.773596419 0.908554634 
0.958552882 0.981835416 
0.926154152 0.191630622 
0.998874413 0.620547914 
0.96038813 0.997683698 
0.836114659 0.999981665 
0.790930764 0.513632094 
0.154996328 0.978976208 
0.991066365 0.985222004 
0.99897598 0.925475542 
0.992144886 0.976474946 
0.971064237 0.997976757 
0.956862918 0.935147046 
0.251831795 0.958187128 
0.989823575 0.890080074 
0.999428758 0.999619038 
0.999140885 0.997608338 
0.98034224 0.993759972 
0.987516093 0.608847304 
0.226016 0.994348 
0.969052 0.0924972 
0.96163 0.0436823 
0.916685 0.168284 
1 0.964658 
0.939086 0.121118 
0.784517 0.465569 
0.723499 0.543658 
0.69112 0.5757 
0.699344 0.571106 
0.653802 0.613489 
0.191095 0.92409 
0.479275 0.775857 
0.518331 0.738358 
0.59857 0.687888 
0.538182 0.719686 
0.0580987 0.961218 
0.118674 0.934539 
0.107762 0.942221 
0.283158 0.86821 
0.251655 0.881902 
0.135032 0.958215 
0.189696 0.909903 
0.160431 0.92657 
0.162236 0.922968 
0.142707 0.940327 
0.00942999 0.974985 
0.0480187 0.960103 
0.0421077 0.971264 
0.0872491 0.951348 
0.0475001 0.960464 
0.0426527 0.990188 
0.00149423 0.979666 
0.000859936 0.980601 
0.000148549 0.980772 
0.00223297 0.978231 
0.0760021 0.951755 
0.0409876 0.967037 
0.112827 0.976183 
0.0244225 0.977346 
0.0343719 0.963258 
0.263612 0.877405 
0.0539249 0.993215 
0.205844 0.902007 
0.239404 0.887146 
0.812067 0.999908 
0.307123 0.856918 
0.324195 0.848878 
0.333957 0.844325 
0.333776 0.844938 
0.32445 0.84951 
0.547705 0.710973 
0.556929 0.702706 
0.563497 0.696735 
0.562576 0.698283 
0.557333 0.701993 
0.773354 0.45719 
0.710586 0.553794 
0.71539 0.544824 
0.70861 0.557545 
0.737782 0.512059 
0.930826 0.255665 
0.83324 0.366011 
0.821373 0.384058 
0.850779 0.320129 
0.870981 0.277393 
0.973709 0.00918134 
0.953485 0.133821 
0.947421 0.137276 
0.945601 0.152124 
0.954014 0.0686481 
0.977665 0.00355267 
0.963169 0.0332194 
0.969162 0.024104 
0.957053 0.0838503 
0.968015 0.0226557 
0.985046 0.00308692 
0.982836 0.000368772 
0.985894 0.00654216 
0.998369428 0.854061653 
0.961792644 0.137145117 
0.987222397 0.928048767 
0.959255766 0.99382294 
0.967799773 0.981598731 
0.704559087 0.995632129 
0.999661053 0.823849749 
0.996977775 0.998539309 
0.999188945 0.803572298 
0.973058949 0.573208822 
0.805122313 0.99990315 
0.998281713 0.979104186 
0.70051743 0.968492366 
0.99689375 0.99893474 
0.878882907 0.999426573 
0.0418719922 0.962328606 
0.846473527 0.742996639 
0.79483985 0.723174048 
0.984445037 0.984460057 
0.260362192 0.998445997 
0.989736944 0.0252041725 
0.00573823 0.982556 
0.982883 0.00654181 
0.978986 0.0439038 
0.99126 0.0330946 
0.97982 0.023795 
0.987865 0.0117746 
0.968848 0.0817543 
0.971758 0.124025 
0.972844 0.0530745 
0.984971 0.00539536 
0.975013 0.0260377 
0.942404 0.129848 
0.97607 0.0510876 
0.990564 0.0993865 
0.950423 0.116234 
0.933594 0.14263 
0.852511 0.470835 
0.862355 0.422895 
0.854559 0.492846 
0.808956 0.501959 
0.685659 0.594919 
0.560312 0.79485 
0.529995 0.819221 
0.574875 0.7829 
0.578277 0.786645 
0.582066 0.77121 
0.109961 0.945837 
0.0323621 0.971112 
0.19737 0.919934 
0.231061 0.91851 
0.0932774 0.990126 
0.0124829 0.971683 
0.0658752 0.952894 
0.154864 0.931789 
0.210014 0.963723 
0.202291 0.924159 
0.0349744 0.983599 
0.0151358 0.975025 
0.0288586 0.964941 
0.0761057 0.959762 
0.0153196 0.979632 
0.000736418 0.979599 
0.000745423 0.982874 
0.00114904 0.982846 
0.00391338 0.984778 
0.00163795 0.980128 
0.0807492 0.984787 
0.0216543 0.96792 
0.0519874 0.972161 
0.0132112 0.971672 
0.104342 0.943621 
0.23066 0.910529 
0.186667 0.919266 
0.239487 0.906598 
0.125874 0.996308 
0.148234 0.928667 
0.244333 0.9025 
0.252315 0.897384 
0.255939 0.893863 
0.262342 0.891156 
0.27568 0.887505 
0.595448 0.753233 
0.536684 0.77036 
0.603076 0.740011 
1 0.964671 
0.599109 0.747681 
0.75595 0.483972 
0.728543 0.527475 
0.875261 0.307622 
0.723923 0.530529 
0.736543 0.514728 
0.889141 0.312158 
0.918179 0.162906 
0.942475 0.409745 
0.879737 0.335278 
0.888075 0.265742 
0.939763 0.101051 
0.954788 0.177877 
0.956444 0.0533304 
0.175427387 0.96464624 
0.996704897 0.294067303 
0.991364247 0.99882864 
0.235242548 0.9980813 
0.997400454 0.941514725 
0.998050344 0.32764786 
0.996656087 0.186374551 
0.999322473 0.791775044 
0.99998782 0.846170789 
0.647417873 0.993962596 
0.999294821 0.450974024 
0.727854825 0.743081616 
0.335863475 0.85357682 
0.76290643 0.999960728 
0.554229921 0.999761586 
0.799385673 0.999906645 
0.999486959 0.841893659 
0.958019445 0.980754107 
0.949905405 0.997791604 
0.674965556 0.847405035 
0.466207634 0.952371848 
0.00964839 0.985177 
0.990873 0.0275513 
0.991685 0.0399898 
0.987452 0.0104426 
0.989645 0.0216239 
0.988733 0.0138341 
0.983668 0.0026226 
0.983698 0.000843557 
0.979962 0.0036253 
0.981125 0.000258379 
0.981513 0.00110878 
0.987119 0.027011 
0.986852 0.0134782 
0.979953 0.00208643 
0.986771 0.0096122 
0.985427 0.00326297 
0.974638 0.00721024 
0.993924 0.143011 
0.977114 0.0032115 
0.971812 0.0136567 
0.991489 0.110724 
0.986401 0.0469988 
0.966867 0.0298843 
0.962583 0.0482064 
0.959709 0.0492329 
0.960436 0.0500799 
0.875 0.278831 
0.884727 0.245311 
0.859109 0.320866 
0.83838 0.369028 
0.830614 0.389548 
0.283041 0.900206 
0.870508 0.70368 
0.388741 0.833359 
0.204334 0.901495 
0.47152 0.766752 
0.305992 0.971369 
0.338755 0.850095 
0.227166 0.892821 
0.309996 0.897959 
0.36319 0.842487 
0.0507811 0.957085 
0.150247 0.935099 
0.126949 0.934261 
0.161255 0.92716 
0.103812 0.954778 
0.0467156 0.958893 
0.0551659 0.969004 
0.0231044 0.969271 
0.0291654 0.969589 
0.0940064 0.968348 
5.75744e-06 0.981806 
0.00251528 0.984848 
0.00108068 0.981043 
0.000195094 0.981372 
0.00119129 0.983627 
0.0305103 0.968623 
0.0149866 0.970642 
0.028689 0.964837 
0.097417 0.958753 
0.0726559 0.957 
0.144453 0.932828 
0.162156 0.917532 
0.188585 0.995857 
0.167153 0.91781 
0.419985 0.986165 
0.392324 0.834606 
0.38063 0.837696 
0.413036 0.826483 
0.40541 0.829173 
0.427329 0.82158 
0.503999 0.748916 
0.518811 0.74337 
0.603805 0.65966 
0.543159 0.726274 
0.56088 0.716584 
0.912139 0.404416 
0.81027 0.481067 
0.723299 0.547948 
