0.955761048 0.637202914 
0.999831096 0.633898343 
0.16857826 0.994925077 
0.946119956 0.997858553 
0.991057211 0.995812938 
0.688316145 0.601396008 
0.552955098 0.856321875 
0.789170448 0.901900163 
0.524289318 0.998315745 
0.947457001 0.819300835 
0.950756839 0.368384505 
0.76386753 0.99992041 
0.995021006 0.993180602 
0.813039205 0.99996992 
0.167709233 0.981906476 
0.999534464 0.999055766 
0.998498221 0.993214481 
0.999705819 0.824405685 
0.997443512 0.522734681 
0.982925778 0.50629501 
0.998000884 0.337829057 
0.00537632 0.982569 
0.0605516 0.984217 
0.0755521 0.993535 
0.059388 0.99203 
0.0488369 0.964277 
0.00489694 0.982999 
0.0208199 0.989944 
0.0150211 0.974701 
0.00230249 0.984918 
0.0266442 0.988396 
0.0357283 0.971331 
2.79592e-05 0.981297 
0.000569207 0.981031 
0.00058468 0.981522 
0.00120309 0.983613 
0.000233228 0.982741 
0.0570169 0.993421 
0.0223579 0.984392 
0.00489376 0.976835 
0.0263631 0.96937 
0.0100304 0.974246 
0.0679721 0.961378 
0.0573649 0.963599 
0.0646659 0.959472 
0.114134 0.983388 
0.085248 0.955913 
0.143113 0.924439 
0.116921 0.934579 
0.137243 0.935169 
0.155891 0.919923 
0.171558 0.913967 
0.375627 0.843746 
0.473354 0.765218 
0.52176 0.733555 
0.558642 0.707891 
0.582059 0.689649 
0.766149 0.475059 
0.732966 0.525973 
0.728717 0.529057 
0.722418 0.535576 
0.763326 0.472644 
0.964046 0.0332321 
0.973811 0.126589 
0.949471 0.290451 
0.910968 0.236542 
0.946498 0.223417 
0.980143 0.0322598 
0.967031 0.0472197 
0.984548 0.00823967 
0.936051 0.176932 
0.943813 0.0944114 
0.965299 0.0626332 
0.975928 0.0132299 
0.978238 0.0116147 
0.974117 0.0334412 
0.967085 0.0771673 
0.981363 2.14759e-05 
0.980725 0.00102361 
0.979116 0.00129471 
0.983123 0.00044389 
0.982492 0.00071733 
0.972817 0.0102389 
0.988228 0.0240757 
0.953584 0.0607889 
0.969183 0.0203062 
0.982075 0.0120645 
0.9794 0.28283 
0.983515 0.0135078 
0.996265 0.16342 
0.91483 0.221519 
0.925702 0.218209 
0.99998 0.847514 
0.987798 0.361706 
0.885713 0.268847 
0.8759 0.283412 
0.888234 0.23779 
0.716709 0.54137 
0.709108 0.550598 
0.705039 0.554944 
