0.878222133 0.260234753 
0.994101732 0.853038235 
0.993825144 0.997946736 
0.734057854 0.999935338 
0.982514093 0.382132599 
0.999343006 0.408843174 
0.997798562 0.993441947 
0.996465492 0.528560345 
0.911676544 0.981158154 
0.941851606 0.770800547 
0.999313274 0.988087059 
0.999568015 0.865576765 
0.815336159 0.999947494 
0.976494489 0.0610384337 
0.126914443 0.994769674 
0.440419804 0.997415485 
0.315525698 0.948047207 
0.758988372 0.99980818 
0.998119788 0.86765339 
0.961026851 0.991330281 
0.846630378 0.476279016 
0.067813 0.991847 
0.970182 0.0403951 
0.835529 0.35532 
0.802459 0.411007 
0.999986 0.86127 
0.832228 0.356461 
0.932958 0.142273 
0.919551 0.156479 
0.989116 0.0349739 
0.941568 0.128309 
0.899127 0.210007 
0.966006 0.0271281 
0.967675 0.0394283 
0.981653 0.0248304 
0.971179 0.0149267 
0.958623 0.0454436 
0.982406 0.000118113 
0.979673 0.00103706 
0.983325 0.00177142 
0.980262 0.00339804 
0.980364 0.000415144 
0.954654 0.0669441 
0.96358 0.033132 
0.989323 0.0222052 
0.955194 0.0663035 
0.961414 0.0392751 
0.896895 0.21655 
0.903569 0.19912 
0.895823 0.21847 
0.994603 0.123157 
0.908016 0.187391 
0.803951 0.407597 
0.791581 0.428863 
0.809703 0.397607 
0.813599 0.390788 
0.985461 0.350386 
0.539934 0.756376 
0.757545 0.481968 
0.741666 0.506541 
0.733138 0.519518 
0.729706 0.525865 
0.349343 0.964409 
0.503223 0.782409 
0.548798 0.752756 
0.557551 0.748745 
0.566536 0.74153 
0.102159 0.951143 
0.0627824 0.975135 
0.210795 0.982374 
0.177339 0.946691 
0.1944 0.906298 
0.093808 0.974176 
0.110151 0.944304 
0.0833549 0.96324 
0.223014 0.893968 
0.124861 0.962856 
0.00627453 0.978485 
0.0195801 0.968841 
0.0146989 0.971591 
0.00820621 0.987358 
0.0524349 0.972471 
6.22792e-05 0.981522 
0.00108787 0.979151 
0.00101604 0.983517 
0.00106802 0.983596 
0.000194204 0.982004 
0.0405325 0.964316 
0.0234507 0.974729 
0.0994564 0.962684 
0.0954076 0.966709 
0.0276853 0.989426 
0.230495 0.891657 
0.218493 0.899016 
0.167031 0.922993 
0.20664 0.900495 
0.242896 0.88645 
0.274796 0.872458 
0.1017 0.939462 
0.347851 0.841968 
