0.390847192 0.87680452 
0.999991227 0.873556784 
0.210835881 0.920668503 
0.998909504 0.347248764 
0.87805813 0.990180284 
0.675080958 0.99990215 
0.993320796 0.473951 
0.999961971 0.796075518 
0.0447178146 0.992427922 
0.845560937 0.999139453 
0.998933781 0.640465179 
0.983277259 0.00444101441 
0.818838749 0.61356557 
0.809764705 0.999978778 
0.99337409 0.982923113 
0.12259672 0.995838249 
0.965686041 0.790027539 
0.997233396 0.987733273 
0.983897853 0.998481604 
0.762142896 0.985467553 
0.601315367 0.725087089 
0.00563979 0.983904 
0.986381 0.0057335 
0.987423 0.0165645 
0.982854 0.000464494 
0.985525 0.00458133 
0.988989 0.018561 
0.991597 0.0636901 
0.991586 0.0534611 
0.97727 0.00385036 
0.984319 0.0067438 
0.974542 0.0121304 
0.969442 0.244767 
0.995756 0.206269 
0.969119 0.0366076 
0.970392 0.0253343 
0.984891 0.224365 
0.825899 0.561565 
0.930658 0.589709 
0.799172 0.616791 
0.78528 0.621051 
0.776837 0.622526 
0.56388 0.741088 
0.540755 0.749759 
0.565937 0.748887 
0.56642 0.732006 
0.523682 0.790066 
0.121875 0.936516 
0.380425 0.95383 
0.447758 0.809141 
0.113174 0.93616 
0.128612 0.962388 
0.0405709 0.960496 
0.0527228 0.963282 
0.0462526 0.971998 
0.198447 0.96113 
0.0791414 0.947094 
0.0521759 0.978854 
0.0203571 0.978578 
0.0787011 0.968852 
0.0537111 0.956911 
0.0659409 0.951647 
0.00025504 0.980489 
0.00040824 0.982991 
0.00152119 0.980249 
0.00154512 0.979637 
6.91869e-05 0.981811 
0.0770716 0.948307 
0.0833847 0.948419 
0.0525622 0.958646 
0.0260815 0.966823 
0.035746 0.962136 
0.180922 0.928239 
0.12082 0.934146 
0.151948 0.946162 
0.124649 0.932155 
0.103669 0.938652 
0.403228 0.862204 
0.415751 0.859122 
0.412592 0.859505 
0.429023 0.855658 
0.422708 0.856906 
0.588745 0.714857 
0.685471 0.576914 
0.466585 0.778976 
0.585506 0.722959 
0.578336 0.726294 
0.823557 0.435124 
0.954773 0.331859 
0.707652 0.553897 
0.731921 0.518926 
0.761121 0.475617 
0.978298 0.154318 
0.854387 0.342213 
0.979747 0.473811 
0.894213 0.225124 
0.84998 0.3378 
0.929325 0.148323 
0.962593 0.0459916 
0.976243 0.18666 
