0.99890025 0.836707287 
0.995869565 0.829499489 
0.976009738 0.894201712 
0.911393738 0.190641714 
0.939260284 0.484263488 
0.689421168 0.99932273 
0.986014062 0.956186916 
0.964833799 0.262077751 
0.959651358 0.976874866 
0.922071726 0.999397894 
0.977944726 0.806689919 
0.984440465 0.66384866 
0.107499985 0.994602702 
0.999834947 0.789699529 
0.850647468 0.999982193 
0.997730427 0.998065252 
0.038692992 0.961153015 
0.999984977 0.830751291 
0.587308277 0.999823039 
0.732644436 0.999950441 
0.983479268 0.0149171046 
0.00945157 0.983679 
0.0118328 0.979488 
0.060097 0.986653 
0.0235457 0.973647 
0.0126908 0.971746 
0.0172322 0.972544 
0.0511009 0.95751 
0.0723426 0.949213 
0.102803 0.987262 
0.0838295 0.947836 
0.0884526 0.944095 
0.150619 0.921695 
0.206912 0.901238 
0.256235 0.88452 
0.292284 0.87225 
0.324716 0.863305 
0.898264 0.218548 
0.866872 0.293005 
0.83914 0.364442 
0.81982 0.410171 
0.793726 0.474259 
0.885015 0.337735 
0.824632 0.396964 
0.953337 0.124384 
0.787956 0.447008 
0.832788 0.39482 
0.983476 0.060148 
0.943642 0.0912706 
0.94638 0.15053 
0.944718 0.0919929 
0.961897 0.155623 
0.977557 0.00371794 
0.965887 0.0332092 
0.968221 0.0441227 
0.972477 0.0611348 
0.969139 0.0260544 
0.983346 0.000581674 
0.980777 0.000168791 
0.980988 0.000739995 
0.983862 0.0018089 
0.983527 0.00208372 
0.962364 0.0688989 
0.960935 0.039548 
0.954781 0.0573215 
0.963627 0.0334245 
0.956458 0.0514745 
0.926013 0.158508 
0.951446 0.0889535 
0.917626 0.191433 
0.971049 0.166576 
0.930889 0.127109 
0.823702 0.400386 
0.818389 0.413065 
0.835414 0.369694 
0.820659 0.408053 
0.828905 0.386891 
0.72117 0.58393 
0.70307 0.612871 
0.729417 0.572165 
0.72572 0.577018 
0.645621 0.635783 
0.577135 0.696939 
0.505667 0.975887 
0.559306 0.708857 
0.548761 0.715765 
0.554239 0.714319 
0.282213 0.8881 
0.308501 0.8685 
0.327857 0.856247 
0.404501 0.985591 
0.356088 0.841651 
0.201251 0.90995 
0.162944 0.920246 
0.225188 0.90313 
0.146502 0.923669 
0.197277 0.916948 
0.0823731 0.946346 
0.0516883 0.980812 
0.043338 0.960564 
