0.752692405 0.961725933 
0.846215524 0.596086051 
0.045358991 0.960976792 
0.619013629 0.986314491 
0.999982651 0.820657376 
0.0386689946 0.990965958 
0.995940584 0.996506913 
0.656187252 0.999085308 
0.995281829 0.995782246 
0.959087764 0.781738972 
0.772768322 0.999921097 
0.881421442 0.881943046 
0.999884887 0.773837091 
0.710870669 0.544233812 
0.999754298 0.807660393 
0.986109533 0.0436752156 
0.981404053 0.970202875 
0.815978302 0.996794075 
0.970998104 0.987802357 
0.95075805 0.578944658 
0.996237829 0.999353359 
0.0117072 0.981998 
0.99109 0.0382823 
0.984945 0.0105237 
0.988166 0.0324351 
0.990703 0.0672902 
0.987881 0.0174345 
0.982379 0.000896575 
0.97763 0.00388205 
0.988105 0.0182243 
0.982881 0.000343116 
0.98469 0.0028255 
0.978795 0.00649401 
0.980715 0.00371139 
0.989046 0.0155684 
0.976463 0.00856335 
0.985506 0.00528264 
0.972388 0.0210334 
0.968941 0.020467 
0.973274 0.0158093 
0.969946 0.0206266 
0.964028 0.0311069 
0.955499 0.0544026 
0.929846 0.161902 
0.916978 0.16933 
0.960942 0.219966 
0.927605 0.141523 
0.809781 0.422085 
0.724772 0.529564 
0.662552 0.602526 
0.719121 0.533779 
0.694679 0.565353 
0.581511 0.682209 
0.534253 0.720702 
0.519617 0.729715 
0.551921 0.706839 
0.443092 0.809826 
0.296674 0.918191 
0.243796 0.885771 
0.381627 0.834436 
0.394345 0.828019 
0.372629 0.846822 
0.125584 0.947398 
0.165785 0.939262 
0.158929 0.932827 
0.116376 0.935766 
0.146262 0.951373 
0.0374073 0.968034 
0.0770789 0.968029 
0.0270869 0.980848 
0.0460374 0.958613 
0.0489596 0.95859 
5.14928e-06 0.981804 
0.00110963 0.983949 
0.000924435 0.981129 
0.000794052 0.980947 
0.000197063 0.980665 
0.089856 0.943516 
0.0382884 0.964717 
0.0276483 0.965227 
0.0737015 0.96435 
0.0811982 0.954306 
0.171334 0.914043 
0.224302 0.894316 
0.125783 0.939496 
0.219181 0.89705 
0.167802 0.916187 
0.356364 0.842148 
0.325446 0.998948 
0.392323 0.827602 
0.392131 0.828337 
0.400633 0.824374 
0.557238 0.703011 
0.557861 0.702815 
0.560867 0.700396 
0.562359 0.699356 
0.56134 0.699844 
0.700179 0.558234 
0.69825 0.560295 
0.700348 0.557844 
