0.662908045 0.997730345 
0.982711332 0.995661443 
0.999969969 0.790603286 
0.959199553 0.100636022 
0.767929592 0.649631829 
0.943917774 0.998529688 
0.432260809 0.958172535 
0.98236858 0.968992277 
0.998952081 0.996669511 
0.999942298 0.769655716 
0.642564767 0.999262929 
0.897215515 0.365130358 
0.863332986 0.999988917 
0.153907212 0.922079053 
0.997075667 0.974764951 
0.999677045 0.548357416 
0.89392184 0.791002063 
0.587127054 0.980310167 
0.0163191852 0.987209863 
0.995531602 0.55558334 
0.977099235 0.99674514 
0.000774843 0.979591 
0.357296 0.836862 
0.349994 0.836651 
0.305103 0.858144 
0.394121 0.815552 
0.42792 0.795771 
0.269503 0.923741 
0.176533 0.956509 
0.341751 0.852557 
0.386912 0.81892 
0.385824 0.820731 
0.161041 0.940724 
0.0562593 0.972101 
0.074575 0.95741 
0.107959 0.956664 
0.186403 0.937261 
0.0101565 0.980896 
0.0175242 0.973059 
0.0443625 0.966546 
0.00309331 0.984974 
0.0090161 0.98419 
0.0036232 0.980436 
0.00662633 0.985964 
0.000171339 0.982057 
0.000853305 0.982895 
0.00214574 0.98399 
0.0372614 0.97947 
0.091722 0.96771 
0.0106983 0.972951 
0.00471895 0.976229 
0.0628991 0.96399 
0.0816057 0.953079 
0.164292 0.964905 
0.108297 0.942005 
0.129363 0.93347 
0.107968 0.936907 
0.325164 0.973824 
0.372951 0.825254 
0.394533 0.814993 
0.477857 0.775894 
0.438433 0.785735 
0.528182 0.728889 
0.573728 0.68757 
0.560015 0.700367 
0.563883 0.698229 
0.547269 0.709709 
0.800497 0.515059 
0.811944 0.508592 
0.761516 0.53869 
0.828521 0.365468 
0.752414 0.536245 
0.896604 0.260974 
0.963298 0.0828859 
0.980021 0.252195 
0.884729 0.265488 
0.979986 0.382304 
0.987833 0.109237 
0.924109 0.191489 
0.951032 0.0684175 
0.92283 0.157811 
0.903454 0.233621 
0.982725 0.00102942 
0.971775 0.0231935 
0.979796 0.0535146 
0.97184 0.0326785 
0.972323 0.0351928 
0.979277 0.000986779 
0.982266 0.000126813 
0.979839 0.00145062 
0.987184 0.010728 
0.980948 9.76755e-05 
0.965579 0.0268799 
0.971587 0.0803672 
0.972402 0.0246658 
0.969157 0.0485693 
0.976342 0.0120798 
0.983868 0.19315 
0.928567 0.212951 
0.903633 0.23823 
