0.765625295 0.482691312 
0.997996228 0.985056585 
0.989913617 0.994531806 
0.648126547 0.67887101 
0.0455689747 0.975357129 
0.999780354 0.999707168 
0.172750288 0.994097002 
0.931010713 0.99848786 
0.994007003 0.399160875 
0.95211058 0.981922031 
0.811581713 0.999979852 
0.954440508 0.662464951 
0.965584464 0.946093123 
0.993182729 0.801391178 
0.692597733 0.93940098 
0.996209872 0.991995779 
0.987089221 0.0165239867 
0.999974314 0.827054213 
0.757632271 0.999060905 
0.99746246 0.952322293 
0.859527526 0.47654735 
0.0041961 0.985904 
0.575384 0.817072 
0.629751 0.721734 
0.62749 0.735348 
0.641859 0.71915 
0.62223 0.740942 
0.81882 0.381721 
0.683766 0.576618 
0.649447 0.615792 
0.69662 0.561531 
0.683872 0.577864 
0.924528 0.198533 
0.95449 0.232154 
0.911157 0.179509 
0.872798 0.292324 
0.860213 0.302818 
0.961745 0.126942 
0.958643 0.0656821 
0.973719 0.0679312 
0.917297 0.178041 
0.945442 0.142073 
0.974602 0.00832374 
0.978343 0.00809628 
0.967597 0.0557246 
0.975002 0.0063 
0.957066 0.0817567 
0.981619 2.10852e-06 
0.984766 0.00212225 
0.979618 0.000743762 
0.983056 0.00139417 
0.981374 0.000547525 
0.979468 0.024344 
0.975667 0.0306965 
0.981457 0.00752889 
0.981528 0.00488949 
0.974099 0.0139567 
0.937765 0.115233 
0.920031 0.155163 
0.929282 0.154363 
0.959708 0.178012 
0.934404 0.149907 
0.823756 0.372391 
0.829355 0.363029 
0.999958 0.822686 
0.814536 0.39004 
0.811738 0.394467 
0.706155 0.5498 
0.697266 0.560681 
0.69531 0.563031 
0.698042 0.55975 
0.707259 0.548764 
0.421027 0.817097 
0.462495 0.800564 
0.591642 0.752494 
0.585106 0.763194 
0.584802 0.754859 
0.202558 0.925608 
0.350701 0.871482 
0.36376 0.875718 
0.135466 0.929949 
0.315026 0.858335 
0.0669454 0.951061 
0.141196 0.928975 
0.0804943 0.953342 
0.0885405 0.943823 
0.178181 0.969465 
0.015916 0.970092 
0.0170409 0.972561 
0.0536078 0.957268 
0.0423198 0.96242 
0.0524636 0.956848 
0.000337988 0.982165 
0.000669415 0.981578 
0.00102993 0.97946 
1.52909e-05 0.981839 
0.00170191 0.979187 
0.0573701 0.969728 
0.056864 0.969019 
0.042642 0.961848 
