0.999490256 0.784799415 
0.54858502 0.999584316 
0.988813727 0.93378458 
0.153040728 0.967997936 
0.998097037 0.999537501 
0.999994289 0.8865053 
0.996004297 0.994426921 
0.995081253 0.13132376 
0.955034131 0.948370905 
0.7506413 0.494235727 
0.985832231 0.987277944 
0.998876039 0.859782032 
0.966113687 0.527449764 
0.933316458 0.997934396 
0.478647304 0.997780069 
0.929931774 0.128189008 
0.870831652 0.999603191 
0.914031341 0.996420683 
0.269212479 0.994506142 
0.917606576 0.97566986 
0.969277159 0.842622951 
0.00962353 0.978745 
0.956417 0.142845 
0.972887 0.0105901 
0.879279 0.315941 
0.891957 0.34135 
0.85274 0.360555 
0.735166 0.512538 
0.707857 0.547684 
0.653814 0.610727 
0.738525 0.50931 
0.70247 0.554376 
0.549101 0.707315 
0.440621 0.78495 
0.474442 0.771955 
0.549723 0.706423 
0.538636 0.715253 
0.23565 0.888661 
0.361532 0.830455 
0.357898 0.831475 
0.243087 0.894098 
0.37856 0.820779 
0.101437 0.939667 
0.182955 0.911906 
0.25358 0.883262 
0.201442 0.914046 
0.246652 0.979228 
0.037059 0.968069 
0.0470555 0.981681 
0.0674735 0.950862 
0.0455347 0.96345 
0.0510946 0.975523 
0.000161695 0.980935 
0.000403396 0.981608 
0.00250511 0.977912 
0.000682478 0.983013 
0.000117432 0.982398 
0.0409914 0.970789 
0.0419892 0.960976 
0.0735797 0.948768 
0.0776319 0.976061 
0.0631842 0.952708 
0.277921 0.871974 
0.230593 0.893423 
0.206558 0.906934 
0.190412 0.906789 
0.200086 0.961796 
0.388441 0.815211 
0.393605 0.81209 
0.549168 0.999748 
0.400198 0.808338 
0.405004 0.805688 
0.558134 0.699801 
0.57183 0.688841 
0.564277 0.694445 
0.556797 0.70098 
0.557903 0.699945 
0.700145 0.557326 
0.696589 0.561731 
0.702567 0.55444 
0.696529 0.561594 
0.698822 0.5589 
0.85602 0.332491 
0.860018 0.334944 
0.919012 0.301844 
0.872898 0.298239 
0.882394 0.251734 
0.941396 0.155589 
0.98271 0.105364 
0.936346 0.135758 
0.931701 0.12888 
0.911351 0.182087 
0.970572 0.0235674 
0.963377 0.0324053 
0.954836 0.058708 
0.959682 0.0583273 
0.983332 0.0137334 
0.983922 0.00213653 
0.985869 0.00441663 
0.981793 1.5801e-05 
