0.624468365 0.708480907 
0.933608704 0.841948565 
0.773596419 0.908554634 
0.958552882 0.981835416 
0.926154152 0.191630622 
0.998874413 0.620547914 
0.96038813 0.997683698 
0.836114659 0.999981665 
0.790930764 0.513632094 
0.154996328 0.978976208 
0.991066365 0.985222004 
0.99897598 0.925475542 
0.992144886 0.976474946 
0.971064237 0.997976757 
0.956862918 0.935147046 
0.251831795 0.958187128 
0.989823575 0.890080074 
0.999428758 0.999619038 
0.999140885 0.997608338 
0.98034224 0.993759972 
0.987516093 0.608847304 
0.226016 0.994348 
0.969052 0.0924972 
0.96163 0.0436823 
0.916685 0.168284 
1 0.964658 
0.939086 0.121118 
0.784517 0.465569 
0.723499 0.543658 
0.69112 0.5757 
0.699344 0.571106 
0.653802 0.613489 
0.191095 0.92409 
0.479275 0.775857 
0.518331 0.738358 
0.59857 0.687888 
0.538182 0.719686 
0.0580987 0.961218 
0.118674 0.934539 
0.107762 0.942221 
0.283158 0.86821 
0.251655 0.881902 
0.135032 0.958215 
0.189696 0.909903 
0.160431 0.92657 
0.162236 0.922968 
0.142707 0.940327 
0.00942999 0.974985 
0.0480187 0.960103 
0.0421077 0.971264 
0.0872491 0.951348 
0.0475001 0.960464 
0.0426527 0.990188 
0.00149423 0.979666 
0.000859936 0.980601 
0.000148549 0.980772 
0.00223297 0.978231 
0.0760021 0.951755 
0.0409876 0.967037 
0.112827 0.976183 
0.0244225 0.977346 
0.0343719 0.963258 
0.263612 0.877405 
0.0539249 0.993215 
0.205844 0.902007 
0.239404 0.887146 
0.812067 0.999908 
0.307123 0.856918 
0.324195 0.848878 
0.333957 0.844325 
0.333776 0.844938 
0.32445 0.84951 
0.547705 0.710973 
0.556929 0.702706 
0.563497 0.696735 
0.562576 0.698283 
0.557333 0.701993 
0.773354 0.45719 
0.710586 0.553794 
0.71539 0.544824 
0.70861 0.557545 
0.737782 0.512059 
0.930826 0.255665 
0.83324 0.366011 
0.821373 0.384058 
0.850779 0.320129 
0.870981 0.277393 
0.973709 0.00918134 
0.953485 0.133821 
0.947421 0.137276 
0.945601 0.152124 
0.954014 0.0686481 
0.977665 0.00355267 
0.963169 0.0332194 
0.969162 0.024104 
0.957053 0.0838503 
0.968015 0.0226557 
0.985046 0.00308692 
0.982836 0.000368772 
0.985894 0.00654216 
