0.885789779 0.283258481 
0.836618344 0.999984141 
0.642431023 0.848182061 
0.948324213 0.831687146 
0.997485046 0.998624995 
0.999472526 0.614688502 
0.999949034 0.766507092 
0.995750199 0.63819766 
0.998662315 0.399806009 
0.623178855 0.999827802 
0.998028607 0.303574025 
0.307302758 0.997793805 
0.463918202 0.815553975 
0.999974435 0.835863748 
0.73880548 0.999372916 
0.54545682 0.999483095 
0.400604018 0.979662582 
0.573394883 0.948060109 
0.310853559 0.963231161 
0.986610218 0.998492786 
0.999578214 0.69260141 
0.0849694 0.96814 
0.698244 0.563002 
0.231296 0.894746 
0.491273 0.797281 
0.513027 0.780565 
0.526165 0.77417 
0.0743242 0.967324 
0.205628 0.901433 
0.106024 0.995664 
0.129695 0.931361 
0.285953 0.88317 
0.138254 0.92687 
0.00388235 0.977058 
0.0386357 0.989744 
0.162493 0.917692 
0.174495 0.924671 
0.0579108 0.954271 
0.00999752 0.986942 
0.044845 0.972574 
0.0468804 0.969801 
0.0131079 0.980204 
9.26316e-05 0.98137 
0.00191174 0.98186 
0.00128631 0.980132 
0.000215693 0.981537 
0.000533912 0.979927 
0.04238 0.965076 
0.0582965 0.954985 
0.0947515 0.941762 
0.0347725 0.96465 
0.0680688 0.950876 
0.282528 0.86867 
0.126519 0.94269 
0.160716 0.91808 
0.194655 0.909758 
0.230198 0.89193 
0.271394 0.984049 
0.365242 0.827615 
0.388357 0.814934 
0.430989 0.791487 
0.386146 0.816168 
0.574858 0.712695 
0.597871 0.695774 
0.570019 0.716272 
0.569398 0.717767 
0.571826 0.715549 
0.743424 0.501352 
0.714299 0.539688 
0.722274 0.529955 
0.688077 0.573688 
0.872291 0.39677 
0.975022 0.00830179 
0.968598 0.181553 
0.985169 0.102429 
0.942724 0.0930613 
0.897962 0.304738 
0.97753 0.0250496 
0.991051 0.242464 
0.953611 0.067277 
0.967647 0.067839 
0.951536 0.0676212 
0.988622 0.0342053 
0.969102 0.0258057 
0.980496 0.0312206 
0.980452 0.0571263 
0.96178 0.0371736 
0.980471 0.000387666 
0.982309 0.00034776 
0.980602 0.00118055 
0.981526 0.000140345 
0.980404 0.000318916 
0.989341 0.0173193 
0.964961 0.0338899 
0.972024 0.0621863 
0.9894 0.0217612 
0.958891 0.0449545 
0.940438 0.11331 
0.9525 0.195386 
0.942068 0.10577 
