0.998369428 0.854061653 
0.961792644 0.137145117 
0.987222397 0.928048767 
0.959255766 0.99382294 
0.967799773 0.981598731 
0.704559087 0.995632129 
0.999661053 0.823849749 
0.996977775 0.998539309 
0.999188945 0.803572298 
0.973058949 0.573208822 
0.805122313 0.99990315 
0.998281713 0.979104186 
0.70051743 0.968492366 
0.99689375 0.99893474 
0.878882907 0.999426573 
0.0418719922 0.962328606 
0.846473527 0.742996639 
0.79483985 0.723174048 
0.984445037 0.984460057 
0.260362192 0.998445997 
0.989736944 0.0252041725 
0.00573823 0.982556 
0.982883 0.00654181 
0.978986 0.0439038 
0.99126 0.0330946 
0.97982 0.023795 
0.987865 0.0117746 
0.968848 0.0817543 
0.971758 0.124025 
0.972844 0.0530745 
0.984971 0.00539536 
0.975013 0.0260377 
0.942404 0.129848 
0.97607 0.0510876 
0.990564 0.0993865 
0.950423 0.116234 
0.933594 0.14263 
0.852511 0.470835 
0.862355 0.422895 
0.854559 0.492846 
0.808956 0.501959 
0.685659 0.594919 
0.560312 0.79485 
0.529995 0.819221 
0.574875 0.7829 
0.578277 0.786645 
0.582066 0.77121 
0.109961 0.945837 
0.0323621 0.971112 
0.19737 0.919934 
0.231061 0.91851 
0.0932774 0.990126 
0.0124829 0.971683 
0.0658752 0.952894 
0.154864 0.931789 
0.210014 0.963723 
0.202291 0.924159 
0.0349744 0.983599 
0.0151358 0.975025 
0.0288586 0.964941 
0.0761057 0.959762 
0.0153196 0.979632 
0.000736418 0.979599 
0.000745423 0.982874 
0.00114904 0.982846 
0.00391338 0.984778 
0.00163795 0.980128 
0.0807492 0.984787 
0.0216543 0.96792 
0.0519874 0.972161 
0.0132112 0.971672 
0.104342 0.943621 
0.23066 0.910529 
0.186667 0.919266 
0.239487 0.906598 
0.125874 0.996308 
0.148234 0.928667 
0.244333 0.9025 
0.252315 0.897384 
0.255939 0.893863 
0.262342 0.891156 
0.27568 0.887505 
0.595448 0.753233 
0.536684 0.77036 
0.603076 0.740011 
1 0.964671 
0.599109 0.747681 
0.75595 0.483972 
0.728543 0.527475 
0.875261 0.307622 
0.723923 0.530529 
0.736543 0.514728 
0.889141 0.312158 
0.918179 0.162906 
0.942475 0.409745 
0.879737 0.335278 
0.888075 0.265742 
0.939763 0.101051 
0.954788 0.177877 
0.956444 0.0533304 
