0.58416916 0.992039383 
0.99999932 0.956226576 
0.0814893554 0.964282404 
0.864901799 0.999989902 
0.952645918 0.996290636 
0.554339603 0.974840528 
0.521895222 0.999612124 
0.71664495 0.999925678 
0.866054832 0.374991106 
0.999906048 0.694821664 
0.994452848 0.555265426 
0.995660818 0.777159217 
0.943647728 0.0955103643 
0.714087351 0.99973462 
0.999837419 0.664122984 
0.979897298 0.928515737 
0.993939176 0.0935978838 
0.483346162 0.993619312 
0.965451201 0.930447107 
0.738585994 0.808466746 
0.99381326 0.861173206 
0.00644477 0.978924 
0.943292 0.179399 
0.89051 0.303315 
0.906599 0.340203 
0.971701 0.0433939 
0.926541 0.143897 
0.964438 0.0329426 
0.940279 0.118485 
0.961386 0.092282 
0.956504 0.0722462 
0.983019 0.126735 
0.979895 0.0257004 
0.977271 0.0186536 
0.974701 0.0178285 
0.960258 0.0409579 
0.982513 0.0024821 
0.980519 0.000256011 
0.979088 0.00159295 
0.979588 0.00074407 
0.982178 5.13089e-05 
0.982619 0.000681478 
0.953047 0.0689536 
0.962693 0.0466921 
0.989813 0.0250285 
0.976807 0.017375 
0.94859 0.0832839 
0.927667 0.150589 
0.942377 0.141626 
0.936928 0.113235 
0.959225 0.0458817 
0.944246 0.121929 
0.84999 0.389835 
0.841326 0.397083 
0.831518 0.408171 
0.820799 0.419561 
0.830197 0.40568 
0.794636 0.461045 
0.77786 0.477339 
0.768882 0.48476 
0.760393 0.493765 
0.73162 0.526131 
0.407916 0.857456 
0.504759 0.769175 
0.524471 0.749513 
0.538894 0.734244 
0.454459 0.778678 
0.273426 0.891705 
0.190484 0.990886 
0.326211 0.957643 
0.366939 0.864926 
0.152031 0.924431 
0.0650176 0.952946 
0.0798651 0.981533 
0.0456611 0.964301 
0.112536 0.935383 
0.165809 0.954649 
0.051157 0.970657 
0.0580031 0.971811 
0.0640896 0.961801 
0.0599437 0.964877 
0.058231 0.958207 
9.78782e-05 0.981987 
0.000351853 0.980636 
0.000958277 0.982242 
0.00146643 0.979629 
0.000136766 0.982353 
0.0774811 0.94813 
0.0515644 0.968877 
0.088689 0.947061 
0.0190993 0.969919 
0.0685574 0.950518 
0.15166 0.921579 
0.165664 0.916634 
0.198301 0.905851 
0.0379558 0.964255 
0.186207 0.910599 
0.408408 0.843313 
0.347905 0.860183 
0.390239 0.861924 
