0.982869641 0.337345348 
0.727910641 0.929364886 
0.332516525 0.997501047 
0.864440382 0.882385899 
0.00808312383 0.977215397 
0.995082322 0.875490769 
0.95870312 0.998766658 
0.755867832 0.999961277 
0.988062757 0.694629148 
0.999511206 0.999725547 
0.862371071 0.999990943 
0.643110714 0.992860281 
0.989759029 0.961343575 
0.999198532 0.931056606 
0.998128232 0.595631198 
0.931160785 0.969698101 
0.92916814 0.41056541 
0.995165429 0.192248575 
0.704548461 0.9787754 
0.999996886 0.913763726 
0.966860341 0.556134646 
0.00156153 0.984321 
0.00731702 0.98395 
0.000358551 0.980252 
0.0108377 0.986831 
0.000939953 0.981203 
9.22259e-05 0.982189 
0.00552078 0.982065 
0.00366208 0.984501 
0.0146947 0.970991 
0.00688747 0.974657 
0.0124477 0.971703 
0.0653314 0.988708 
0.0267014 0.966632 
0.0364172 0.961892 
0.0271775 0.965495 
0.0491958 0.957778 
0.062851 0.952459 
0.0834932 0.94612 
0.0942512 0.941764 
0.106405 0.937391 
0.119023 0.933149 
0.52966 0.81808 
0.558376 0.79818 
0.525542 0.797937 
0.567258 0.780885 
0.578743 0.765232 
0.799021 0.416186 
0.835038 0.359849 
0.784466 0.440171 
0.822059 0.383093 
0.765061 0.470261 
0.927353 0.202518 
0.891265 0.236596 
0.86402 0.291981 
0.952758 0.248558 
0.842854 0.341209 
0.980198 0.0185792 
0.973615 0.104811 
0.933994 0.118495 
0.955266 0.0948363 
0.948839 0.130422 
0.975367 0.00618598 
0.963279 0.0387425 
0.959901 0.0665961 
0.968432 0.0285948 
0.963938 0.0644677 
0.980414 0.000415901 
0.983209 0.00234016 
0.978282 0.00238366 
0.983047 0.000370673 
0.980529 0.000638843 
0.991464 0.0467338 
0.971518 0.0472406 
0.964046 0.101789 
0.988472 0.014415 
0.958355 0.0763127 
0.947156 0.0971162 
0.958171 0.196818 
0.967456 0.171834 
0.915264 0.183031 
0.932595 0.166337 
0.832681 0.358126 
0.835058 0.354441 
0.812187 0.397483 
0.86399 0.295255 
0.815896 0.390712 
0.745358 0.50044 
0.73698 0.51327 
0.731054 0.521954 
0.725296 0.530616 
0.721204 0.536809 
0.581214 0.754509 
0.585228 0.745542 
0.591344 0.735255 
0.594215 0.729331 
0.586922 0.738367 
0.195513 0.909818 
0.214044 0.906333 
0.241196 0.897667 
