0.562961174 0.748691544 
0.0274302074 0.973385005 
0.988040591 0.736853217 
0.332606814 0.998955954 
0.941187085 0.322650324 
0.995527776 0.965501016 
0.989945234 0.415927732 
0.946598612 0.508911656 
0.914012318 0.999996846 
0.950844885 0.977968585 
0.999006248 0.999585313 
0.351034103 0.996022735 
0.93874453 0.354915727 
0.340648035 0.992146284 
0.652496888 0.999621338 
0.999998013 0.92856564 
0.861714226 0.995614962 
0.971461264 0.013089905 
0.830124423 0.990646297 
0.999146185 0.361502127 
0.999992865 0.884338649 
0.00892949 0.986446 
0.0838457 0.991492 
0.0209234 0.986794 
0.00296096 0.985166 
0.0939335 0.995137 
0.0428979 0.98656 
0.0966453 0.940901 
0.160271 0.925975 
0.103791 0.942386 
0.196391 0.904922 
0.217712 0.89919 
0.544072 0.777241 
0.504253 0.772811 
0.581876 0.742373 
0.596087 0.728215 
0.601476 0.732526 
0.75699 0.511061 
0.76742 0.507558 
0.795748 0.431391 
0.741816 0.525559 
0.730324 0.538975 
0.969406 0.0960144 
0.866161 0.287243 
0.829814 0.370751 
0.964623 0.294162 
0.844411 0.337937 
0.989412 0.0184551 
0.994405 0.109896 
0.973226 0.0288178 
0.962439 0.124318 
0.995626 0.104554 
0.989969 0.0308059 
0.972561 0.0507612 
0.981932 0.01681 
0.993047 0.068025 
0.981 0.00402074 
0.981112 0.000103976 
0.983425 0.000793666 
0.981597 0.000203804 
0.98025 0.00120842 
0.979513 0.000902835 
0.961763 0.0831048 
0.972301 0.0624506 
0.98027 0.0218336 
0.971521 0.0139204 
0.975726 0.00689725 
0.976599 0.0925811 
0.963767 0.167459 
0.958956 0.044585 
0.935365 0.140625 
0.946494 0.147298 
0.830914 0.366089 
0.850126 0.33948 
0.824493 0.378192 
0.84738 0.327755 
0.831505 0.362527 
0.71339 0.557907 
0.704166 0.569115 
0.702854 0.573902 
0.705039 0.566108 
0.704129 0.566225 
0.583372 0.737561 
0.581389 0.737734 
0.581807 0.738226 
0.584691 0.735327 
0.592078 0.724012 
0.304401 0.87084 
0.330978 0.866276 
0.340675 0.853498 
0.351471 0.847103 
0.363412 0.842859 
0.176238 0.913214 
0.0849706 0.95248 
0.195962 0.905785 
0.195352 0.908962 
0.178392 0.917159 
0.0279083 0.966826 
0.0436983 0.960286 
0.0602843 0.958521 
