0.994683831 0.415293286 
0.399121473 0.83363592 
0.858025629 0.949745244 
0.999647088 0.999227258 
0.955966064 0.78524871 
0.494185252 0.979576811 
0.0192331375 0.98820744 
0.896286953 0.999107223 
0.999278274 0.994077625 
0.995034821 0.14157652 
0.907187745 0.998947387 
0.890521369 0.98974537 
0.970642162 0.246165168 
0.999977799 0.806730681 
0.987786647 0.986864796 
0.317352587 0.978141857 
0.99928436 0.474892494 
0.999174008 0.998918167 
0.970495475 0.787518466 
0.644708235 0.997725349 
0.41014568 0.997074611 
0.988844 0.014381 
0.994551 0.077201 
0.988329 0.0221015 
0.992128 0.0399249 
0.991154 0.0442042 
0.986638 0.00601541 
0.979292 0.104322 
0.970833 0.161179 
0.987224 0.0597277 
0.991381 0.0473899 
0.979211 0.0469496 
0.996548 0.545181 
0.987261 0.171816 
0.982772 0.0265036 
0.9973 0.212098 
0.930217 0.202435 
0.854609 0.313561 
0.841146 0.339161 
0.823801 0.375777 
0.839071 0.358293 
0.82903 0.365188 
0.262018 0.878045 
0.438133 0.79849 
0.46432 0.775511 
0.47498 0.765566 
0.477257 0.761925 
0.230578 0.989559 
0.119294 0.938294 
0.304303 0.896653 
0.31083 0.863713 
0.377979 0.840122 
0.148315 0.938967 
0.182702 0.921412 
0.00671637 0.983314 
0.164705 0.916745 
0.0473906 0.967486 
0.0184941 0.968964 
0.0307043 0.964958 
0.0208399 0.974172 
0.0544205 0.955609 
0.0832213 0.964871 
9.06555e-05 0.981042 
0.00165221 0.978549 
0.00173918 0.983767 
0.000661806 0.98342 
0.000286331 0.981316 
0.0426004 0.959617 
0.103316 0.969244 
0.0588743 0.96039 
0.0302839 0.966728 
0.0429341 0.960436 
0.198491 0.904333 
0.100759 0.995297 
0.134366 0.938983 
0.215054 0.897118 
0.163393 0.917189 
0.407715 0.825267 
0.375747 0.999249 
0.409649 0.822522 
0.964636 1 
0.406804 0.824112 
0.511194 0.741319 
0.529394 0.727315 
0.547251 0.714167 
0.565232 0.700202 
0.566287 0.697757 
0.745607 0.539571 
0.736222 0.560212 
0.7323 0.570061 
0.728781 0.577476 
0.73689 0.572299 
0.830552 0.365008 
0.824396 0.3766 
0.829146 0.36711 
0.821702 0.380179 
0.863583 0.317867 
0.93396 0.124182 
0.950083 0.097523 
0.933065 0.120441 
