0.685590557 0.970669499 
0.999974356 0.801583563 
0.998207196 0.257175477 
0.999060165 0.849737666 
0.995823893 0.838828359 
0.614572834 0.999328704 
0.646243312 0.999881297 
0.754512565 0.999949998 
0.94930837 0.288400697 
0.943157209 0.998412541 
0.998356793 0.92044647 
0.24494469 0.997996289 
0.999612318 0.525127344 
0.968029291 0.669648918 
0.680300715 0.92064148 
0.487409832 0.762376444 
0.751670073 0.857159598 
0.923019424 0.994989379 
0.988893184 0.960144179 
0.966659643 0.999060057 
0.995902179 0.934582146 
0.0856674 0.994577 
0.00211628 0.984368 
0.158022 0.992237 
0.0813003 0.973098 
0.0177384 0.984654 
0.0295704 0.990951 
0.027796 0.990496 
0.0777295 0.985515 
0.0178101 0.989447 
0.0293243 0.989212 
0.0112945 0.987533 
0.00371441 0.983678 
0.000137598 0.981892 
0.0016257 0.981381 
0.000610265 0.979835 
6.00041e-05 0.981665 
0.0155464 0.974119 
0.0482332 0.96619 
0.034426 0.979886 
0.00856485 0.975538 
0.0125243 0.977567 
0.0645141 0.957482 
0.0606571 0.963082 
0.0740464 0.950225 
0.10324 0.94493 
0.0915872 0.947226 
0.12188 0.932092 
0.257914 0.88856 
0.230703 0.899246 
0.288562 0.872131 
0.309383 0.861761 
0.539655 0.723867 
0.596774 0.672009 
0.556148 0.712822 
0.584428 0.69823 
0.550874 0.718719 
0.692034 0.579091 
0.922018 0.242129 
0.714662 0.549376 
0.744986 0.522445 
0.717839 0.540875 
0.986416 0.0504469 
0.988379 0.0682509 
0.98264 0.2938 
0.944479 0.1671 
0.906079 0.233128 
0.974455 0.046684 
0.963699 0.21618 
0.941703 0.131133 
0.995056 0.0906564 
0.922306 0.207497 
0.98766 0.014218 
0.980119 0.00457654 
0.985489 0.042507 
0.991396 0.0363722 
0.979466 0.0239343 
0.982449 0.000113102 
0.979684 0.000822366 
0.982725 0.00119695 
0.9825 0.000605697 
0.981003 9.64841e-05 
0.976511 0.0346267 
0.987932 0.0103859 
0.974888 0.00773303 
0.961049 0.0689477 
0.971092 0.0206491 
0.929188 0.204455 
0.973067 0.228569 
0.908423 0.24018 
0.947488 0.0774902 
0.905683 0.239201 
0.903372 0.244643 
0.913037 0.232693 
0.880737 0.272846 
0.871863 0.287327 
0.856565 0.313052 
0.709874 0.553787 
0.705062 0.558387 
0.699804 0.563707 
