0.175427387 0.96464624 
0.996704897 0.294067303 
0.991364247 0.99882864 
0.235242548 0.9980813 
0.997400454 0.941514725 
0.998050344 0.32764786 
0.996656087 0.186374551 
0.999322473 0.791775044 
0.99998782 0.846170789 
0.647417873 0.993962596 
0.999294821 0.450974024 
0.727854825 0.743081616 
0.335863475 0.85357682 
0.76290643 0.999960728 
0.554229921 0.999761586 
0.799385673 0.999906645 
0.999486959 0.841893659 
0.958019445 0.980754107 
0.949905405 0.997791604 
0.674965556 0.847405035 
0.466207634 0.952371848 
0.00964839 0.985177 
0.990873 0.0275513 
0.991685 0.0399898 
0.987452 0.0104426 
0.989645 0.0216239 
0.988733 0.0138341 
0.983668 0.0026226 
0.983698 0.000843557 
0.979962 0.0036253 
0.981125 0.000258379 
0.981513 0.00110878 
0.987119 0.027011 
0.986852 0.0134782 
0.979953 0.00208643 
0.986771 0.0096122 
0.985427 0.00326297 
0.974638 0.00721024 
0.993924 0.143011 
0.977114 0.0032115 
0.971812 0.0136567 
0.991489 0.110724 
0.986401 0.0469988 
0.966867 0.0298843 
0.962583 0.0482064 
0.959709 0.0492329 
0.960436 0.0500799 
0.875 0.278831 
0.884727 0.245311 
0.859109 0.320866 
0.83838 0.369028 
0.830614 0.389548 
0.283041 0.900206 
0.870508 0.70368 
0.388741 0.833359 
0.204334 0.901495 
0.47152 0.766752 
0.305992 0.971369 
0.338755 0.850095 
0.227166 0.892821 
0.309996 0.897959 
0.36319 0.842487 
0.0507811 0.957085 
0.150247 0.935099 
0.126949 0.934261 
0.161255 0.92716 
0.103812 0.954778 
0.0467156 0.958893 
0.0551659 0.969004 
0.0231044 0.969271 
0.0291654 0.969589 
0.0940064 0.968348 
5.75744e-06 0.981806 
0.00251528 0.984848 
0.00108068 0.981043 
0.000195094 0.981372 
0.00119129 0.983627 
0.0305103 0.968623 
0.0149866 0.970642 
0.028689 0.964837 
0.097417 0.958753 
0.0726559 0.957 
0.144453 0.932828 
0.162156 0.917532 
0.188585 0.995857 
0.167153 0.91781 
0.419985 0.986165 
0.392324 0.834606 
0.38063 0.837696 
0.413036 0.826483 
0.40541 0.829173 
0.427329 0.82158 
0.503999 0.748916 
0.518811 0.74337 
0.603805 0.65966 
0.543159 0.726274 
0.56088 0.716584 
0.912139 0.404416 
0.81027 0.481067 
0.723299 0.547948 
