0.411246 0.178127 16.5838 
0.899438 0.632771 17.9077 
0.452515 0.970774 19.2868 
0.0195895 0.361195 21.5477 
0.887905 0.272146 16.8132 
0.875487 0.618562 17.579 
0.439626 0.0991528 15.5344 
0.923127 0.0481274 14.4278 
0.119266 0.417229 20.0619 
0.292969 0.143496 19.2466 
0.871679 0.224012 18.0422 
0.916307 0.47921 19.1259 
0.114343 0.191522 21.4697 
0.351865 0.70133 18.514 
0.0835454 0.81158 17.0511 
0.794699 0.564415 20.5413 
0.341657 0.0914451 20.0727 
0.834199 0.515909 12.7841 
0.300521 0.910583 15.717 
0.280466 0.766004 19.2999 
0.365694 0.965421 17.804 
0.0534433 0.245052 17.7925 
0.690689 0.725159 20.4345 
0.738169 0.979244 17.548 
0.0292198 0.457971 20.739 
0.00261445 0.866528 21.1938 
0.0613178 0.50252 16.2838 
0.731378 0.579605 17.5005 
0.645476 0.942805 16.4985 
0.582081 0.663837 18.1248 
0.426169 0.739688 12.1714 
0.311735 0.131116 15.672 
0.848268 0.751757 17.2966 
0.0981702 0.339605 24.3847 
0.238494 0.891233 14.4915 
0.591434 0.305708 15.3927 
0.0451451 0.563073 22.3218 
0.49863 0.700155 18.4522 
0.2661 0.780716 18.6662 
0.669327 0.522617 14.2862 
0.712462 0.803059 21.913 
0.217626 0.00585468 24.2545 
0.940768 0.833885 11.0254 
0.327544 0.288998 20.4909 
0.466463 0.608116 20.9168 
0.378607 0.7852 17.8346 
0.510726 0.621988 21.2145 
0.517597 0.331564 19.0212 
0.224628 0.283423 20.1832 
0.786079 0.118615 17.0235 
0.159483 0.590539 20.5444 
0.258757 0.35074 16.142 
0.611123 0.203448 18.0883 
0.0795824 0.919556 21.5914 
0.54338 0.546125 24.092 
0.189602 0.443716 17.6737 
0.380414 0.989834 18.7596 
0.974926 0.874306 19.9722 
0.760592 0.0308396 19.3223 
0.532884 0.528843 16.0087 
0.137085 0.427179 19.4331 
0.714887 0.263788 16.2793 
0.252482 0.389268 15.3948 
0.181232 0.491092 20.366 
0.395588 0.678391 19.8508 
0.776975 0.151918 15.0993 
0.626283 0.858726 14.6002 
0.637257 0.648696 22.0613 
0.477698 0.841048 19.8243 
0.565542 0.714928 14.9914 
0.811236 0.230156 10.6686 
0.983214 0.216785 16.5255 
0.138694 0.826722 17.1334 
0.196537 0.0644414 18.647 
0.752148 0.377471 19.7842 
0.608365 0.907208 19.1723 
0.860972 0.320924 22.9851 
0.826327 0.67782 16.5579 
0.558026 0.39834 22.2391 
0.685468 0.471052 14.9788 
0.168481 0.0406133 21.1493 
0.995719 0.105976 21.4868 
0.416239 0.073246 19.1861 
0.484034 0.940702 11.0424 
0.66112 0.018334 22.9294 
0.955012 0.403903 17.7004 
0.945821 0.170006 16.0055 
0.797674 0.460419 11.060993 
0.789386 0.262011 10.574334 
0.811385 0.562637 10.135336 
0.733544 0.769968 9.974936 
0.829912 0.741343 9.473393 
0.811323 0.391305 9.898149 
0.817692 0.354085 10.492582 
0.815840 0.248175 9.404456 
0.824830 0.333780 10.015669 
0.815002 0.227739 9.159418 
0.672019 0.013914 15.094694 
0.787255 0.147859 13.595870 
0.763970 0.051084 10.952200 
0.417427 0.771806 20.2546 
0.0568879 0.0562455 18.092 
0.400782 0.535667 21.0935 
0.0689023 0.510759 19.4255 
0.543802 0.620827 15.9057 
0.816143 0.235772 13.5189 
0.461413 0.928316 17.5813 
0.0889485 0.229346 21.4282 
0.282338 0.499633 12.6324 
0.91351 0.0208182 18.3783 
0.219261 0.190095 18.4857 
0.684655 0.855093 16.6718 
0.637967 0.486349 18.3694 
0.743736 0.913126 18.7429 
0.671784 0.802633 18.0357 
0.143378 0.876879 14.564 
0.813057 0.578284 16.6203 
0.457587 0.146787 21.4058 
0.123345 0.340624 15.3769 
0.407863 0.603278 19.66 
0.771402 0.121284 18.7814 
0.164152 0.254391 26.585 
0.427231 0.725188 19.3626 
0.747766 0.155492 15.048 
0.443588 0.300556 19.0597 
0.50169 0.418506 17.7041 
0.604228 0.0045583 22.3963 
0.150784 0.791153 16.5349 
0.694487 0.0250756 23.2919 
0.320215 0.870283 17.8307 
0.829363 0.215647 21.9504 
0.927581 0.885557 16.3466 
0.387761 0.351594 16.3625 
0.595923 0.132405 18.1554 
0.0966109 0.650503 24.5146 
0.526976 0.411344 15.4588 
0.890203 0.662761 19.7426 
0.732599 0.44845 19.6307 
0.288291 0.960893 14.6427 
0.0020852 0.169054 19.2392 
0.234947 0.554913 19.5217 
0.873648 0.0755517 20.1712 
0.960552 0.178576 20.958 
0.802493 0.331832 17.6214 
0.478631 0.764922 10.5782 
0.326902 0.678912 17.0137 
0.618051 0.357098 25.8629 
0.989759 0.270931 20.3738 
0.663888 0.670447 12.1452 
0.350396 0.991747 15.6073 
0.0388298 0.526886 14.3965 
0.982028 0.48248 24.6564 
0.37098 0.823841 17.1969 
0.644796 0.981892 12.4278 
0.273809 0.589454 19.8183 
0.864657 0.542197 20.0191 
0.0334814 0.378183 16.2413 
0.788959 0.614758 21.2701 
0.0739349 0.250304 18.6563 
0.017341 0.101715 18.1885 
0.973436 0.639443 15.7019 
0.357114 0.20379 18.0448 
0.627454 0.394977 20.7841 
0.536717 0.810614 19.8785 
0.566898 0.899218 13.9294 
0.760617 0.840879 19.3512 
0.308329 0.710749 14.0031 
0.243318 0.690078 23.0037 
0.846185 0.721154 21.0449 
0.70377 0.0854388 13.8267 
0.201862 0.463561 17.5161 
0.342311 0.44141 28.0707 
0.484618 0.747991 16.4176 
0.852661 0.969092 13.8336 
0.899041 0.741343 10.5141 
0.713787 0.428943 14.5026 
0.182276 0.564411 14.7354 
0.213086 0.298152 24.1963 
0.585318 0.0419451 24.423 
0.185525 0.832606 21.0413 
0.127785 0.110231 13.1792 
0.948056 0.931964 13.5139 
0.263903 0.383015 21.169 
0.562627 0.0595184 15.9158 
0.937499 0.310764 20.9487 
0.513746 0.951493 21.6832 
0.112301 0.283249 17.5668 
0.616688 0.033155 20.423327 
0.714790 0.014022 20.336712 
0.540885 0.000019 17.400587 
0.628693 0.008244 20.838093 
0.604240 0.000090 21.065112 
0.105408 0.055352 17.290156 
0.139616 0.036267 16.495418 
0.104090 0.077930 17.901697 
0.024719 0.016809 16.681245 
0.079633 0.056766 15.695008 
0.128291 0.263956 13.085112 
0.156610 0.210461 13.859498 
0.199803 0.195597 13.799567 
0.435103 0.388475 21.787 
0.202844 0.468225 17.3536 
0.842902 0.618819 17.0332 
0.77478 0.00192894 21.3189 
0.187212 0.670782 17.7975 
0.140127 0.870069 18.1966 
0.463419 0.0606662 16.6254 
0.261157 0.433701 23.2481 
0.630307 0.804662 19.2396 
0.369435 0.328154 19.7157 
0.328358 0.216447 23.3688 
0.871334 0.760782 17.6039 
0.83475 0.519987 18.6361 
0.23715 0.536489 22.117 
0.0207784 0.851405 19.5379 
0.0461173 0.0966533 22.7665 
0.522092 0.0294944 20.6374 
0.335227 0.71164 16.9189 
0.132286 0.965738 12.5867 
0.168203 0.827593 12.5226 
0.387757 0.34798 18.4021 
0.0688517 0.548119 18.9259 
0.966436 0.985049 17.982 
0.412499 0.0401476 19.102 
0.5061 0.477699 17.1715 
0.228194 0.799337 11.09 
0.711581 0.822641 20.0784 
0.670673 0.776891 22.1861 
0.700617 0.362667 19.3799 
0.950946 0.720032 21.194 
0.882519 0.643946 14.5733 
0.807251 0.49203 18.2586 
0.529824 0.942636 16.2571 
0.686512 0.253648 18.783 
0.273819 0.627803 22.5005 
0.213031 0.730515 13.0568 
0.319545 0.0133114 17.3239 
0.926272 0.634011 17.6303 
0.755928 0.311912 17.8726 
0.178081 0.114826 24.6616 
0.657287 0.963073 11.1076 
0.399382 0.933037 19.4711 
0.726139 0.174473 23.6394 
0.633602 0.125216 18.8585 
0.554528 0.274568 16.2932 
0.349146 0.417322 15.5073 
0.746056 0.296422 16.8471 
0.594805 0.0483379 15.0881 
0.105603 0.225787 24.4952 
0.719409 0.127761 14.5009 
0.986924 0.149571 18.1174 
0.25141 0.790174 17.3391 
0.504468 0.915832 13.4735 
0.853762 0.848497 17.0632 
0.991375 0.589641 23.8922 
0.285989 0.239143 19.0099 
0.442179 0.688536 23.6052 
0.789896 0.445809 14.0034 
0.0334091 0.896566 15.111 
0.0446594 0.341066 19.4669 
0.885642 0.398529 22.7952 
0.965289 0.754232 14.901 
0.602833 0.896195 14.9984 
0.453947 0.600564 21.2255 
0.0832415 0.286153 21.4879 
0.489437 0.409602 18.9784 
0.932694 0.301321 17.2649 
0.152257 0.577676 18.9579 
0.101818 0.193054 20.1796 
0.479156 0.195781 18.2127 
0.911771 0.87431 14.3915 
0.303022 0.99091 15.4105 
0.54494 0.369038 16.7754 
0.00342583 0.076119 21.3435 
0.581913 0.658369 15.0723 
0.363732 0.552072 16.9769 
0.124226 0.457996 21.385 
0.769101 0.495756 16.5932 
0.906075 0.690921 18.7674 
0.56996 0.92811 15.3876 
0.800582 0.138492 19.6073 
0.617449 0.251398 15.3625 
0.0701323 0.0827442 16.8802 
0.296154 0.736315 21.5374 
0.654409 0.168655 17.1148 
0.423065 0.563439 20.7271 
0.817132 0.515383 16.0112 
0.428755 0.829198 10.781253 
0.308286 0.865628 10.945802 
0.457034 0.813158 11.045276 
0.370536 0.888791 10.892481 
0.376665 0.889728 11.642719 
0.122914 0.736312 15.062647 
0.186039 0.827568 13.412688 
0.211485 0.689964 15.786341 
0.161626 0.799799 12.770299 
0.167539 0.793637 14.513521 
0.015662 0.096650 21.384910 
0.026282 0.100423 20.949770 
0.069457 0.194498 22.303200 
0.42979 0.993649 20.8249 
0.3488 0.880205 10.9554 
0.308012 0.690476 20.325 
0.492153 0.504593 12.5221 
0.830622 0.817137 19.1196 
0.960419 0.737371 16.7041 
0.166523 0.7783 19.3865 
0.109924 0.440271 17.8121 
0.89731 0.260699 20.5974 
0.65071 0.543364 16.8124 
0.842635 0.8572 23.2122 
0.0566574 0.0050757 21.2052 
0.248634 0.324562 15.6624 
0.129835 0.589733 24.2803 
0.755198 0.364407 12.9691 
0.78284 0.572537 20.0361 
0.393744 0.333635 17.7176 
0.803749 0.405295 19.1527 
0.0840405 0.797985 16.715 
0.627478 0.459769 19.8531 
0.265667 0.286891 22.687 
0.444504 0.216382 17.6501 
0.510769 0.602292 19.5129 
0.51991 0.474324 18.2955 
0.296303 0.250503 15.6245 
0.20078 0.133702 22.2162 
0.33275 0.0324422 20.1794 
0.368756 0.72792 22.9258 
0.0996447 0.382656 19.5534 
0.463464 0.655471 17.2899 
0.742383 0.515909 15.696 
0.604947 0.613316 17.5851 
0.47237 0.891315 16.3704 
0.496514 0.912174 20.5634 
0.0218492 0.166296 21.2508 
0.0605961 0.220476 19.0822 
0.662362 0.945465 21.0216 
0.95206 0.809974 20.5025 
0.147779 0.977613 21.0066 
0.453419 0.116766 21.9285 
0.0424852 0.320474 17.5428 
0.385248 0.434131 16.3263 
0.17936 0.96933 17.453 
0.919301 0.713876 14.9527 
0.866549 0.266222 18.3649 
0.207931 0.422739 18.1427 
0.154091 0.850478 19.0852 
0.896467 0.71173 15.3246 
0.0750406 0.0121309 18.4692 
0.620028 0.102068 18.8089 
0.77493 0.585075 15.1136 
0.850686 0.196836 19.6929 
0.769506 0.158926 15.3413 
0.636646 0.930565 15.1994 
0.699134 0.107308 20.3982 
0.873959 0.0506818 13.6113 
0.312141 0.837442 12.1689 
0.734208 0.0367678 22.3077 
0.974938 0.632411 10.6778 
0.566882 0.901446 15.1986 
0.593201 0.934293 18.2652 
0.810993 0.395521 24.2095 
0.0241435 0.0742486 19.9354 
0.671841 0.307573 15.3083 
0.545032 0.0619216 17.8624 
0.236193 0.769661 12.7371 
0.681741 0.86528 10.1287 
0.701226 0.35211 19.3692 
0.188649 0.963676 23.8651 
0.126034 0.0918135 20.6341 
0.939088 0.535918 15.9592 
0.553973 0.686297 18.8715 
0.577937 0.643983 19.0295 
0.986988 0.190374 13.4657 
0.716577 0.631972 16.2816 
0.222221 0.677775 21.0834 
0.0060597 0.55686 18.9857 
0.362268 0.297234 19.5748 
0.334619 0.489839 21.8328 
0.530376 0.525538 22.6715 
0.417425 0.138863 18.9194 
0.926408 0.235447 25.0025 
0.822592 0.377543 15.1892 
0.255349 0.784481 14.761 
0.999293 0.756626 16.4724 
0.408162 0.182637 13.642 
0.285348 0.461865 25.9259 
0.024146 0.360325 19.285957 
0.000007 0.470939 19.359235 
0.000053 0.166226 19.112842 
0.058928 0.509914 19.436913 
0.023707 0.296278 20.632761 
0.029836 0.074303 20.198643 
0.014950 0.039262 19.263380 
0.074068 0.096753 18.639819 
0.021959 0.015120 19.049597 
0.001133 0.013397 19.634206 
0.218224 0.639464 15.828759 
0.136253 0.739596 14.324978 
0.127778 0.773070 15.074127 
0.447466 0.587328 21.9962 
0.494756 0.292185 12.1354 
0.750133 0.785123 21.16 
0.186537 0.995763 18.8871 
0.474032 0.974987 15.7287 
0.78071 0.604674 18.4574 
0.252852 0.0931807 21.8501 
0.302142 0.336272 20.6181 
0.600603 0.741458 14.6609 
0.369786 0.394883 23.9206 
0.819742 0.561215 15.4038 
0.258224 0.69444 14.6876 
0.84476 0.0164367 23.3092 
0.928644 0.900131 19.6719 
0.577062 0.261089 24.7406 
0.226624 0.0437743 20.6926 
0.804226 0.573528 12.9388 
0.981225 0.775855 23.8184 
0.53893 0.208574 24.672 
0.0934653 0.767068 21.0913 
0.695089 0.0732232 17.0427 
0.968986 0.505845 13.1122 
0.641983 0.390004 14.8519 
0.661199 0.0648247 15.702 
0.592459 0.00723855 24.1005 
0.282377 0.279097 14.006 
0.0618051 0.97873 20.9269 
0.0884282 0.494754 20.6116 
0.131295 0.427911 22.8192 
0.949261 0.201074 13.6092 
0.172658 0.689403 21.2071 
0.0533638 0.0906071 22.5796 
0.859054 0.361762 18.3802 
0.380989 0.838996 14.278 
0.399125 0.319907 19.5362 
0.458077 0.223552 18.8399 
0.553715 0.402627 14.4461 
0.46323 0.479115 18.7867 
0.230351 0.183659 18.3015 
0.829954 0.492415 20.005 
0.759539 0.23384 11.6854 
0.321236 0.621986 24.7485 
0.149922 0.909239 17.453 
0.687047 0.332911 22.7938 
0.883385 0.349771 20.6197 
0.74511 0.873108 15.1401 
0.782678 0.524596 17.5242 
0.941306 0.703423 18.037 
0.916102 0.537517 18.9833 
0.0308947 0.937102 15.9057 
0.889835 0.185459 19.6733 
0.626242 0.955293 21.9094 
0.296954 0.880207 13.5853 
0.71457 0.748586 14.2584 
0.20052 0.11639 18.1308 
0.216076 0.0460478 21.6136 
0.527842 0.423477 20.7591 
0.272367 0.670468 12.0612 
0.108304 0.842471 20.8846 
0.568288 0.25238 17.1671 
0.989331 0.127281 17.8981 
0.709563 0.949786 12.8552 
0.551253 0.858167 10.1998 
0.869638 0.5417 15.3873 
0.00712939 0.665829 18.394 
0.139213 0.715171 14.9624 
0.163053 0.642195 15.1229 
0.116047 0.580877 15.3935 
0.0693762 0.896001 19.9354 
0.407793 0.155446 16.6873 
0.619634 0.108615 21.9675 
0.419962 0.452721 18.4862 
0.340853 0.0253086 15.3946 
0.0380277 0.730959 14.9489 
0.48995 0.804983 16.8776 
0.678058 0.446579 16.2449 
0.0141919 0.647471 24.4187 
0.322645 0.467717 24.9224 
0.352771 0.139573 14.0552 
0.805807 0.37342 16.3239 
0.432997 0.92924 20.7938 
0.360475 0.307074 21.6126 
0.51 0.79363 13.1437 
0.65141 0.266183 23.0216 
0.956531 0.620429 17.3145 
0.907148 0.170535 20.8785 
0.734632 0.818023 16.9724 
0.528172 0.812398 10.654050 
0.548175 0.780415 11.358492 
0.483064 0.734519 10.269057 
0.536680 0.694259 10.857175 
0.408073 0.852808 10.149364 
0.202872 0.271597 13.818620 
0.277221 0.273793 13.666963 
0.323757 0.171819 13.587202 
0.304784 0.233431 13.918273 
0.352556 0.246556 13.748877 
0.252531 0.081187 20.408589 
0.238725 0.042261 19.501248 
0.217877 0.000004 21.969200 
0.453647 0.203996 21.9656 
0.652207 0.704164 19.6882 
0.215242 0.868275 19.6636 
0.903909 0.486932 17.2352 
0.117442 0.109848 24.6623 
0.589508 0.471976 16.7287 
0.327687 0.408061 15.7427 
0.276303 0.130836 15.1149 
0.679828 0.250554 20.7812 
0.140092 0.0749434 26.0363 
0.177943 0.692325 15.9969 
0.0549092 0.765975 20.8917 
0.729838 0.595683 14.0444 
0.795268 0.432467 22.9775 
0.466704 0.154643 13.4857 
0.71341 0.62859 18.6023 
0.817433 0.955219 21.2021 
0.419551 0.979642 15.3226 
0.545099 0.844586 19.8653 
0.66465 0.653682 18.3789 
0.0901431 0.118415 18.649 
0.75815 0.550969 13.4067 
0.64049 0.883734 17.6284 
0.39483 0.833346 14.6611 
0.315683 0.394951 22.2137 
0.971431 0.162347 18.2525 
0.948022 0.789454 19.2701 
0.872416 0.507002 14.8602 
0.000650256 0.808742 12.2905 
0.495777 0.604913 20.4407 
0.517574 0.0271157 21.7933 
0.773831 0.555176 13.59 
0.616183 0.90803 16.2177 
0.701792 0.339249 15.1325 
0.537928 0.44108 21.2142 
0.699263 0.717846 17.6212 
0.385586 0.778183 24.5549 
0.170105 0.355094 13.4803 
0.413045 0.939748 14.0121 
0.19116 0.0452114 22.4603 
0.483062 0.0171486 19.6449 
0.852016 0.189376 16.5551 
0.958955 0.373463 16.915 
0.999396 0.453502 14.7739 
0.018189 0.462608 16.928 
0.579236 0.582896 16.2801 
0.292427 0.566548 27.8151 
0.784584 0.361153 14.3295 
0.0927077 0.676916 22.6865 
0.0774459 0.139674 17.7015 
0.56516 0.921859 19.4937 
0.83408 0.264844 19.6364 
0.762829 0.234012 20.5416 
0.479154 0.220599 21.6259 
0.136384 0.969086 18.1323 
0.057875 0.295018 16.2517 
0.23701 0.615203 19.895 
0.918077 0.729489 18.8723 
0.378263 0.909285 19.3057 
0.0298676 0.000638996 21.4392 
0.42868 0.280778 22.9036 
0.925207 0.081073 20.4491 
0.874763 0.534926 17.9598 
0.348993 0.753936 14.5165 
0.562103 0.0512438 19.8578 
0.111503 0.0580963 27.3828 
0.307511 0.18034 17.1884 
0.607357 0.321342 18.7285 
0.158763 0.687978 20.5425 
0.260211 0.309575 16.9007 
0.508353 0.50501 14.6945 
0.340789 0.953737 16.0281 
0.813291 0.32573 12.4382 
0.740901 0.0991045 18.3659 
0.442508 0.998378 20.1908 
0.941148 0.388989 13.5781 
0.224712 0.793852 18.3891 
0.24254 0.737714 19.8977 
0.676332 0.641363 17.9965 
0.894221 0.855438 17.224 
0.204854 0.51902 16.3691 
0.845577 0.827536 11.6932 
0.625161 0.885872 16.8814 
0.979703 0.25861 22.6066 
0.356575 0.659199 17.932 
0.04041 0.41761 18.0511 
0.269198 0.209498 13.7923 
0.359508 0.028826 20.008048 
0.335441 0.035551 21.172774 
0.124869 0.039161 21.618232 
0.236664 0.015552 22.109311 
0.517038 0.071024 21.110066 
0.442281 0.156314 16.100786 
0.282865 0.145105 13.693113 
0.320568 0.209471 13.810551 
0.323730 0.000015 13.876718 
0.320312 0.129475 14.422815 
0.749480 0.599201 11.151121 
0.606773 0.545566 12.589611 
0.781544 0.738539 10.100717 
0.448335 0.80917 16.3165 
0.798163 0.127638 14.5093 
0.657363 0.951427 17.7754 
0.609788 0.989596 20.7377 
0.760852 0.256203 22.3518 
0.421294 0.339278 21.1303 
0.734436 0.286752 23.8864 
0.981866 0.786578 17.901 
0.239734 0.174703 14.6408 
0.011135 0.648091 17.1271 
0.322619 0.905983 15.5548 
0.299607 0.583507 20.7922 
0.406803 0.354262 25.7134 
0.349223 0.504643 20.4447 
0.648386 0.470646 16.1804 
0.573632 0.146748 20.9374 
0.0221525 0.535713 15.9825 
0.473874 0.405224 21.3583 
0.522483 0.571801 18.598 
0.812749 0.609711 17.0904 
0.337333 0.419337 19.6293 
0.544686 0.451268 20.915 
0.372584 0.982748 13.0554 
0.90084 0.696034 15.8371 
0.084492 0.0233857 14.7062 
0.383525 0.161203 22.7093 
0.877472 0.60033 18.9333 
0.786369 0.911648 21.6069 
0.774991 0.379631 22.8664 
0.677182 0.82093 9.48898 
0.859524 0.189483 21.4696 
0.391359 0.205791 15.5664 
0.991462 0.151589 24.3022 
0.0402184 0.777 17.1215 
0.105356 0.0513813 15.662 
0.188862 0.211966 12.4197 
0.0955309 0.556175 22.0472 
0.289 0.894486 21.6504 
0.253979 0.866542 19.3247 
0.709362 0.586722 18.0232 
0.177275 0.00313444 14.2785 
0.829489 0.794314 15.285 
0.363734 0.921324 19.265 
0.748362 0.0699426 17.1698 
0.312138 0.441705 16.3098 
0.055655 0.310929 17.2815 
0.604755 0.636313 21.8111 
0.621935 0.478268 18.2739 
0.696453 0.103461 17.3885 
0.252316 0.934028 19.5863 
0.281538 0.487949 16.8833 
0.126519 0.0436567 17.6895 
0.0248412 0.527969 20.2666 
0.49665 0.436127 23.8444 
0.969909 0.658157 11.3244 
0.160381 0.270878 21.2637 
0.680205 0.624959 20.8321 
0.949465 0.239158 15.6894 
0.532775 0.73124 17.929 
0.148215 0.843821 15.0619 
0.273089 0.229095 16.5109 
0.060935 0.764785 15.0614 
0.574964 0.310277 14.9981 
0.923178 0.244925 18.0967 
0.484516 0.954097 22.4739 
0.867977 0.0991486 13.6482 
0.839716 0.358671 13.7532 
0.554688 0.0682839 17.6568 
0.73588 0.754041 21.8212 
0.93519 0.0138875 20.4107 
0.514106 0.288637 20.2724 
0.437618 0.329417 22.0367 
0.825216 0.509441 16.8316 
0.594265 0.679852 17.2119 
0.46669 0.121949 21.2921 
0.171854 0.0905626 19.8747 
0.206318 0.676177 16.0448 
0.914753 0.400004 17.4183 
0.885746 0.965907 11.2683 
0.0724599 0.37687 22.7723 
0.72059 0.738415 14.1094 
0.963327 0.705694 17.9575 
0.634995 0.546682 23.2525 
0.22323 0.87731 17.3747 
0.211958 0.832903 18.716 
0.429364 0.718151 18.4288 
0.125368 0.86031 17.9495 
0.798874 0.767788 9.282580 
0.750521 0.751117 9.604180 
0.697783 0.820927 9.730782 
0.862026 0.727063 9.379754 
0.797657 0.728824 9.833219 
0.849208 0.613279 10.541926 
0.799394 0.444907 9.890349 
0.783936 0.480380 9.695175 
0.722700 0.445529 9.795315 
0.763032 0.459307 10.842307 
0.184356 0.025616 14.408223 
0.753982 0.109580 16.133160 
0.331524 0.085503 13.668226 
0.46601 0.40285 22.5025 
0.944119 0.551112 18.8333 
0.110978 0.0230846 17.2904 
0.32716 0.49226 17.0541 
0.165515 0.0183619 17.8769 
0.976954 0.686655 15.7763 
0.294107 0.870506 17.9794 
0.553837 0.276315 16.2547 
0.541139 0.49984 17.4648 
0.904621 0.812642 11.8161 
0.314605 0.891198 16.1189 
0.448234 0.434527 18.5393 
0.0982773 0.29847 24.7509 
0.612354 0.735625 23.4018 
0.732117 0.472113 20.7443 
0.565733 0.633084 21.82 
0.696542 0.266678 19.0491 
0.937074 0.399493 17.6502 
0.392504 0.205889 22.1194 
0.739633 0.126272 16.1481 
0.454091 0.375045 13.7342 
0.228278 0.523009 20.2906 
0.0665366 0.673602 16.2264 
0.0746613 0.72179 20.6204 
0.117701 0.0905546 20.1843 
0.0823297 0.0939458 18.4186 
0.911553 0.702472 14.1458 
0.960353 0.751579 17.6737 
0.262427 0.630362 16.4152 
0.210274 0.0644725 16.9265 
0.810532 0.234456 13.772 
0.342725 0.906991 16.9913 
0.628459 0.696136 16.6705 
0.264625 0.584865 18.5383 
0.584486 0.936181 18.6926 
0.206671 0.820098 15.681 
0.929479 0.655394 15.5584 
0.156872 0.354685 15.1283 
0.636557 0.317971 23.5199 
0.828881 0.183432 16.4954 
0.230849 0.957899 18.0727 
0.282528 0.0561902 19.6659 
0.719405 0.83064 18.5508 
0.146556 0.193939 19.4235 
0.352236 0.839806 14.4443 
0.176296 0.29905 16.3894 
0.68277 0.776182 19.2261 
0.514845 0.9791 17.4718 
0.596494 0.415466 15.4936 
0.978962 0.606919 17.4385 
0.251828 0.130543 18.645 
0.78156 0.365563 18.3273 
0.382744 0.860261 17.3124 
0.70457 0.997293 14.0537 
0.655096 0.00717298 23.8823 
0.131068 0.509356 22.352 
0.818549 0.248878 20.2456 
0.765573 0.332507 22.1944 
0.894447 0.557842 17.5801 
0.37733 0.4426 14.7165 
0.873679 0.742931 14.2534 
0.00205078 0.926063 12.0735 
0.526467 0.263008 24.1084 
0.0231498 0.795556 18.463 
0.671475 0.224469 14.545 
0.535436 0.143881 19.6041 
0.418797 0.588726 21.2591 
0.851668 0.609836 13.2763 
0.0212126 0.766304 21.2372 
0.999267 0.782301 19.8278 
0.607141 0.154175 19.284 
0.665725 0.340722 20.8925 
0.845939 0.973726 14.6545 
0.0512706 0.944406 19.531 
0.0427814 0.215153 15.5963 
0.498673 0.113305 16.1641 
0.794361 0.380641 21.6337 
0.493807 0.650802 19.4074 
0.789047 0.881466 12.7976 
0.757832 0.0371957 24.7901 
0.358239 0.462723 26.1767 
0.867369 0.0799566 14.8072 
0.190984 0.162185 21.914 
0.471606 0.453775 19.4194 
0.40256 0.567376 19.1439 
0.434819 0.908929 17.8301 
0.302328 0.540201 23.3521 
0.655092 0.037195 20.585455 
0.357135 0.000090 18.285636 
0.308604 0.000103 17.779624 
0.218231 0.021463 17.212477 
0.398499 0.065877 17.245419 
0.133231 0.056199 19.629058 
0.154703 0.049580 17.597967 
0.055280 0.038736 17.019858 
0.090211 0.022277 18.149582 
0.112591 0.000001 17.816649 
0.241467 0.332387 13.985896 
0.207170 0.291343 14.226950 
0.364963 0.298869 14.897660 
0.472192 0.0195182 22.8619 
0.10157 0.963092 18.4997 
0.564593 0.106237 19.6101 
0.0445326 0.98343 18.2534 
0.144187 0.751284 19.6486 
0.380211 0.42807 25.111 
0.364198 0.894048 16.6356 
0.683926 0.33259 19.132 
0.975254 0.221002 17.9186 
0.734577 0.733108 18.2962 
0.847984 0.995138 15.5158 
0.39706 0.272104 21.8416 
0.338472 0.400511 13.1147 
0.924387 0.184224 16.2378 
0.9862 0.0693498 13.6906 
0.902278 0.855401 15.6513 
0.428 0.760082 19.9535 
0.256661 0.923075 18.2063 
0.183705 0.637736 14.2826 
0.676106 0.288356 17.0825 
0.447198 0.142319 18.7208 
0.5341 0.813026 17.1459 
0.06633 0.312254 17.3818 
0.748742 0.627485 19.9586 
0.951669 0.153667 14.6245 
0.0706986 0.48747 22.0588 
0.736371 0.867326 20.3045 
0.707901 0.619545 19.9814 
0.999048 0.848466 15.3489 
0.500284 0.908408 16.5223 
0.122677 0.344258 20.5254 
0.661904 0.482707 25.1227 
0.054864 0.547799 21.0683 
0.803042 0.29981 17.7664 
0.251705 0.497293 19.2737 
0.0192879 0.237373 18.6811 
0.761203 0.372835 20.2783 
0.353994 0.81991 16.6378 
0.933064 0.405083 15.8185 
0.615663 0.883014 19.7267 
0.105449 0.0307042 24.7259 
0.172287 0.951964 11.8441 
0.54538 0.898292 18.8333 
0.228403 0.668696 19.7192 
0.30946 0.255688 18.7816 
0.459564 0.284864 19.843 
0.779065 0.740998 15.2201 
0.877539 0.0105927 17.2777 
0.322631 0.572889 24.3374 
0.851646 0.716308 16.5789 
0.298594 0.575568 22.6987 
0.209703 0.934103 20.4023 
0.0833302 0.134696 19.2778 
0.513462 0.440025 18.9781 
0.807689 0.658949 15.8438 
0.485753 0.776895 15.589 
0.37356 0.0892233 19.2067 
0.318491 0.50593 14.8568 
0.230356 0.0534885 17.8151 
0.411178 0.163762 23.4786 
0.963754 0.562762 21.8327 
0.600984 0.0580705 14.0712 
0.0262471 0.78757 22.7624 
0.578372 0.24887 16.0546 
0.872962 0.682997 13.0406 
0.518728 0.607352 21.9314 
0.269948 0.181659 21.1067 
0.888969 0.593442 21.9708 
0.642783 0.976956 14.4666 
0.129727 0.699728 13.2797 
0.462176 0.124903 17.4974 
0.204928 0.533923 18.8023 
0.655128 0.35745 18.8456 
0.192268 0.35204 14.7708 
0.554166 0.0415476 15.8514 
0.916075 0.469391 21.4334 
0.819249 0.520057 17.1803 
0.791157 0.214936 14.3655 
0.155352 0.451601 17.5003 
0.00933341 0.418991 16.565 
0.417233 0.652941 19.5746 
0.700363 0.103079 19.5978 
0.835427 0.79376 15.3296 
0.722853 0.831004 17.7333 
0.592679 0.704565 18.1213 
0.28481 0.383903 14.5346 
0.620927 0.199767 18.3953 
0.282001 0.699703 10.879563 
0.310323 0.722799 11.066739 
0.415801 0.647253 11.345767 
0.326439 0.748774 10.830173 
0.328884 0.796132 10.712630 
0.136986 0.636119 14.990641 
0.123951 0.423249 16.940677 
0.172267 0.705064 13.488780 
0.172417 0.466830 13.487600 
0.020963 0.773478 11.839699 
0.015560 0.223591 20.417007 
0.101994 0.196489 20.388590 
0.066974 0.165254 21.507891 
0.489867 0.624692 18.1807 
0.247526 0.375072 16.1158 
0.576916 0.479529 19.0175 
0.2813 0.29818 20.007 
0.12286 0.484207 18.5947 
0.758 0.879187 16.8342 
0.679078 0.191949 13.9095 
0.541302 0.686227 23.0349 
0.0250821 0.238029 21.0841 
0.928311 0.00875219 19.9209 
0.315088 0.863911 22.5344 
0.422854 0.930903 18.1831 
0.498098 0.968475 22.3508 
0.517113 0.634266 14.2843 
0.345475 0.0137833 18.5849 
0.95579 0.29975 18.7887 
0.199965 0.246051 16.7118 
0.411196 0.902328 14.5342 
0.0379701 0.963411 17.6979 
0.159063 0.820206 14.9637 
0.373731 0.909592 13.8755 
0.947811 0.944687 15.8852 
0.847064 0.328742 26.6199 
0.329354 0.571412 24.0689 
0.00565748 0.421316 17.0632 
0.144857 0.589952 23.4096 
0.532599 0.462614 19.6127 
0.799576 0.139486 11.5546 
0.478583 0.0865178 18.7928 
0.761015 0.056224 16.2403 
0.612549 0.0967276 16.8629 
0.359595 0.730958 17.9553 
0.188607 0.182129 15.0096 
0.29118 0.828431 16.0993 
0.733577 0.265966 23.1561 
0.136448 0.547141 11.7992 
0.0937239 0.169061 18.698 
0.387033 0.128625 15.4748 
0.837678 0.707692 18.3729 
0.774942 0.390951 16.6896 
0.0834669 0.722547 16.0544 
0.27092 0.0711812 19.5263 
0.713485 0.520312 12.6666 
0.936434 0.0380832 21.2964 
0.694003 0.931739 13.1479 
0.0169033 0.196851 21.1942 
0.528415 0.60105 16.8531 
0.0748259 0.225018 21.4211 
0.061662 0.783685 17.0637 
0.973142 0.285238 21.323 
0.987322 0.777827 16.3109 
0.229785 0.318788 16.1921 
0.589142 0.0240064 15.9689 
0.605731 0.654051 17.5644 
0.668744 0.617103 14.9102 
0.25508 0.439158 19.6367 
0.852224 0.158657 19.879 
0.70313 0.693496 19.7524 
0.88924 0.891841 16.8136 
0.902841 0.841083 19.748 
0.433271 0.348412 20.7336 
0.211909 0.991466 21.0176 
0.39945 0.584527 21.3303 
0.651657 0.259297 13.008 
0.111424 0.859703 18.2033 
0.641906 0.666261 17.3619 
0.621849 0.756164 11.3437 
0.441998 0.0615331 22.9245 
0.555122 0.534563 23.1116 
0.869475 0.795145 10.6761 
0.339334 0.810796 19.6998 
0.0554985 0.458015 21.8643 
0.912836 0.383649 21.1996 
0.305381 0.426697 17.301 
0.739233 0.514278 20.8066 
0.170747 0.359461 19.3148 
0.991905 0.7386 22.7185 
0.658155 0.55703 20.6595 
0.563257 0.207294 18.8854 
0.877323 0.111218 21.8322 
0.469989 0.412439 22.9233 
0.78873 0.986635 13.7593 
0.181701 0.497297 23.8168 
0.450553 0.337747 20.5228 
0.820566 0.767949 15.1309 
0.234119 0.670074 18.4486 
0.810231 0.123559 12.9672 
0.025430 0.515423 18.937361 
0.046916 0.420231 19.108626 
0.008395 0.486466 20.440547 
0.059388 0.526319 19.145172 
0.032959 0.487161 18.344406 
0.066014 0.225207 17.546052 
0.095148 0.213206 19.148532 
0.016889 0.200366 19.352404 
0.074847 0.195717 19.046868 
0.136454 0.239714 19.717141 
0.155943 0.473971 14.564657 
0.117622 0.624198 14.039556 
0.197878 0.669318 16.373970 
0.484555 0.229866 18.3592 
0.393482 0.787052 13.115 
0.471823 0.272541 19.7341 
0.456289 0.965769 15.5241 
0.322999 0.830129 18.379 
0.679472 0.808488 15.9353 
0.0689474 0.477003 17.8125 
0.584607 0.441514 11.3468 
0.51246 0.524973 24.2173 
0.154507 0.794235 19.7435 
0.429389 0.152778 16.7552 
0.933047 0.579172 19.347 
0.406183 0.367477 19.8606 
0.274982 0.245016 19.9654 
0.0451903 0.678065 17.0412 
0.793638 0.901427 14.7054 
0.250274 0.304512 17.7611 
0.379339 0.714983 19.0807 
0.649594 0.625902 21.2146 
0.232608 0.0787249 14.6643 
0.894124 0.593017 19.9505 
0.443878 0.0428771 21.0135 
0.318211 0.141809 16.6863 
0.258838 0.920462 20.0131 
0.600063 0.561067 22.0469 
0.875744 0.598148 25.7447 
0.771011 0.660569 19.36 
0.569582 0.745607 18.4403 
0.69389 0.863049 16.2237 
0.757413 0.389228 20.3479 
0.704258 0.0480678 16.3225 
0.0698506 0.979237 15.9917 
0.946793 0.230354 18.7064 
0.744253 0.215745 21.7021 
0.112035 0.312247 21.1897 
0.809028 0.396205 17.0327 
0.830737 0.8884 13.2105 
0.768324 0.859279 15.1316 
0.643284 0.493152 19.0969 
0.177733 0.12153 24.0347 
0.366812 0.51668 21.7377 
0.864111 0.566778 17.0555 
0.53971 0.50369 19.5798 
0.280331 0.711007 15.3803 
0.897362 0.406238 20.37 
0.378498 0.693312 18.266 
0.919983 0.33988 17.3452 
0.73483 0.998204 15.09 
0.16727 0.0606426 16.0408 
0.995881 0.685923 25.0123 
0.62088 0.427181 13.4919 
0.354021 0.0319225 17.0117 
0.987311 0.540369 16.7672 
0.664877 0.0883587 16.6889 
0.309216 0.421452 21.918 
0.184117 0.757044 16.778 
0.559846 0.775028 15.2664 
0.721334 0.349755 14.1117 
0.219539 0.25752 22.656 
0.970021 0.639458 19.3381 
0.294136 0.842142 14.9531 
0.840742 0.649668 16.6311 
0.337236 0.729998 20.9614 
0.81791 0.296726 18.4632 
0.2112 0.00292387 16.7213 
0.0966101 0.0221449 16.1132 
0.418036 0.612641 19.3658 
0.0548591 0.448486 19.6022 
0.463154 0.962986 16.2946 
0.142384 0.934307 19.8798 
0.524347 0.918425 12.0178 
0.781986 0.177819 18.9326 
0.205878 0.944114 15.6138 
0.016089 0.881168 16.3166 
0.503948 0.820667 18.2136 
0.961068 0.114088 20.4315 
0.587002 0.376979 21.1123 
0.0865716 0.537916 20.9998 
0.853462 0.462875 19.7381 
0.677915 0.165388 18.157 
0.00232009 0.0970733 21.013 
0.914685 0.323042 23.1879 
0.0266801 0.194174 20.7499 
0.611163 0.76377 17.3203 
0.131359 0.126925 20.0335 
0.548041 0.286946 17.2784 
0.124469 0.204046 14.0971 
0.586041 0.829801 11.345264 
0.529964 0.802379 10.300417 
0.527544 0.690939 11.217318 
0.439503 0.802208 10.380184 
0.443460 0.767247 10.722052 
0.246674 0.186573 14.055120 
0.136779 0.179691 14.546334 
0.185235 0.084422 15.173565 
0.196088 0.204017 14.960600 
0.280824 0.209008 14.805695 
0.197632 0.040775 18.292472 
0.189735 0.026880 17.060233 
0.154197 0.016654 15.530277 
0.50223 0.83504 12.7802 
0.550932 0.199031 22.9557 
0.925438 0.355693 20.7479 
0.162167 0.468433 15.1545 
0.966409 0.987978 17.0665 
0.479097 0.804408 18.7789 
0.566847 0.871301 18.5306 
0.46243 0.616417 18.8804 
0.381461 0.159221 18.9471 
0.736857 0.286858 22.6663 
0.362977 0.945669 19.8132 
0.300427 0.57958 14.3443 
0.899958 0.374119 18.2376 
0.298237 0.0583353 14.6805 
0.722328 0.622377 15.4406 
0.645619 0.961678 23.985 
0.322339 0.325659 19.2698 
0.858436 0.976142 19.5018 
0.151452 0.887181 17.2771 
0.243372 0.500601 15.2355 
0.823652 0.0391158 22.5732 
0.437432 0.367245 21.4427 
0.337557 0.883141 15.5484 
0.607779 0.452062 17.2323 
0.346445 0.556909 19.1771 
0.76085 0.120726 21.4841 
0.521469 0.162236 20.869 
0.261774 0.132414 20.0917 
0.872914 0.934381 18.6063 
0.490755 0.699272 18.7808 
0.561 0.225986 19.731 
0.09355 0.660027 22.4987 
0.771633 0.0870521 17.8827 
0.687209 0.102 10.4787 
0.240837 0.738868 21.9918 
0.0894027 0.194167 14.0895 
0.677685 0.00996434 18.5057 
0.837582 0.438339 15.9611 
0.268652 0.706135 17.6113 
0.0243046 0.543031 17.6927 
0.319351 0.514534 17.2611 
0.117249 0.411846 17.1013 
0.454258 0.268937 22.4442 
0.0461099 0.255826 19.8677 
0.398715 0.921854 17.807 
0.198127 0.292755 13.9038 
0.796786 0.810385 19.2646 
0.728909 0.415122 14.6579 
0.109599 0.63741 18.9372 
0.0591179 0.720852 15.4429 
0.748721 0.758307 13.0899 
0.0194754 0.321277 19.9962 
0.0740678 0.208391 16.4616 
0.507325 0.604357 23.4631 
0.847502 0.395545 20.219 
0.42001 0.148992 19.0486 
0.955576 0.243651 22.7964 
0.711663 0.568521 13.6579 
0.429705 0.233198 14.7 
0.619968 0.533977 23.342 
0.884537 0.050988 17.2862 
0.00796362 0.480018 20.7546 
0.641506 0.39077 16.0376 
0.222251 0.0802597 19.0764 
0.625451 0.724535 20.3088 
0.689952 0.528413 20.7809 
0.180806 0.775475 21.0361 
0.982575 0.491609 16.4676 
0.538887 0.431325 16.0291 
0.89385 0.791275 20.4691 
0.374053 0.340094 20.3517 
0.577678 0.597102 18.291 
0.913958 0.907959 16.2369 
0.948598 0.0306744 20.9721 
0.189303 0.996237 21.6149 
0.217499 0.11175 20.1816 
0.786692 0.668056 15.204 
0.80538 0.766568 16.7021 
0.283619 0.645998 18.6864 
0.592314 0.851444 12.9231 
0.1347 0.0138251 15.6121 
0.405771 0.180843 22.3359 
0.662725 0.911166 22.0056 
0.0396048 0.688184 18.3206 
0.933078 0.818661 15.5649 
0.989187 0.84586 16.2716 
0.145313 0.302798 11.493 
0.587969 0.000066 19.113958 
0.303041 0.019077 16.859382 
0.705789 0.050871 20.344281 
0.592298 0.000007 18.189545 
0.418929 0.000012 15.646399 
0.431916 0.069021 12.717700 
0.320472 0.157526 16.089473 
0.687188 0.000035 12.476879 
0.655843 0.095210 12.270074 
0.582380 0.095998 12.542433 
0.679676 0.368406 9.933978 
0.703287 0.329038 10.041047 
0.566466 0.320567 10.852346 
0.508412 0.440214 18.9429 
0.696888 0.622505 19.3956 
0.982039 0.17971 18.3279 
0.528246 0.485804 18.8137 
0.0473829 0.682974 14.853 
0.845392 0.24403 14.226 
0.0877352 0.254106 18.4409 
0.19633 0.659722 21.8825 
0.921583 0.20905 16.3615 
0.360976 0.469594 19.234 
0.831253 0.951782 19.7519 
0.212024 0.864965 18.2966 
0.437564 0.748697 19.7964 
0.390146 0.0348787 23.6922 
0.0764075 0.733228 18.5416 
0.859409 0.132405 16.9661 
0.665401 0.37684 25.2418 
0.721069 0.799812 16.9148 
0.471077 0.0999654 19.7728 
0.567805 0.763081 12.4482 
0.0249172 0.125528 20.8114 
0.72512 0.560357 15.5848 
0.913524 0.198205 17.6254 
0.976174 0.283582 18.501 
0.135537 0.320485 16.0097 
0.424695 0.957383 22.3465 
0.338434 0.429261 24.3028 
0.871989 0.606023 14.5428 
0.535091 0.306182 14.629 
0.0657634 0.817392 13.6517 
0.63782 0.241087 16.1284 
0.142639 0.649646 16.8857 
0.111032 0.576587 18.8714 
0.964581 0.337893 17.1596 
0.315385 0.9243 18.8837 
0.591767 0.361561 17.0942 
0.549442 0.381144 24.421 
0.220269 0.668238 18.8002 
0.00680217 0.26896 14.7571 
0.936364 0.402019 22.0433 
0.895268 0.740173 19.9607 
0.952025 0.104509 24.773 
0.0377534 0.332311 15.011 
0.247183 0.0625838 24.4776 
0.785533 0.0460586 18.682 
0.43226 0.167413 24.1275 
0.876617 0.703772 14.3134 
0.771064 0.53218 17.0696 
0.16509 0.547472 21.3678 
0.798433 0.569358 15.3314 
0.237218 0.885318 16.181 
0.809566 0.0805578 26.2961 
0.905882 0.593431 20.5537 
0.768425 0.788944 14.1291 
0.176269 0.845123 18.1354 
0.459706 0.0803755 18.4101 
0.827395 0.780475 17.6934 
0.607057 0.639959 13.4899 
0.676136 0.35168 14.2375 
0.157215 0.150222 11.8065 
0.117774 0.1852 24.4738 
0.254937 0.00512255 20.0266 
0.623187 0.511428 19.0733 
0.745847 0.71996 15.2223 
0.615426 0.138269 19.2458 
0.701903 0.976594 17.1225 
0.0228387 0.224831 26.497 
0.297588 0.478217 20.9449 
0.472261 0.942356 13.753 
0.353801 0.700164 17.2308 
0.392659 0.615871 16.2106 
0.286808 0.809779 19.098 
0.299652 0.419344 13.5917 
0.688969 0.0338234 18.0407 
0.370842 0.496246 14.3347 
0.749282 0.983807 17.9196 
0.189834 0.449178 22.5457 
0.989249 0.898898 13.3926 
0.495892 0.405147 20.5454 
0.649352 0.908728 16.7195 
0.406934 0.0192358 23.3885 
0.331616 0.294763 17.2356 
0.579615 0.861877 17.9238 
0.554502 0.838225 15.3541 
0.26578 0.518689 18.6117 
0.492531 0.991522 20.4081 
0.102314 0.884429 10.8139 
0.299201 0.817406 9.980345 
0.183397 0.791875 10.221437 
0.157002 0.679422 10.536979 
0.342204 0.756319 10.427004 
0.353645 0.696739 10.916881 
0.255461 0.467914 11.428940 
0.231432 0.561067 10.872726 
0.261680 0.669664 11.143710 
0.153174 0.607475 10.679857 
0.423142 0.595545 11.077361 
0.637866 0.154772 16.017040 
0.238512 0.165141 14.584766 
0.352192 0.085203 14.295690 
0.514593 0.0453879 14.5576 
0.842845 0.00567839 19.7786 
0.44275 0.405441 19.8062 
0.936232 0.207349 17.8288 
0.0260554 0.415896 22.0614 
0.211688 0.706641 19.9361 
0.597129 0.659898 21.5688 
0.927582 0.168884 16.7862 
0.163996 0.524398 24.5966 
0.738615 0.540066 25.9162 
0.696784 0.304561 20.8791 
0.967437 0.200988 19.2101 
0.463156 0.261979 26.4255 
0.56767 0.132264 17.5715 
0.0211685 0.795221 16.2098 
0.866558 0.716897 20.0477 
0.648534 0.826295 15.8917 
0.26373 0.0237544 16.6205 
0.747886 0.151902 19.3061 
0.621074 0.219936 18.2289 
0.550345 0.975637 18.7073 
0.0591373 0.149233 17.4343 
0.0804674 0.0758456 17.5361 
0.153901 0.738485 19.5078 
0.201924 0.546476 17.2573 
0.120313 0.454778 18.8516 
0.721287 0.464671 20.0182 
0.223478 0.428491 20.0121 
0.420611 0.083906 21.6196 
0.599811 0.836698 18.8741 
0.296354 0.28033 17.2686 
0.252064 0.892172 16.3755 
0.735079 0.251953 16.9906 
0.806776 0.758751 15.2719 
0.0400085 0.487305 16.4071 
0.889715 0.124714 19.0338 
0.917562 0.81482 18.9927 
0.675454 0.748511 10.0296 
0.983365 0.775457 23.7559 
0.048134 0.876204 18.3592 
0.823837 0.0651472 8.65251 
0.427288 0.932434 16.1816 
0.132538 0.862318 16.1306 
0.277072 0.643415 19.4031 
0.659222 0.95902 19.4895 
0.375009 0.0210575 14.695 
0.689128 0.17242 17.4147 
0.338124 0.270494 19.2986 
0.100743 0.669888 17.1737 
0.614742 0.898794 11.5608 
0.231984 0.613997 22.0702 
0.406965 0.311165 25.0891 
0.267197 0.475247 20.0027 
0.482784 0.620963 16.2495 
0.899193 0.67953 12.1809 
0.0765402 0.380526 17.1755 
0.322218 0.291891 19.3713 
0.519142 0.37225 15.5198 
0.539934 0.0529944 19.1295 
0.875255 0.56983 21.4393 
0.769838 0.698703 19.5889 
0.392745 0.193488 13.3375 
0.832776 0.732029 14.1453 
0.963169 0.358981 24.5991 
0.47187 0.923799 15.3252 
0.177045 0.33887 18.7549 
0.383533 0.442985 19.6587 
0.321024 0.510478 13.8146 
0.105784 0.597994 19.5129 
0.63275 0.595735 23.6927 
0.85674 0.859005 12.6267 
0.579951 0.561634 18.1325 
0.188749 0.583691 17.7109 
0.778017 0.326363 17.8022 
0.999225 0.786043 17.7758 
0.00722179 0.503761 19.3662 
0.78942 0.987918 17.3101 
0.137959 0.394211 15.8449 
0.952041 0.9434 14.8282 
0.352131 0.230853 20.9749 
0.709896 0.993684 18.512 
0.796438 0.8434 19.1751 
0.45405 0.35089 18.2214 
0.303973 0.0946326 17.8692 
0.359914 0.908927 23.1121 
0.503243 0.65357 17.994 
0.557951 0.109765 17.8627 
0.492320 0.023550 17.101168 
0.487664 0.046802 16.894924 
0.375062 0.000003 16.187582 
0.575060 0.053228 15.067516 
0.458642 0.018116 16.507724 
0.200186 0.077448 18.903751 
0.140807 0.020204 16.444392 
0.080402 0.002478 17.935271 
0.080672 0.071612 16.447944 
0.096306 0.024727 18.533323 
0.183531 0.194571 13.203143 
0.256063 0.182348 12.493285 
0.243756 0.292469 13.069027 
0.520775 0.650562 14.3855 
0.988801 0.457959 25.5545 
0.286284 0.605149 24.5671 
0.291296 0.953437 18.7839 
0.89664 0.404055 19.4682 
0.949144 0.277697 20.8775 
0.0471781 0.264976 20.63 
0.536502 0.778612 15.9036 
0.00182828 0.331695 20.1187 
0.0409874 0.156985 15.4362 
0.0610182 0.0723418 23.0111 
0.6991 0.499623 18.3762 
0.940264 0.239049 20.1513 
0.0176005 0.5542 17.1386 
0.338078 0.680562 17.7853 
0.103191 0.105977 18.9695 
0.148271 0.522867 15.0209 
0.349203 0.343782 19.7859 
0.985497 0.189732 14.8186 
0.216672 0.299536 19.1276 
0.706292 0.801788 17.7452 
0.250584 0.378149 13.2417 
0.966652 0.887782 12.6582 
0.775092 0.857798 15.8456 
0.870449 0.702037 11.4355 
0.220887 0.294738 22.6873 
0.88559 0.989319 14.5174 
0.468124 0.0228462 22.3762 
0.795185 0.849064 20.8773 
0.586191 0.804631 20.5465 
0.588522 0.121868 18.4868 
0.960718 0.730231 11.0975 
0.493709 0.414954 21.2531 
0.180995 0.669607 19.0064 
0.30272 0.627783 16.3944 
0.375189 0.513024 18.5438 
0.163425 0.248476 18.2836 
0.614469 0.618529 18.5472 
0.556288 0.393768 21.1939 
0.205248 0.166469 17.1677 
0.089004 0.444245 24.1549 
0.435815 0.582346 21.0771 
0.327045 0.425581 17.5665 
0.625205 0.0450233 19.6621 
0.113685 0.831462 15.6456 
0.394918 0.263529 15.809 
0.455256 0.656239 24.2633 
0.605909 0.47494 19.0666 
0.363098 0.316078 23.228 
0.543698 0.214237 18.1211 
0.266647 0.489326 16.4992 
0.85961 0.470824 18.6225 
0.883992 0.0101162 16.9148 
0.256518 0.182068 20.8033 
0.826247 0.930562 13.5463 
0.239227 0.36024 13.3659 
0.717745 0.981182 19.2539 
0.768307 0.700838 20.0716 
0.511336 0.223713 14.6027 
0.663781 0.536076 16.8283 
0.403763 0.569697 16.8576 
0.809607 0.875605 15.7316 
0.648093 0.0810464 23.7954 
0.41699 0.642198 22.8366 
0.676141 0.871439 14.039 
0.127443 0.90235 21.7232 
0.685621 0.821154 16.5057 
0.846866 0.142417 16.1855 
0.638601 0.766055 13.059 
0.152666 0.737869 18.3155 
0.917674 0.0542845 20.807 
0.0755209 0.0931107 15.3283 
0.496068 0.969979 21.8632 
0.75365 0.784312 8.26246 
0.189888 0.964157 15.6539 
0.745354 0.713294 22.7674 
0.315935 0.755116 21.3229 
0.924491 0.129726 18.6479 
0.782662 0.587361 21.9587 
0.830205 0.196908 13.1001 
0.730134 0.933613 18.6627 
0.118036 0.0260388 26.795 
0.47222 0.381829 15.5529 
0.568284 0.909713 18.7464 
0.0247786 0.544255 19.6963 
0.43735 0.0619056 16.8178 
0.385389 0.349751 14.4569 
0.753670 0.784109 10.105103 
0.708033 0.656762 10.329220 
0.585471 0.360305 11.321072 
0.648112 0.621621 11.467126 
0.618266 0.768901 10.198926 
0.133208 0.491048 16.585905 
0.112768 0.315217 16.688839 
0.127157 0.448539 14.258074 
0.174429 0.644155 15.853150 
0.018380 0.381495 14.930211 
0.054514 0.084553 20.785812 
0.000275 0.104435 17.538841 
0.033823 0.097349 20.294119 
0.538451 0.255736 19.1002 
0.146251 0.869939 15.3655 
0.739899 0.688301 16.5413 
0.00866869 0.444606 19.3494 
0.9834 0.893235 23.452 
0.932784 0.620368 15.9042 
0.615917 0.0138362 19.9939 
0.778143 0.206455 15.2544 
0.381523 0.317204 16.5207 
0.0549901 0.949128 21.4258 
0.447899 0.29355 16.8617 
0.759606 0.829481 17.4226 
0.966984 0.220752 15.5551 
0.825951 0.93949 15.2496 
0.636827 0.534715 16.1652 
0.592762 0.5802 21.093 
0.340054 0.567085 22.9806 
0.574291 0.76441 24.943 
0.237027 0.824131 19.1559 
0.725825 0.129414 24.5053 
0.356286 0.166904 14.1034 
0.462085 0.325291 11.1262 
0.873718 0.736241 15.0217 
0.104471 0.789782 15.4604 
0.964801 0.1013 21.4236 
0.406112 0.897571 22.1012 
0.64684 0.0796809 18.1628 
0.547472 0.64413 15.23 
0.49475 0.628839 17.4537 
0.815492 0.704495 12.0236 
0.256777 0.373953 23.553 
0.371573 0.602747 14.9779 
0.435216 0.277403 20.0254 
0.0860579 0.3677 18.377 
0.521107 0.659483 13.0447 
0.188359 0.249414 13.9251 
0.802215 0.636109 15.5627 
0.915109 0.115401 17.908 
0.852967 0.0558769 19.3333 
0.0441938 0.230925 14.6505 
0.694022 0.525148 25.2608 
0.872787 0.9144 14.8884 
0.362022 0.553827 17.0548 
0.580464 0.692221 18.3575 
0.930653 0.141375 19.1899 
0.901678 0.0455265 18.2168 
0.399596 0.854049 14.6735 
0.485935 0.810266 14.3906 
0.31137 0.474849 15.3666 
0.555268 0.546865 13.7182 
0.507181 0.48955 22.3312 
0.758127 0.17772 20.0302 
0.423985 0.334169 21.0426 
0.202874 0.353098 22.3231 
0.891622 0.00908322 16.66 
0.0179412 0.80031 18.9142 
0.125914 0.588745 22.8075 
0.666411 0.0643476 26.6581 
0.326397 0.387414 21.6471 
0.98964 0.0314614 17.5864 
0.783781 0.391745 18.2549 
0.948481 0.408546 19.5334 
0.161765 0.959993 20.0523 
0.630489 0.669468 18.1337 
0.0699207 0.980142 20.0855 
0.0574736 0.434493 17.981 
0.160147 0.159945 14.7805 
0.274093 0.0868401 15.1702 
0.101352 0.30995 13.7661 
0.0239997 0.271649 21.5358 
0.847293 0.186284 9.73628 
0.307007 0.716007 24.6828 
0.702115 0.973233 15.7748 
0.135674 0.455923 18.89 
0.689352 0.879349 17.5165 
0.290703 0.208404 19.6209 
0.719647 0.752296 17.9198 
0.835838 0.775203 20.9352 
0.455689 0.923164 20.8097 
0.286769 0.99662 20.0023 
0.248278 0.414648 16.8157 
0.172742 0.494999 18.0104 
0.602082 0.516887 20.1756 
0.218804 0.848512 17.8606 
0.475549 0.727573 17.1022 
0.674845 0.111408 18.9476 
0.209091 0.464245 25.6507 
0.001383 0.536725 18.670140 
0.037229 0.615728 18.529937 
0.000010 0.434080 20.746307 
0.009798 0.427867 17.538076 
0.086001 0.440298 17.266977 
0.056440 0.312167 15.589174 
0.113001 0.271875 14.745988 
0.095665 0.256150 13.977382 
0.111421 0.273278 14.754711 
0.036963 0.225049 15.043589 
0.162671 0.312784 13.739721 
0.156965 0.301681 13.510794 
0.146757 0.507922 16.759666 
0.533138 0.86091 13.5605 
0.292207 0.281919 22.7741 
0.836378 0.117115 14.3394 
0.171684 0.406468 17.2237 
0.962073 0.614664 17.5184 
0.29908 0.0714847 16.1117 
0.906231 0.323231 15.9788 
0.480672 0.47066 17.2829 
0.524842 0.0247747 26.4723 
0.97321 0.986643 23.508 
0.799539 0.348079 12.4167 
0.515068 0.656726 23.543 
0.38162 0.273877 20.3318 
0.548702 0.653195 17.2961 
0.581597 0.883709 15.8531 
0.36122 0.500494 17.619 
0.133638 0.150931 14.6228 
0.0171035 0.96197 20.9312 
0.859535 0.038943 13.2196 
0.865538 0.835991 15.2409 
0.614858 0.29855 23.2018 
0.621423 0.566973 19.5378 
0.0742638 0.382204 18.9522 
0.18715 0.696894 24.785 
0.0983979 0.63032 19.3688 
0.765743 0.998632 14.4497 
0.753413 0.710894 17.9311 
0.422714 0.725928 17.862 
0.151542 0.752404 13.3994 
0.0643027 0.951092 16.1125 
0.431353 0.76063 17.8446 
0.683501 0.0117134 22.0994 
0.392742 0.912865 16.7177 
0.820623 0.0687688 19.727 
0.784743 0.110431 16.2765 
0.557914 0.870912 18.0249 
0.0437005 0.299093 16.3688 
0.639477 0.738556 19.0181 
0.00529467 0.688825 13.3941 
0.033016 0.516347 19.0525 
0.485703 0.189954 18.214 
0.443326 0.637746 23.7036 
0.732282 0.213126 17.5054 
0.4613 0.814938 18.398 
0.604274 0.229437 18.8652 
0.125705 0.455816 21.504 
0.876455 0.935749 21.0851 
0.220789 0.846947 18.1614 
0.339773 0.719148 23.0374 
0.321093 0.532572 16.2076 
0.322717 0.429516 24.1885 
0.0501759 0.200435 17.5514 
0.0905409 0.66708 16.2504 
0.910214 0.475861 13.2663 
0.263949 0.817374 15.2946 
0.249617 0.172147 21.3833 
0.945325 0.561976 15.7685 
0.179387 0.0809099 17.2508 
0.706262 0.149048 19.1242 
0.697376 0.0570404 22.443 
0.454126 0.579537 21.3637 
0.282915 0.523716 16.5353 
0.148586 0.356697 20.0898 
0.667776 0.130176 12.1079 
0.370499 0.788538 16.3995 
0.93092 0.930699 16.0935 
0.941799 0.314529 18.0549 
0.494939 0.335466 14.0642 
0.808154 0.2453 22.5771 
0.24124 0.179124 17.4619 
0.659112 0.445635 17.4331 
0.744819 0.588247 19.4134 
0.983147 0.974127 21.8729 
0.264581 0.100732 16.9484 
0.103917 0.41759 20.2613 
0.567407 0.239468 17.8099 
0.72174 0.0075253 19.5068 
0.413038 0.261564 15.2383 
0.6522 0.373055 21.7308 
0.888756 0.79881 14.1426 
0.771173 0.484488 15.8189 
0.348932 0.892469 18.3175 
0.201579 0.900721 13.1974 
0.840939 0.546038 20.117 
0.587021 0.401092 23.6328 
0.211339 0.60195 25.7154 
0.995906 0.774845 16.4034 
0.521827 0.715065 11.683703 
0.689398 0.384880 11.142943 
0.670851 0.426578 11.262533 
0.714467 0.175592 10.364814 
0.668351 0.301865 11.189323 
0.229746 0.252475 14.948332 
0.333221 0.239044 14.877271 
0.135232 0.166237 15.619156 
0.345085 0.335483 15.096225 
0.263600 0.200190 15.157538 
0.180447 0.080497 17.351869 
0.288795 0.099013 19.615126 
0.220027 0.091524 18.119307 
0.550814 0.466084 19.8595 
0.438164 0.693898 20.12 
0.635635 0.843111 21.4499 
0.426946 0.1354 19.4458 
0.84312 0.234219 21.6189 
0.891098 0.11476 15.5075 
0.621132 0.858303 16.8012 
0.237919 0.382897 16.8318 
0.00259932 0.75743 13.9973 
0.758711 0.596398 19.0642 
0.660591 0.829191 17.5932 
0.916409 0.395535 19.1316 
0.244216 0.187112 14.7513 
0.921164 0.48853 20.7798 
0.312689 0.0607906 26.1056 
0.72262 0.515386 14.3159 
0.746629 0.54659 19.4638 
0.492382 0.763707 15.6686 
0.570339 0.312825 18.5801 
0.818062 0.970494 13.9536 
0.675052 0.285743 19.7821 
0.0994296 0.862696 15.5979 
0.784262 0.0320352 12.7009 
0.175413 0.991628 13.8055 
0.526798 0.0857612 16.0533 
0.403948 0.433668 16.6735 
0.135428 0.348905 20.7175 
0.983888 0.198697 14.0534 
0.267984 0.420074 22.855 
0.827797 0.64847 16.0472 
0.595437 0.0130191 19.414 
0.581245 0.364294 21.203 
0.226724 0.326567 18.0105 
0.528989 0.139266 19.8338 
0.989584 0.718644 16.0458 
0.0388281 0.0975669 14.8943 
0.859118 0.407383 15.7176 
0.688802 0.78995 16.3591 
0.109499 0.296187 19.7399 
0.647893 0.953419 19.6392 
0.328291 0.00708447 20.6315 
0.0846979 0.263859 19.1762 
0.21533 0.74059 17.7732 
0.874846 0.98346 18.8816 
0.0159717 0.633374 21.3965 
0.506338 0.930994 19.6083 
0.727006 0.529826 18.0188 
0.353508 0.87412 19.1088 
0.388519 0.5701 16.7605 
0.255127 0.157442 18.9524 
0.0476881 0.251555 14.2851 
0.36932 0.893457 14.1109 
0.973277 0.796277 17.3064 
0.502886 0.223813 20.7472 
0.402245 0.671037 24.0432 
0.960173 0.66005 13.7544 
0.0618822 0.911558 18.4511 
0.869145 0.702463 23.6357 
0.616066 0.334652 19.667 
0.0767565 0.0447148 21.6306 
0.304632 0.826 15.9606 
0.450105 0.57972 16.9509 
0.555467 0.72607 17.1646 
0.343717 0.457359 12.9994 
0.0234405 0.90619 14.6008 
0.808671 0.61076 24.3144 
0.898307 0.955729 19.3528 
0.603987 0.60259 14.8642 
0.480954 0.123567 22.5946 
0.276808 0.815835 14.6022 
0.932486 0.773172 16.8457 
0.156431 0.308401 21.1892 
0.459813 0.273336 22.2485 
0.288172 0.440508 21.3192 
0.706875 0.51995 19.4122 
0.776476 0.931324 17.3347 
0.125758 0.076893 16.8508 
0.204199 0.0505198 18.7648 
0.359459 0.629096 19.017 
0.193277 0.217163 12.5581 
0.165953 0.679857 18.6045 
0.946592 0.171697 19.5702 
0.800119 0.480105 25.0205 
0.415936 0.373755 25.6664 
0.757949 0.17317 15.9308 
0.145531 0.561134 17.834 
0.690693 0.500131 16.7211 
0.422035 0.000012 19.244241 
0.465074 0.076822 18.055419 
0.595464 0.000033 17.115084 
0.302052 0.000022 20.573135 
0.354294 0.000022 20.392262 
0.233338 0.147645 14.716961 
0.204861 0.107936 14.606344 
0.627415 0.183442 14.791007 
0.340473 0.212427 14.797605 
0.777253 0.114947 13.668072 
0.441715 0.271338 11.388253 
0.543590 0.324697 10.875515 
0.343748 0.443091 10.988644 
0.556995 0.0712575 15.4168 
0.595614 0.105878 20.1992 
0.100744 0.926263 10.575 
0.137798 0.884041 17.4384 
0.919418 0.0805084 12.5245 
0.0431648 0.985212 12.9686 
0.535992 0.942021 18.4996 
0.182732 0.00517784 13.0382 
0.121392 0.199468 17.6345 
0.847735 0.167339 18.7244 
0.328391 0.788528 18.6804 
0.677236 0.851759 16.4168 
0.771986 0.822607 19.2747 
0.997794 0.0134758 24.4059 
0.607404 0.227481 17.9515 
0.171243 0.586211 16.8649 
0.138951 0.955468 22.0756 
0.434945 0.571259 22.2066 
0.232805 0.321956 19.8811 
0.748774 0.775582 15.7472 
0.0667353 0.997978 24.7298 
0.619009 0.319892 15.6429 
0.285881 0.654685 17.8249 
0.547566 0.897549 22.1664 
0.939284 0.297167 12.4665 
0.342374 0.280498 20.7658 
0.157554 0.455254 20.5421 
0.253994 0.699844 18.3373 
0.0210991 0.24179 22.573 
0.712168 0.095485 20.7611 
0.487347 0.969961 18.7876 
0.11099 0.05372 17.7382 
0.43853 0.195114 16.3471 
0.890214 0.612411 16.1484 
0.622436 0.256775 24.516 
0.415304 0.908947 20.9059 
0.2181 0.443282 16.4794 
0.951189 0.847107 17.1806 
0.81573 0.410621 20.7293 
0.85393 0.559545 15.0942 
0.787402 0.574715 14.7976 
0.0255719 0.832859 20.2287 
0.0468918 0.607364 17.2567 
0.29953 0.814001 15.9144 
0.243109 0.659974 14.6642 
0.652575 0.532512 19.2387 
0.573806 0.496462 21.7493 
0.204807 0.042241 19.1334 
0.877724 0.735711 12.5673 
0.682243 0.399993 16.7081 
0.368025 0.350008 21.6113 
0.972217 0.373717 16.016 
0.222735 0.549307 16.2208 
0.358251 0.471018 19.9174 
0.528342 0.702885 22.6907 
0.579561 0.750345 20.1968 
0.501361 0.0252379 19.7281 
0.659044 0.238852 17.3253 
0.833227 0.628886 14.0535 
0.731902 0.117414 22.0478 
0.0764583 0.431048 22.5559 
0.451763 0.87233 18.8915 
0.803707 0.212748 19.2495 
0.824754 0.344158 23.2437 
0.4809 0.488014 17.2188 
0.866934 0.415769 17.8242 
0.34618 0.137966 18.9824 
0.510285 0.887552 15.9629 
0.271326 0.274945 20.7343 
0.00887343 0.52024 20.7019 
0.925652 0.480152 20.9645 
0.746677 0.765277 17.7334 
0.637661 0.172903 19.2466 
0.403142 0.16048 20.7925 
0.0916471 0.299772 21.7697 
0.898274 0.733964 16.0654 
0.293433 0.130816 16.9212 
0.986835 0.634166 14.8121 
0.399746 0.68724 20.0189 
0.719364 0.0583687 16.3707 
0.386673 0.385835 16.3036 
0.186531 0.678125 21.8968 
0.462347 0.362926 24.1595 
0.955978 0.715366 15.5243 
0.767117 0.79343 14.0856 
0.700939 0.51259 12.0355 
0.320181 0.942932 14.724 
0.183066 0.705744 10.745591 
0.396362 0.818444 10.433471 
0.702917 0.656220 10.908527 
0.361418 0.811996 9.907894 
0.318282 0.798247 9.851917 
0.231673 0.482475 11.535681 
0.183051 0.634167 12.048844 
0.820321 0.552461 11.717358 
0.605678 0.581178 11.553287 
0.754167 0.533029 10.930146 
0.430065 0.093908 16.417307 
0.209383 0.054726 15.974751 
0.422156 0.032812 14.254481 
0.563176 0.676431 19.3894 
0.74157 0.529352 18.9864 
0.542865 0.00941459 18.9498 
0.843676 0.42078 21.3346 
0.11369 0.135831 25.1891 
0.0391084 0.625703 13.5306 
0.664987 0.0256898 23.1505 
0.356618 0.939868 14.5703 
0.690947 0.615319 16.2627 
0.647009 0.0697513 18.331 
0.950129 0.283023 23.7003 
0.126069 0.868188 20.8801 
0.9247 0.472916 13.1376 
0.878472 0.705098 17.861 
0.427401 0.930692 23.7091 
0.994048 0.495123 20.7615 
0.617159 0.175801 24.567 
0.00351947 0.187351 25.5474 
0.451285 0.72599 20.9884 
0.231197 0.752593 23.2484 
0.670137 0.742508 13.4221 
0.892211 0.0950234 16.0152 
0.0279226 0.696342 20.2616 
0.492862 0.642675 21.295 
0.511251 0.680652 13.0939 
0.403416 0.109391 13.9482 
0.820395 0.657751 15.7269 
0.723947 0.328288 16.9535 
0.705442 0.563115 14.4787 
0.416623 0.145162 15.6053 
0.597241 0.365948 22.938 
0.909067 0.592802 14.3391 
0.763235 0.163423 16.512 
0.311492 0.544768 18.0818 
0.288792 0.257324 19.4321 
0.603828 0.82225 16.6001 
0.0498734 0.349548 12.849 
0.732836 0.12072 14.2291 
0.149246 0.782644 15.6817 
0.470319 0.956075 20.1408 
0.800362 0.224292 15.3609 
0.834548 0.445887 13.1782 
0.519663 0.874364 21.1858 
0.905547 0.567784 13.0601 
0.566639 0.342926 14.5921 
0.157324 0.265374 23.146 
0.627851 0.0143196 21.1602 
0.198093 0.29643 16.0215 
0.370044 0.858104 15.6174 
0.267529 0.582776 19.2233 
0.779809 0.90839 16.0799 
0.243453 0.377884 18.53 
0.533841 0.0613984 26.6006 
0.642522 0.951345 15.5147 
0.332613 0.204414 21.5584 
0.39977 0.776103 17.0068 
0.186993 0.718777 19.0834 
0.788221 0.0858074 21.6375 
0.38773 0.899849 22.2812 
0.867816 0.461637 15.4836 
0.307395 0.886526 14.5745 
0.935125 0.398594 15.8202 
0.349961 0.842603 19.337 
0.222008 0.411181 19.3293 
0.444097 0.312731 20.2901 
0.581243 0.97365 14.9939 
0.0972656 0.607702 14.9215 
0.258857 0.380009 20.2939 
0.128371 0.237549 19.7956 
0.959347 0.99131 21.1417 
0.0877775 0.0532591 15.831 
0.278377 0.509245 24.225 
0.805405 0.429751 10.8266 
0.988011 0.309205 18.0812 
0.0183498 0.526098 19.1287 
0.749768 0.837908 10.5209 
0.207666 0.651468 19.7226 
0.0576408 0.44925 19.0594 
0.856087 0.80954 14.8128 
0.175052 0.0441808 10.5254 
0.499059 0.981668 20.3565 
0.680032 0.492576 23.3148 
0.476768 0.213364 21.6785 
0.338892 0.251062 22.7169 
0.079702 0.798095 20.8218 
0.172118 0.158601 19.0046 
0.973032 0.759564 17.2048 
0.556286 0.053167 19.587790 
0.654537 0.028070 22.413478 
0.542403 0.000031 17.206580 
0.613282 0.000039 18.323383 
0.542839 0.044758 19.009651 
0.162135 0.044530 16.723404 
0.177156 0.053761 15.279620 
0.107561 0.085901 16.700992 
0.205950 0.000167 13.831741 
0.086322 0.053171 14.607768 
0.172110 0.156950 10.997016 
0.169579 0.094237 11.971010 
0.088303 0.061445 10.767925 
