0.514593 0.0453879 14.5576 
0.842845 0.00567839 19.7786 
0.44275 0.405441 19.8062 
0.936232 0.207349 17.8288 
0.0260554 0.415896 22.0614 
0.211688 0.706641 19.9361 
0.597129 0.659898 21.5688 
0.927582 0.168884 16.7862 
0.163996 0.524398 24.5966 
0.738615 0.540066 25.9162 
0.696784 0.304561 20.8791 
0.967437 0.200988 19.2101 
0.463156 0.261979 26.4255 
0.56767 0.132264 17.5715 
0.0211685 0.795221 16.2098 
0.866558 0.716897 20.0477 
0.648534 0.826295 15.8917 
0.26373 0.0237544 16.6205 
0.747886 0.151902 19.3061 
0.621074 0.219936 18.2289 
0.550345 0.975637 18.7073 
0.0591373 0.149233 17.4343 
0.0804674 0.0758456 17.5361 
0.153901 0.738485 19.5078 
0.201924 0.546476 17.2573 
0.120313 0.454778 18.8516 
0.721287 0.464671 20.0182 
0.223478 0.428491 20.0121 
0.420611 0.083906 21.6196 
0.599811 0.836698 18.8741 
0.296354 0.28033 17.2686 
0.252064 0.892172 16.3755 
0.735079 0.251953 16.9906 
0.806776 0.758751 15.2719 
0.0400085 0.487305 16.4071 
0.889715 0.124714 19.0338 
0.917562 0.81482 18.9927 
0.675454 0.748511 10.0296 
0.983365 0.775457 23.7559 
0.048134 0.876204 18.3592 
0.823837 0.0651472 8.65251 
0.427288 0.932434 16.1816 
0.132538 0.862318 16.1306 
0.277072 0.643415 19.4031 
0.659222 0.95902 19.4895 
0.375009 0.0210575 14.695 
0.689128 0.17242 17.4147 
0.338124 0.270494 19.2986 
0.100743 0.669888 17.1737 
0.614742 0.898794 11.5608 
0.231984 0.613997 22.0702 
0.406965 0.311165 25.0891 
0.267197 0.475247 20.0027 
0.482784 0.620963 16.2495 
0.899193 0.67953 12.1809 
0.0765402 0.380526 17.1755 
0.322218 0.291891 19.3713 
0.519142 0.37225 15.5198 
0.539934 0.0529944 19.1295 
0.875255 0.56983 21.4393 
0.769838 0.698703 19.5889 
0.392745 0.193488 13.3375 
0.832776 0.732029 14.1453 
0.963169 0.358981 24.5991 
0.47187 0.923799 15.3252 
0.177045 0.33887 18.7549 
0.383533 0.442985 19.6587 
0.321024 0.510478 13.8146 
0.105784 0.597994 19.5129 
0.63275 0.595735 23.6927 
0.85674 0.859005 12.6267 
0.579951 0.561634 18.1325 
0.188749 0.583691 17.7109 
0.778017 0.326363 17.8022 
0.999225 0.786043 17.7758 
0.00722179 0.503761 19.3662 
0.78942 0.987918 17.3101 
0.137959 0.394211 15.8449 
0.952041 0.9434 14.8282 
0.352131 0.230853 20.9749 
0.709896 0.993684 18.512 
0.796438 0.8434 19.1751 
0.45405 0.35089 18.2214 
0.303973 0.0946326 17.8692 
0.359914 0.908927 23.1121 
0.503243 0.65357 17.994 
0.557951 0.109765 17.8627 
0.492320 0.023550 17.101168 
0.487664 0.046802 16.894924 
0.375062 0.000003 16.187582 
0.575060 0.053228 15.067516 
0.458642 0.018116 16.507724 
0.200186 0.077448 18.903751 
0.140807 0.020204 16.444392 
0.080402 0.002478 17.935271 
0.080672 0.071612 16.447944 
0.096306 0.024727 18.533323 
0.183531 0.194571 13.203143 
0.256063 0.182348 12.493285 
0.243756 0.292469 13.069027 
