0.484555 0.229866 18.3592 
0.393482 0.787052 13.115 
0.471823 0.272541 19.7341 
0.456289 0.965769 15.5241 
0.322999 0.830129 18.379 
0.679472 0.808488 15.9353 
0.0689474 0.477003 17.8125 
0.584607 0.441514 11.3468 
0.51246 0.524973 24.2173 
0.154507 0.794235 19.7435 
0.429389 0.152778 16.7552 
0.933047 0.579172 19.347 
0.406183 0.367477 19.8606 
0.274982 0.245016 19.9654 
0.0451903 0.678065 17.0412 
0.793638 0.901427 14.7054 
0.250274 0.304512 17.7611 
0.379339 0.714983 19.0807 
0.649594 0.625902 21.2146 
0.232608 0.0787249 14.6643 
0.894124 0.593017 19.9505 
0.443878 0.0428771 21.0135 
0.318211 0.141809 16.6863 
0.258838 0.920462 20.0131 
0.600063 0.561067 22.0469 
0.875744 0.598148 25.7447 
0.771011 0.660569 19.36 
0.569582 0.745607 18.4403 
0.69389 0.863049 16.2237 
0.757413 0.389228 20.3479 
0.704258 0.0480678 16.3225 
0.0698506 0.979237 15.9917 
0.946793 0.230354 18.7064 
0.744253 0.215745 21.7021 
0.112035 0.312247 21.1897 
0.809028 0.396205 17.0327 
0.830737 0.8884 13.2105 
0.768324 0.859279 15.1316 
0.643284 0.493152 19.0969 
0.177733 0.12153 24.0347 
0.366812 0.51668 21.7377 
0.864111 0.566778 17.0555 
0.53971 0.50369 19.5798 
0.280331 0.711007 15.3803 
0.897362 0.406238 20.37 
0.378498 0.693312 18.266 
0.919983 0.33988 17.3452 
0.73483 0.998204 15.09 
0.16727 0.0606426 16.0408 
0.995881 0.685923 25.0123 
0.62088 0.427181 13.4919 
0.354021 0.0319225 17.0117 
0.987311 0.540369 16.7672 
0.664877 0.0883587 16.6889 
0.309216 0.421452 21.918 
0.184117 0.757044 16.778 
0.559846 0.775028 15.2664 
0.721334 0.349755 14.1117 
0.219539 0.25752 22.656 
0.970021 0.639458 19.3381 
0.294136 0.842142 14.9531 
0.840742 0.649668 16.6311 
0.337236 0.729998 20.9614 
0.81791 0.296726 18.4632 
0.2112 0.00292387 16.7213 
0.0966101 0.0221449 16.1132 
0.418036 0.612641 19.3658 
0.0548591 0.448486 19.6022 
0.463154 0.962986 16.2946 
0.142384 0.934307 19.8798 
0.524347 0.918425 12.0178 
0.781986 0.177819 18.9326 
0.205878 0.944114 15.6138 
0.016089 0.881168 16.3166 
0.503948 0.820667 18.2136 
0.961068 0.114088 20.4315 
0.587002 0.376979 21.1123 
0.0865716 0.537916 20.9998 
0.853462 0.462875 19.7381 
0.677915 0.165388 18.157 
0.00232009 0.0970733 21.013 
0.914685 0.323042 23.1879 
0.0266801 0.194174 20.7499 
0.611163 0.76377 17.3203 
0.131359 0.126925 20.0335 
0.548041 0.286946 17.2784 
0.124469 0.204046 14.0971 
0.586041 0.829801 11.345264 
0.529964 0.802379 10.300417 
0.527544 0.690939 11.217318 
0.439503 0.802208 10.380184 
0.443460 0.767247 10.722052 
0.246674 0.186573 14.055120 
0.136779 0.179691 14.546334 
0.185235 0.084422 15.173565 
0.196088 0.204017 14.960600 
0.280824 0.209008 14.805695 
0.197632 0.040775 18.292472 
0.189735 0.026880 17.060233 
0.154197 0.016654 15.530277 
