0.417427 0.771806 20.2546 
0.0568879 0.0562455 18.092 
0.400782 0.535667 21.0935 
0.0689023 0.510759 19.4255 
0.543802 0.620827 15.9057 
0.816143 0.235772 13.5189 
0.461413 0.928316 17.5813 
0.0889485 0.229346 21.4282 
0.282338 0.499633 12.6324 
0.91351 0.0208182 18.3783 
0.219261 0.190095 18.4857 
0.684655 0.855093 16.6718 
0.637967 0.486349 18.3694 
0.743736 0.913126 18.7429 
0.671784 0.802633 18.0357 
0.143378 0.876879 14.564 
0.813057 0.578284 16.6203 
0.457587 0.146787 21.4058 
0.123345 0.340624 15.3769 
0.407863 0.603278 19.66 
0.771402 0.121284 18.7814 
0.164152 0.254391 26.585 
0.427231 0.725188 19.3626 
0.747766 0.155492 15.048 
0.443588 0.300556 19.0597 
0.50169 0.418506 17.7041 
0.604228 0.0045583 22.3963 
0.150784 0.791153 16.5349 
0.694487 0.0250756 23.2919 
0.320215 0.870283 17.8307 
0.829363 0.215647 21.9504 
0.927581 0.885557 16.3466 
0.387761 0.351594 16.3625 
0.595923 0.132405 18.1554 
0.0966109 0.650503 24.5146 
0.526976 0.411344 15.4588 
0.890203 0.662761 19.7426 
0.732599 0.44845 19.6307 
0.288291 0.960893 14.6427 
0.0020852 0.169054 19.2392 
0.234947 0.554913 19.5217 
0.873648 0.0755517 20.1712 
0.960552 0.178576 20.958 
0.802493 0.331832 17.6214 
0.478631 0.764922 10.5782 
0.326902 0.678912 17.0137 
0.618051 0.357098 25.8629 
0.989759 0.270931 20.3738 
0.663888 0.670447 12.1452 
0.350396 0.991747 15.6073 
0.0388298 0.526886 14.3965 
0.982028 0.48248 24.6564 
0.37098 0.823841 17.1969 
0.644796 0.981892 12.4278 
0.273809 0.589454 19.8183 
0.864657 0.542197 20.0191 
0.0334814 0.378183 16.2413 
0.788959 0.614758 21.2701 
0.0739349 0.250304 18.6563 
0.017341 0.101715 18.1885 
0.973436 0.639443 15.7019 
0.357114 0.20379 18.0448 
0.627454 0.394977 20.7841 
0.536717 0.810614 19.8785 
0.566898 0.899218 13.9294 
0.760617 0.840879 19.3512 
0.308329 0.710749 14.0031 
0.243318 0.690078 23.0037 
0.846185 0.721154 21.0449 
0.70377 0.0854388 13.8267 
0.201862 0.463561 17.5161 
0.342311 0.44141 28.0707 
0.484618 0.747991 16.4176 
0.852661 0.969092 13.8336 
0.899041 0.741343 10.5141 
0.713787 0.428943 14.5026 
0.182276 0.564411 14.7354 
0.213086 0.298152 24.1963 
0.585318 0.0419451 24.423 
0.185525 0.832606 21.0413 
0.127785 0.110231 13.1792 
0.948056 0.931964 13.5139 
0.263903 0.383015 21.169 
0.562627 0.0595184 15.9158 
0.937499 0.310764 20.9487 
0.513746 0.951493 21.6832 
0.112301 0.283249 17.5668 
0.616688 0.033155 20.423327 
0.714790 0.014022 20.336712 
0.540885 0.000019 17.400587 
0.628693 0.008244 20.838093 
0.604240 0.000090 21.065112 
0.105408 0.055352 17.290156 
0.139616 0.036267 16.495418 
0.104090 0.077930 17.901697 
0.024719 0.016809 16.681245 
0.079633 0.056766 15.695008 
0.128291 0.263956 13.085112 
0.156610 0.210461 13.859498 
0.199803 0.195597 13.799567 
