0.533138 0.86091 13.5605 
0.292207 0.281919 22.7741 
0.836378 0.117115 14.3394 
0.171684 0.406468 17.2237 
0.962073 0.614664 17.5184 
0.29908 0.0714847 16.1117 
0.906231 0.323231 15.9788 
0.480672 0.47066 17.2829 
0.524842 0.0247747 26.4723 
0.97321 0.986643 23.508 
0.799539 0.348079 12.4167 
0.515068 0.656726 23.543 
0.38162 0.273877 20.3318 
0.548702 0.653195 17.2961 
0.581597 0.883709 15.8531 
0.36122 0.500494 17.619 
0.133638 0.150931 14.6228 
0.0171035 0.96197 20.9312 
0.859535 0.038943 13.2196 
0.865538 0.835991 15.2409 
0.614858 0.29855 23.2018 
0.621423 0.566973 19.5378 
0.0742638 0.382204 18.9522 
0.18715 0.696894 24.785 
0.0983979 0.63032 19.3688 
0.765743 0.998632 14.4497 
0.753413 0.710894 17.9311 
0.422714 0.725928 17.862 
0.151542 0.752404 13.3994 
0.0643027 0.951092 16.1125 
0.431353 0.76063 17.8446 
0.683501 0.0117134 22.0994 
0.392742 0.912865 16.7177 
0.820623 0.0687688 19.727 
0.784743 0.110431 16.2765 
0.557914 0.870912 18.0249 
0.0437005 0.299093 16.3688 
0.639477 0.738556 19.0181 
0.00529467 0.688825 13.3941 
0.033016 0.516347 19.0525 
0.485703 0.189954 18.214 
0.443326 0.637746 23.7036 
0.732282 0.213126 17.5054 
0.4613 0.814938 18.398 
0.604274 0.229437 18.8652 
0.125705 0.455816 21.504 
0.876455 0.935749 21.0851 
0.220789 0.846947 18.1614 
0.339773 0.719148 23.0374 
0.321093 0.532572 16.2076 
0.322717 0.429516 24.1885 
0.0501759 0.200435 17.5514 
0.0905409 0.66708 16.2504 
0.910214 0.475861 13.2663 
0.263949 0.817374 15.2946 
0.249617 0.172147 21.3833 
0.945325 0.561976 15.7685 
0.179387 0.0809099 17.2508 
0.706262 0.149048 19.1242 
0.697376 0.0570404 22.443 
0.454126 0.579537 21.3637 
0.282915 0.523716 16.5353 
0.148586 0.356697 20.0898 
0.667776 0.130176 12.1079 
0.370499 0.788538 16.3995 
0.93092 0.930699 16.0935 
0.941799 0.314529 18.0549 
0.494939 0.335466 14.0642 
0.808154 0.2453 22.5771 
0.24124 0.179124 17.4619 
0.659112 0.445635 17.4331 
0.744819 0.588247 19.4134 
0.983147 0.974127 21.8729 
0.264581 0.100732 16.9484 
0.103917 0.41759 20.2613 
0.567407 0.239468 17.8099 
0.72174 0.0075253 19.5068 
0.413038 0.261564 15.2383 
0.6522 0.373055 21.7308 
0.888756 0.79881 14.1426 
0.771173 0.484488 15.8189 
0.348932 0.892469 18.3175 
0.201579 0.900721 13.1974 
0.840939 0.546038 20.117 
0.587021 0.401092 23.6328 
0.211339 0.60195 25.7154 
0.995906 0.774845 16.4034 
0.521827 0.715065 11.683703 
0.689398 0.384880 11.142943 
0.670851 0.426578 11.262533 
0.714467 0.175592 10.364814 
0.668351 0.301865 11.189323 
0.229746 0.252475 14.948332 
0.333221 0.239044 14.877271 
0.135232 0.166237 15.619156 
0.345085 0.335483 15.096225 
0.263600 0.200190 15.157538 
0.180447 0.080497 17.351869 
0.288795 0.099013 19.615126 
0.220027 0.091524 18.119307 
