0.435103 0.388475 21.787 
0.202844 0.468225 17.3536 
0.842902 0.618819 17.0332 
0.77478 0.00192894 21.3189 
0.187212 0.670782 17.7975 
0.140127 0.870069 18.1966 
0.463419 0.0606662 16.6254 
0.261157 0.433701 23.2481 
0.630307 0.804662 19.2396 
0.369435 0.328154 19.7157 
0.328358 0.216447 23.3688 
0.871334 0.760782 17.6039 
0.83475 0.519987 18.6361 
0.23715 0.536489 22.117 
0.0207784 0.851405 19.5379 
0.0461173 0.0966533 22.7665 
0.522092 0.0294944 20.6374 
0.335227 0.71164 16.9189 
0.132286 0.965738 12.5867 
0.168203 0.827593 12.5226 
0.387757 0.34798 18.4021 
0.0688517 0.548119 18.9259 
0.966436 0.985049 17.982 
0.412499 0.0401476 19.102 
0.5061 0.477699 17.1715 
0.228194 0.799337 11.09 
0.711581 0.822641 20.0784 
0.670673 0.776891 22.1861 
0.700617 0.362667 19.3799 
0.950946 0.720032 21.194 
0.882519 0.643946 14.5733 
0.807251 0.49203 18.2586 
0.529824 0.942636 16.2571 
0.686512 0.253648 18.783 
0.273819 0.627803 22.5005 
0.213031 0.730515 13.0568 
0.319545 0.0133114 17.3239 
0.926272 0.634011 17.6303 
0.755928 0.311912 17.8726 
0.178081 0.114826 24.6616 
0.657287 0.963073 11.1076 
0.399382 0.933037 19.4711 
0.726139 0.174473 23.6394 
0.633602 0.125216 18.8585 
0.554528 0.274568 16.2932 
0.349146 0.417322 15.5073 
0.746056 0.296422 16.8471 
0.594805 0.0483379 15.0881 
0.105603 0.225787 24.4952 
0.719409 0.127761 14.5009 
0.986924 0.149571 18.1174 
0.25141 0.790174 17.3391 
0.504468 0.915832 13.4735 
0.853762 0.848497 17.0632 
0.991375 0.589641 23.8922 
0.285989 0.239143 19.0099 
0.442179 0.688536 23.6052 
0.789896 0.445809 14.0034 
0.0334091 0.896566 15.111 
0.0446594 0.341066 19.4669 
0.885642 0.398529 22.7952 
0.965289 0.754232 14.901 
0.602833 0.896195 14.9984 
0.453947 0.600564 21.2255 
0.0832415 0.286153 21.4879 
0.489437 0.409602 18.9784 
0.932694 0.301321 17.2649 
0.152257 0.577676 18.9579 
0.101818 0.193054 20.1796 
0.479156 0.195781 18.2127 
0.911771 0.87431 14.3915 
0.303022 0.99091 15.4105 
0.54494 0.369038 16.7754 
0.00342583 0.076119 21.3435 
0.581913 0.658369 15.0723 
0.363732 0.552072 16.9769 
0.124226 0.457996 21.385 
0.769101 0.495756 16.5932 
0.906075 0.690921 18.7674 
0.56996 0.92811 15.3876 
0.800582 0.138492 19.6073 
0.617449 0.251398 15.3625 
0.0701323 0.0827442 16.8802 
0.296154 0.736315 21.5374 
0.654409 0.168655 17.1148 
0.423065 0.563439 20.7271 
0.817132 0.515383 16.0112 
0.428755 0.829198 10.781253 
0.308286 0.865628 10.945802 
0.457034 0.813158 11.045276 
0.370536 0.888791 10.892481 
0.376665 0.889728 11.642719 
0.122914 0.736312 15.062647 
0.186039 0.827568 13.412688 
0.211485 0.689964 15.786341 
0.161626 0.799799 12.770299 
0.167539 0.793637 14.513521 
0.015662 0.096650 21.384910 
0.026282 0.100423 20.949770 
0.069457 0.194498 22.303200 
