0.448335 0.80917 16.3165 
0.798163 0.127638 14.5093 
0.657363 0.951427 17.7754 
0.609788 0.989596 20.7377 
0.760852 0.256203 22.3518 
0.421294 0.339278 21.1303 
0.734436 0.286752 23.8864 
0.981866 0.786578 17.901 
0.239734 0.174703 14.6408 
0.011135 0.648091 17.1271 
0.322619 0.905983 15.5548 
0.299607 0.583507 20.7922 
0.406803 0.354262 25.7134 
0.349223 0.504643 20.4447 
0.648386 0.470646 16.1804 
0.573632 0.146748 20.9374 
0.0221525 0.535713 15.9825 
0.473874 0.405224 21.3583 
0.522483 0.571801 18.598 
0.812749 0.609711 17.0904 
0.337333 0.419337 19.6293 
0.544686 0.451268 20.915 
0.372584 0.982748 13.0554 
0.90084 0.696034 15.8371 
0.084492 0.0233857 14.7062 
0.383525 0.161203 22.7093 
0.877472 0.60033 18.9333 
0.786369 0.911648 21.6069 
0.774991 0.379631 22.8664 
0.677182 0.82093 9.48898 
0.859524 0.189483 21.4696 
0.391359 0.205791 15.5664 
0.991462 0.151589 24.3022 
0.0402184 0.777 17.1215 
0.105356 0.0513813 15.662 
0.188862 0.211966 12.4197 
0.0955309 0.556175 22.0472 
0.289 0.894486 21.6504 
0.253979 0.866542 19.3247 
0.709362 0.586722 18.0232 
0.177275 0.00313444 14.2785 
0.829489 0.794314 15.285 
0.363734 0.921324 19.265 
0.748362 0.0699426 17.1698 
0.312138 0.441705 16.3098 
0.055655 0.310929 17.2815 
0.604755 0.636313 21.8111 
0.621935 0.478268 18.2739 
0.696453 0.103461 17.3885 
0.252316 0.934028 19.5863 
0.281538 0.487949 16.8833 
0.126519 0.0436567 17.6895 
0.0248412 0.527969 20.2666 
0.49665 0.436127 23.8444 
0.969909 0.658157 11.3244 
0.160381 0.270878 21.2637 
0.680205 0.624959 20.8321 
0.949465 0.239158 15.6894 
0.532775 0.73124 17.929 
0.148215 0.843821 15.0619 
0.273089 0.229095 16.5109 
0.060935 0.764785 15.0614 
0.574964 0.310277 14.9981 
0.923178 0.244925 18.0967 
0.484516 0.954097 22.4739 
0.867977 0.0991486 13.6482 
0.839716 0.358671 13.7532 
0.554688 0.0682839 17.6568 
0.73588 0.754041 21.8212 
0.93519 0.0138875 20.4107 
0.514106 0.288637 20.2724 
0.437618 0.329417 22.0367 
0.825216 0.509441 16.8316 
0.594265 0.679852 17.2119 
0.46669 0.121949 21.2921 
0.171854 0.0905626 19.8747 
0.206318 0.676177 16.0448 
0.914753 0.400004 17.4183 
0.885746 0.965907 11.2683 
0.0724599 0.37687 22.7723 
0.72059 0.738415 14.1094 
0.963327 0.705694 17.9575 
0.634995 0.546682 23.2525 
0.22323 0.87731 17.3747 
0.211958 0.832903 18.716 
0.429364 0.718151 18.4288 
0.125368 0.86031 17.9495 
0.798874 0.767788 9.282580 
0.750521 0.751117 9.604180 
0.697783 0.820927 9.730782 
0.862026 0.727063 9.379754 
0.797657 0.728824 9.833219 
0.849208 0.613279 10.541926 
0.799394 0.444907 9.890349 
0.783936 0.480380 9.695175 
0.722700 0.445529 9.795315 
0.763032 0.459307 10.842307 
0.184356 0.025616 14.408223 
0.753982 0.109580 16.133160 
0.331524 0.085503 13.668226 
