0.411246 0.178127 16.5838 
0.899438 0.632771 17.9077 
0.452515 0.970774 19.2868 
0.0195895 0.361195 21.5477 
0.887905 0.272146 16.8132 
0.875487 0.618562 17.579 
0.439626 0.0991528 15.5344 
0.923127 0.0481274 14.4278 
0.119266 0.417229 20.0619 
0.292969 0.143496 19.2466 
0.871679 0.224012 18.0422 
0.916307 0.47921 19.1259 
0.114343 0.191522 21.4697 
0.351865 0.70133 18.514 
0.0835454 0.81158 17.0511 
0.794699 0.564415 20.5413 
0.341657 0.0914451 20.0727 
0.834199 0.515909 12.7841 
0.300521 0.910583 15.717 
0.280466 0.766004 19.2999 
0.365694 0.965421 17.804 
0.0534433 0.245052 17.7925 
0.690689 0.725159 20.4345 
0.738169 0.979244 17.548 
0.0292198 0.457971 20.739 
0.00261445 0.866528 21.1938 
0.0613178 0.50252 16.2838 
0.731378 0.579605 17.5005 
0.645476 0.942805 16.4985 
0.582081 0.663837 18.1248 
0.426169 0.739688 12.1714 
0.311735 0.131116 15.672 
0.848268 0.751757 17.2966 
0.0981702 0.339605 24.3847 
0.238494 0.891233 14.4915 
0.591434 0.305708 15.3927 
0.0451451 0.563073 22.3218 
0.49863 0.700155 18.4522 
0.2661 0.780716 18.6662 
0.669327 0.522617 14.2862 
0.712462 0.803059 21.913 
0.217626 0.00585468 24.2545 
0.940768 0.833885 11.0254 
0.327544 0.288998 20.4909 
0.466463 0.608116 20.9168 
0.378607 0.7852 17.8346 
0.510726 0.621988 21.2145 
0.517597 0.331564 19.0212 
0.224628 0.283423 20.1832 
0.786079 0.118615 17.0235 
0.159483 0.590539 20.5444 
0.258757 0.35074 16.142 
0.611123 0.203448 18.0883 
0.0795824 0.919556 21.5914 
0.54338 0.546125 24.092 
0.189602 0.443716 17.6737 
0.380414 0.989834 18.7596 
0.974926 0.874306 19.9722 
0.760592 0.0308396 19.3223 
0.532884 0.528843 16.0087 
0.137085 0.427179 19.4331 
0.714887 0.263788 16.2793 
0.252482 0.389268 15.3948 
0.181232 0.491092 20.366 
0.395588 0.678391 19.8508 
0.776975 0.151918 15.0993 
0.626283 0.858726 14.6002 
0.637257 0.648696 22.0613 
0.477698 0.841048 19.8243 
0.565542 0.714928 14.9914 
0.811236 0.230156 10.6686 
0.983214 0.216785 16.5255 
0.138694 0.826722 17.1334 
0.196537 0.0644414 18.647 
0.752148 0.377471 19.7842 
0.608365 0.907208 19.1723 
0.860972 0.320924 22.9851 
0.826327 0.67782 16.5579 
0.558026 0.39834 22.2391 
0.685468 0.471052 14.9788 
0.168481 0.0406133 21.1493 
0.995719 0.105976 21.4868 
0.416239 0.073246 19.1861 
0.484034 0.940702 11.0424 
0.66112 0.018334 22.9294 
0.955012 0.403903 17.7004 
0.945821 0.170006 16.0055 
0.797674 0.460419 11.060993 
0.789386 0.262011 10.574334 
0.811385 0.562637 10.135336 
0.733544 0.769968 9.974936 
0.829912 0.741343 9.473393 
0.811323 0.391305 9.898149 
0.817692 0.354085 10.492582 
0.815840 0.248175 9.404456 
0.824830 0.333780 10.015669 
0.815002 0.227739 9.159418 
0.672019 0.013914 15.094694 
0.787255 0.147859 13.595870 
0.763970 0.051084 10.952200 
