0.508412 0.440214 18.9429 
0.696888 0.622505 19.3956 
0.982039 0.17971 18.3279 
0.528246 0.485804 18.8137 
0.0473829 0.682974 14.853 
0.845392 0.24403 14.226 
0.0877352 0.254106 18.4409 
0.19633 0.659722 21.8825 
0.921583 0.20905 16.3615 
0.360976 0.469594 19.234 
0.831253 0.951782 19.7519 
0.212024 0.864965 18.2966 
0.437564 0.748697 19.7964 
0.390146 0.0348787 23.6922 
0.0764075 0.733228 18.5416 
0.859409 0.132405 16.9661 
0.665401 0.37684 25.2418 
0.721069 0.799812 16.9148 
0.471077 0.0999654 19.7728 
0.567805 0.763081 12.4482 
0.0249172 0.125528 20.8114 
0.72512 0.560357 15.5848 
0.913524 0.198205 17.6254 
0.976174 0.283582 18.501 
0.135537 0.320485 16.0097 
0.424695 0.957383 22.3465 
0.338434 0.429261 24.3028 
0.871989 0.606023 14.5428 
0.535091 0.306182 14.629 
0.0657634 0.817392 13.6517 
0.63782 0.241087 16.1284 
0.142639 0.649646 16.8857 
0.111032 0.576587 18.8714 
0.964581 0.337893 17.1596 
0.315385 0.9243 18.8837 
0.591767 0.361561 17.0942 
0.549442 0.381144 24.421 
0.220269 0.668238 18.8002 
0.00680217 0.26896 14.7571 
0.936364 0.402019 22.0433 
0.895268 0.740173 19.9607 
0.952025 0.104509 24.773 
0.0377534 0.332311 15.011 
0.247183 0.0625838 24.4776 
0.785533 0.0460586 18.682 
0.43226 0.167413 24.1275 
0.876617 0.703772 14.3134 
0.771064 0.53218 17.0696 
0.16509 0.547472 21.3678 
0.798433 0.569358 15.3314 
0.237218 0.885318 16.181 
0.809566 0.0805578 26.2961 
0.905882 0.593431 20.5537 
0.768425 0.788944 14.1291 
0.176269 0.845123 18.1354 
0.459706 0.0803755 18.4101 
0.827395 0.780475 17.6934 
0.607057 0.639959 13.4899 
0.676136 0.35168 14.2375 
0.157215 0.150222 11.8065 
0.117774 0.1852 24.4738 
0.254937 0.00512255 20.0266 
0.623187 0.511428 19.0733 
0.745847 0.71996 15.2223 
0.615426 0.138269 19.2458 
0.701903 0.976594 17.1225 
0.0228387 0.224831 26.497 
0.297588 0.478217 20.9449 
0.472261 0.942356 13.753 
0.353801 0.700164 17.2308 
0.392659 0.615871 16.2106 
0.286808 0.809779 19.098 
0.299652 0.419344 13.5917 
0.688969 0.0338234 18.0407 
0.370842 0.496246 14.3347 
0.749282 0.983807 17.9196 
0.189834 0.449178 22.5457 
0.989249 0.898898 13.3926 
0.495892 0.405147 20.5454 
0.649352 0.908728 16.7195 
0.406934 0.0192358 23.3885 
0.331616 0.294763 17.2356 
0.579615 0.861877 17.9238 
0.554502 0.838225 15.3541 
0.26578 0.518689 18.6117 
0.492531 0.991522 20.4081 
0.102314 0.884429 10.8139 
0.299201 0.817406 9.980345 
0.183397 0.791875 10.221437 
0.157002 0.679422 10.536979 
0.342204 0.756319 10.427004 
0.353645 0.696739 10.916881 
0.255461 0.467914 11.428940 
0.231432 0.561067 10.872726 
0.261680 0.669664 11.143710 
0.153174 0.607475 10.679857 
0.423142 0.595545 11.077361 
0.637866 0.154772 16.017040 
0.238512 0.165141 14.584766 
0.352192 0.085203 14.295690 
