0.538451 0.255736 19.1002 
0.146251 0.869939 15.3655 
0.739899 0.688301 16.5413 
0.00866869 0.444606 19.3494 
0.9834 0.893235 23.452 
0.932784 0.620368 15.9042 
0.615917 0.0138362 19.9939 
0.778143 0.206455 15.2544 
0.381523 0.317204 16.5207 
0.0549901 0.949128 21.4258 
0.447899 0.29355 16.8617 
0.759606 0.829481 17.4226 
0.966984 0.220752 15.5551 
0.825951 0.93949 15.2496 
0.636827 0.534715 16.1652 
0.592762 0.5802 21.093 
0.340054 0.567085 22.9806 
0.574291 0.76441 24.943 
0.237027 0.824131 19.1559 
0.725825 0.129414 24.5053 
0.356286 0.166904 14.1034 
0.462085 0.325291 11.1262 
0.873718 0.736241 15.0217 
0.104471 0.789782 15.4604 
0.964801 0.1013 21.4236 
0.406112 0.897571 22.1012 
0.64684 0.0796809 18.1628 
0.547472 0.64413 15.23 
0.49475 0.628839 17.4537 
0.815492 0.704495 12.0236 
0.256777 0.373953 23.553 
0.371573 0.602747 14.9779 
0.435216 0.277403 20.0254 
0.0860579 0.3677 18.377 
0.521107 0.659483 13.0447 
0.188359 0.249414 13.9251 
0.802215 0.636109 15.5627 
0.915109 0.115401 17.908 
0.852967 0.0558769 19.3333 
0.0441938 0.230925 14.6505 
0.694022 0.525148 25.2608 
0.872787 0.9144 14.8884 
0.362022 0.553827 17.0548 
0.580464 0.692221 18.3575 
0.930653 0.141375 19.1899 
0.901678 0.0455265 18.2168 
0.399596 0.854049 14.6735 
0.485935 0.810266 14.3906 
0.31137 0.474849 15.3666 
0.555268 0.546865 13.7182 
0.507181 0.48955 22.3312 
0.758127 0.17772 20.0302 
0.423985 0.334169 21.0426 
0.202874 0.353098 22.3231 
0.891622 0.00908322 16.66 
0.0179412 0.80031 18.9142 
0.125914 0.588745 22.8075 
0.666411 0.0643476 26.6581 
0.326397 0.387414 21.6471 
0.98964 0.0314614 17.5864 
0.783781 0.391745 18.2549 
0.948481 0.408546 19.5334 
0.161765 0.959993 20.0523 
0.630489 0.669468 18.1337 
0.0699207 0.980142 20.0855 
0.0574736 0.434493 17.981 
0.160147 0.159945 14.7805 
0.274093 0.0868401 15.1702 
0.101352 0.30995 13.7661 
0.0239997 0.271649 21.5358 
0.847293 0.186284 9.73628 
0.307007 0.716007 24.6828 
0.702115 0.973233 15.7748 
0.135674 0.455923 18.89 
0.689352 0.879349 17.5165 
0.290703 0.208404 19.6209 
0.719647 0.752296 17.9198 
0.835838 0.775203 20.9352 
0.455689 0.923164 20.8097 
0.286769 0.99662 20.0023 
0.248278 0.414648 16.8157 
0.172742 0.494999 18.0104 
0.602082 0.516887 20.1756 
0.218804 0.848512 17.8606 
0.475549 0.727573 17.1022 
0.674845 0.111408 18.9476 
0.209091 0.464245 25.6507 
0.001383 0.536725 18.670140 
0.037229 0.615728 18.529937 
0.000010 0.434080 20.746307 
0.009798 0.427867 17.538076 
0.086001 0.440298 17.266977 
0.056440 0.312167 15.589174 
0.113001 0.271875 14.745988 
0.095665 0.256150 13.977382 
0.111421 0.273278 14.754711 
0.036963 0.225049 15.043589 
0.162671 0.312784 13.739721 
0.156965 0.301681 13.510794 
0.146757 0.507922 16.759666 
