0.556995 0.0712575 15.4168 
0.595614 0.105878 20.1992 
0.100744 0.926263 10.575 
0.137798 0.884041 17.4384 
0.919418 0.0805084 12.5245 
0.0431648 0.985212 12.9686 
0.535992 0.942021 18.4996 
0.182732 0.00517784 13.0382 
0.121392 0.199468 17.6345 
0.847735 0.167339 18.7244 
0.328391 0.788528 18.6804 
0.677236 0.851759 16.4168 
0.771986 0.822607 19.2747 
0.997794 0.0134758 24.4059 
0.607404 0.227481 17.9515 
0.171243 0.586211 16.8649 
0.138951 0.955468 22.0756 
0.434945 0.571259 22.2066 
0.232805 0.321956 19.8811 
0.748774 0.775582 15.7472 
0.0667353 0.997978 24.7298 
0.619009 0.319892 15.6429 
0.285881 0.654685 17.8249 
0.547566 0.897549 22.1664 
0.939284 0.297167 12.4665 
0.342374 0.280498 20.7658 
0.157554 0.455254 20.5421 
0.253994 0.699844 18.3373 
0.0210991 0.24179 22.573 
0.712168 0.095485 20.7611 
0.487347 0.969961 18.7876 
0.11099 0.05372 17.7382 
0.43853 0.195114 16.3471 
0.890214 0.612411 16.1484 
0.622436 0.256775 24.516 
0.415304 0.908947 20.9059 
0.2181 0.443282 16.4794 
0.951189 0.847107 17.1806 
0.81573 0.410621 20.7293 
0.85393 0.559545 15.0942 
0.787402 0.574715 14.7976 
0.0255719 0.832859 20.2287 
0.0468918 0.607364 17.2567 
0.29953 0.814001 15.9144 
0.243109 0.659974 14.6642 
0.652575 0.532512 19.2387 
0.573806 0.496462 21.7493 
0.204807 0.042241 19.1334 
0.877724 0.735711 12.5673 
0.682243 0.399993 16.7081 
0.368025 0.350008 21.6113 
0.972217 0.373717 16.016 
0.222735 0.549307 16.2208 
0.358251 0.471018 19.9174 
0.528342 0.702885 22.6907 
0.579561 0.750345 20.1968 
0.501361 0.0252379 19.7281 
0.659044 0.238852 17.3253 
0.833227 0.628886 14.0535 
0.731902 0.117414 22.0478 
0.0764583 0.431048 22.5559 
0.451763 0.87233 18.8915 
0.803707 0.212748 19.2495 
0.824754 0.344158 23.2437 
0.4809 0.488014 17.2188 
0.866934 0.415769 17.8242 
0.34618 0.137966 18.9824 
0.510285 0.887552 15.9629 
0.271326 0.274945 20.7343 
0.00887343 0.52024 20.7019 
0.925652 0.480152 20.9645 
0.746677 0.765277 17.7334 
0.637661 0.172903 19.2466 
0.403142 0.16048 20.7925 
0.0916471 0.299772 21.7697 
0.898274 0.733964 16.0654 
0.293433 0.130816 16.9212 
0.986835 0.634166 14.8121 
0.399746 0.68724 20.0189 
0.719364 0.0583687 16.3707 
0.386673 0.385835 16.3036 
0.186531 0.678125 21.8968 
0.462347 0.362926 24.1595 
0.955978 0.715366 15.5243 
0.767117 0.79343 14.0856 
0.700939 0.51259 12.0355 
0.320181 0.942932 14.724 
0.183066 0.705744 10.745591 
0.396362 0.818444 10.433471 
0.702917 0.656220 10.908527 
0.361418 0.811996 9.907894 
0.318282 0.798247 9.851917 
0.231673 0.482475 11.535681 
0.183051 0.634167 12.048844 
0.820321 0.552461 11.717358 
0.605678 0.581178 11.553287 
0.754167 0.533029 10.930146 
0.430065 0.093908 16.417307 
0.209383 0.054726 15.974751 
0.422156 0.032812 14.254481 
