0.489867 0.624692 18.1807 
0.247526 0.375072 16.1158 
0.576916 0.479529 19.0175 
0.2813 0.29818 20.007 
0.12286 0.484207 18.5947 
0.758 0.879187 16.8342 
0.679078 0.191949 13.9095 
0.541302 0.686227 23.0349 
0.0250821 0.238029 21.0841 
0.928311 0.00875219 19.9209 
0.315088 0.863911 22.5344 
0.422854 0.930903 18.1831 
0.498098 0.968475 22.3508 
0.517113 0.634266 14.2843 
0.345475 0.0137833 18.5849 
0.95579 0.29975 18.7887 
0.199965 0.246051 16.7118 
0.411196 0.902328 14.5342 
0.0379701 0.963411 17.6979 
0.159063 0.820206 14.9637 
0.373731 0.909592 13.8755 
0.947811 0.944687 15.8852 
0.847064 0.328742 26.6199 
0.329354 0.571412 24.0689 
0.00565748 0.421316 17.0632 
0.144857 0.589952 23.4096 
0.532599 0.462614 19.6127 
0.799576 0.139486 11.5546 
0.478583 0.0865178 18.7928 
0.761015 0.056224 16.2403 
0.612549 0.0967276 16.8629 
0.359595 0.730958 17.9553 
0.188607 0.182129 15.0096 
0.29118 0.828431 16.0993 
0.733577 0.265966 23.1561 
0.136448 0.547141 11.7992 
0.0937239 0.169061 18.698 
0.387033 0.128625 15.4748 
0.837678 0.707692 18.3729 
0.774942 0.390951 16.6896 
0.0834669 0.722547 16.0544 
0.27092 0.0711812 19.5263 
0.713485 0.520312 12.6666 
0.936434 0.0380832 21.2964 
0.694003 0.931739 13.1479 
0.0169033 0.196851 21.1942 
0.528415 0.60105 16.8531 
0.0748259 0.225018 21.4211 
0.061662 0.783685 17.0637 
0.973142 0.285238 21.323 
0.987322 0.777827 16.3109 
0.229785 0.318788 16.1921 
0.589142 0.0240064 15.9689 
0.605731 0.654051 17.5644 
0.668744 0.617103 14.9102 
0.25508 0.439158 19.6367 
0.852224 0.158657 19.879 
0.70313 0.693496 19.7524 
0.88924 0.891841 16.8136 
0.902841 0.841083 19.748 
0.433271 0.348412 20.7336 
0.211909 0.991466 21.0176 
0.39945 0.584527 21.3303 
0.651657 0.259297 13.008 
0.111424 0.859703 18.2033 
0.641906 0.666261 17.3619 
0.621849 0.756164 11.3437 
0.441998 0.0615331 22.9245 
0.555122 0.534563 23.1116 
0.869475 0.795145 10.6761 
0.339334 0.810796 19.6998 
0.0554985 0.458015 21.8643 
0.912836 0.383649 21.1996 
0.305381 0.426697 17.301 
0.739233 0.514278 20.8066 
0.170747 0.359461 19.3148 
0.991905 0.7386 22.7185 
0.658155 0.55703 20.6595 
0.563257 0.207294 18.8854 
0.877323 0.111218 21.8322 
0.469989 0.412439 22.9233 
0.78873 0.986635 13.7593 
0.181701 0.497297 23.8168 
0.450553 0.337747 20.5228 
0.820566 0.767949 15.1309 
0.234119 0.670074 18.4486 
0.810231 0.123559 12.9672 
0.025430 0.515423 18.937361 
0.046916 0.420231 19.108626 
0.008395 0.486466 20.440547 
0.059388 0.526319 19.145172 
0.032959 0.487161 18.344406 
0.066014 0.225207 17.546052 
0.095148 0.213206 19.148532 
0.016889 0.200366 19.352404 
0.074847 0.195717 19.046868 
0.136454 0.239714 19.717141 
0.155943 0.473971 14.564657 
0.117622 0.624198 14.039556 
0.197878 0.669318 16.373970 
