0.563176 0.676431 19.3894 
0.74157 0.529352 18.9864 
0.542865 0.00941459 18.9498 
0.843676 0.42078 21.3346 
0.11369 0.135831 25.1891 
0.0391084 0.625703 13.5306 
0.664987 0.0256898 23.1505 
0.356618 0.939868 14.5703 
0.690947 0.615319 16.2627 
0.647009 0.0697513 18.331 
0.950129 0.283023 23.7003 
0.126069 0.868188 20.8801 
0.9247 0.472916 13.1376 
0.878472 0.705098 17.861 
0.427401 0.930692 23.7091 
0.994048 0.495123 20.7615 
0.617159 0.175801 24.567 
0.00351947 0.187351 25.5474 
0.451285 0.72599 20.9884 
0.231197 0.752593 23.2484 
0.670137 0.742508 13.4221 
0.892211 0.0950234 16.0152 
0.0279226 0.696342 20.2616 
0.492862 0.642675 21.295 
0.511251 0.680652 13.0939 
0.403416 0.109391 13.9482 
0.820395 0.657751 15.7269 
0.723947 0.328288 16.9535 
0.705442 0.563115 14.4787 
0.416623 0.145162 15.6053 
0.597241 0.365948 22.938 
0.909067 0.592802 14.3391 
0.763235 0.163423 16.512 
0.311492 0.544768 18.0818 
0.288792 0.257324 19.4321 
0.603828 0.82225 16.6001 
0.0498734 0.349548 12.849 
0.732836 0.12072 14.2291 
0.149246 0.782644 15.6817 
0.470319 0.956075 20.1408 
0.800362 0.224292 15.3609 
0.834548 0.445887 13.1782 
0.519663 0.874364 21.1858 
0.905547 0.567784 13.0601 
0.566639 0.342926 14.5921 
0.157324 0.265374 23.146 
0.627851 0.0143196 21.1602 
0.198093 0.29643 16.0215 
0.370044 0.858104 15.6174 
0.267529 0.582776 19.2233 
0.779809 0.90839 16.0799 
0.243453 0.377884 18.53 
0.533841 0.0613984 26.6006 
0.642522 0.951345 15.5147 
0.332613 0.204414 21.5584 
0.39977 0.776103 17.0068 
0.186993 0.718777 19.0834 
0.788221 0.0858074 21.6375 
0.38773 0.899849 22.2812 
0.867816 0.461637 15.4836 
0.307395 0.886526 14.5745 
0.935125 0.398594 15.8202 
0.349961 0.842603 19.337 
0.222008 0.411181 19.3293 
0.444097 0.312731 20.2901 
0.581243 0.97365 14.9939 
0.0972656 0.607702 14.9215 
0.258857 0.380009 20.2939 
0.128371 0.237549 19.7956 
0.959347 0.99131 21.1417 
0.0877775 0.0532591 15.831 
0.278377 0.509245 24.225 
0.805405 0.429751 10.8266 
0.988011 0.309205 18.0812 
0.0183498 0.526098 19.1287 
0.749768 0.837908 10.5209 
0.207666 0.651468 19.7226 
0.0576408 0.44925 19.0594 
0.856087 0.80954 14.8128 
0.175052 0.0441808 10.5254 
0.499059 0.981668 20.3565 
0.680032 0.492576 23.3148 
0.476768 0.213364 21.6785 
0.338892 0.251062 22.7169 
0.079702 0.798095 20.8218 
0.172118 0.158601 19.0046 
0.973032 0.759564 17.2048 
0.556286 0.053167 19.587790 
0.654537 0.028070 22.413478 
0.542403 0.000031 17.206580 
0.613282 0.000039 18.323383 
0.542839 0.044758 19.009651 
0.162135 0.044530 16.723404 
0.177156 0.053761 15.279620 
0.107561 0.085901 16.700992 
0.205950 0.000167 13.831741 
0.086322 0.053171 14.607768 
0.172110 0.156950 10.997016 
0.169579 0.094237 11.971010 
0.088303 0.061445 10.767925 
