0.472192 0.0195182 22.8619 
0.10157 0.963092 18.4997 
0.564593 0.106237 19.6101 
0.0445326 0.98343 18.2534 
0.144187 0.751284 19.6486 
0.380211 0.42807 25.111 
0.364198 0.894048 16.6356 
0.683926 0.33259 19.132 
0.975254 0.221002 17.9186 
0.734577 0.733108 18.2962 
0.847984 0.995138 15.5158 
0.39706 0.272104 21.8416 
0.338472 0.400511 13.1147 
0.924387 0.184224 16.2378 
0.9862 0.0693498 13.6906 
0.902278 0.855401 15.6513 
0.428 0.760082 19.9535 
0.256661 0.923075 18.2063 
0.183705 0.637736 14.2826 
0.676106 0.288356 17.0825 
0.447198 0.142319 18.7208 
0.5341 0.813026 17.1459 
0.06633 0.312254 17.3818 
0.748742 0.627485 19.9586 
0.951669 0.153667 14.6245 
0.0706986 0.48747 22.0588 
0.736371 0.867326 20.3045 
0.707901 0.619545 19.9814 
0.999048 0.848466 15.3489 
0.500284 0.908408 16.5223 
0.122677 0.344258 20.5254 
0.661904 0.482707 25.1227 
0.054864 0.547799 21.0683 
0.803042 0.29981 17.7664 
0.251705 0.497293 19.2737 
0.0192879 0.237373 18.6811 
0.761203 0.372835 20.2783 
0.353994 0.81991 16.6378 
0.933064 0.405083 15.8185 
0.615663 0.883014 19.7267 
0.105449 0.0307042 24.7259 
0.172287 0.951964 11.8441 
0.54538 0.898292 18.8333 
0.228403 0.668696 19.7192 
0.30946 0.255688 18.7816 
0.459564 0.284864 19.843 
0.779065 0.740998 15.2201 
0.877539 0.0105927 17.2777 
0.322631 0.572889 24.3374 
0.851646 0.716308 16.5789 
0.298594 0.575568 22.6987 
0.209703 0.934103 20.4023 
0.0833302 0.134696 19.2778 
0.513462 0.440025 18.9781 
0.807689 0.658949 15.8438 
0.485753 0.776895 15.589 
0.37356 0.0892233 19.2067 
0.318491 0.50593 14.8568 
0.230356 0.0534885 17.8151 
0.411178 0.163762 23.4786 
0.963754 0.562762 21.8327 
0.600984 0.0580705 14.0712 
0.0262471 0.78757 22.7624 
0.578372 0.24887 16.0546 
0.872962 0.682997 13.0406 
0.518728 0.607352 21.9314 
0.269948 0.181659 21.1067 
0.888969 0.593442 21.9708 
0.642783 0.976956 14.4666 
0.129727 0.699728 13.2797 
0.462176 0.124903 17.4974 
0.204928 0.533923 18.8023 
0.655128 0.35745 18.8456 
0.192268 0.35204 14.7708 
0.554166 0.0415476 15.8514 
0.916075 0.469391 21.4334 
0.819249 0.520057 17.1803 
0.791157 0.214936 14.3655 
0.155352 0.451601 17.5003 
0.00933341 0.418991 16.565 
0.417233 0.652941 19.5746 
0.700363 0.103079 19.5978 
0.835427 0.79376 15.3296 
0.722853 0.831004 17.7333 
0.592679 0.704565 18.1213 
0.28481 0.383903 14.5346 
0.620927 0.199767 18.3953 
0.282001 0.699703 10.879563 
0.310323 0.722799 11.066739 
0.415801 0.647253 11.345767 
0.326439 0.748774 10.830173 
0.328884 0.796132 10.712630 
0.136986 0.636119 14.990641 
0.123951 0.423249 16.940677 
0.172267 0.705064 13.488780 
0.172417 0.466830 13.487600 
0.020963 0.773478 11.839699 
0.015560 0.223591 20.417007 
0.101994 0.196489 20.388590 
0.066974 0.165254 21.507891 
