0.520775 0.650562 14.3855 
0.988801 0.457959 25.5545 
0.286284 0.605149 24.5671 
0.291296 0.953437 18.7839 
0.89664 0.404055 19.4682 
0.949144 0.277697 20.8775 
0.0471781 0.264976 20.63 
0.536502 0.778612 15.9036 
0.00182828 0.331695 20.1187 
0.0409874 0.156985 15.4362 
0.0610182 0.0723418 23.0111 
0.6991 0.499623 18.3762 
0.940264 0.239049 20.1513 
0.0176005 0.5542 17.1386 
0.338078 0.680562 17.7853 
0.103191 0.105977 18.9695 
0.148271 0.522867 15.0209 
0.349203 0.343782 19.7859 
0.985497 0.189732 14.8186 
0.216672 0.299536 19.1276 
0.706292 0.801788 17.7452 
0.250584 0.378149 13.2417 
0.966652 0.887782 12.6582 
0.775092 0.857798 15.8456 
0.870449 0.702037 11.4355 
0.220887 0.294738 22.6873 
0.88559 0.989319 14.5174 
0.468124 0.0228462 22.3762 
0.795185 0.849064 20.8773 
0.586191 0.804631 20.5465 
0.588522 0.121868 18.4868 
0.960718 0.730231 11.0975 
0.493709 0.414954 21.2531 
0.180995 0.669607 19.0064 
0.30272 0.627783 16.3944 
0.375189 0.513024 18.5438 
0.163425 0.248476 18.2836 
0.614469 0.618529 18.5472 
0.556288 0.393768 21.1939 
0.205248 0.166469 17.1677 
0.089004 0.444245 24.1549 
0.435815 0.582346 21.0771 
0.327045 0.425581 17.5665 
0.625205 0.0450233 19.6621 
0.113685 0.831462 15.6456 
0.394918 0.263529 15.809 
0.455256 0.656239 24.2633 
0.605909 0.47494 19.0666 
0.363098 0.316078 23.228 
0.543698 0.214237 18.1211 
0.266647 0.489326 16.4992 
0.85961 0.470824 18.6225 
0.883992 0.0101162 16.9148 
0.256518 0.182068 20.8033 
0.826247 0.930562 13.5463 
0.239227 0.36024 13.3659 
0.717745 0.981182 19.2539 
0.768307 0.700838 20.0716 
0.511336 0.223713 14.6027 
0.663781 0.536076 16.8283 
0.403763 0.569697 16.8576 
0.809607 0.875605 15.7316 
0.648093 0.0810464 23.7954 
0.41699 0.642198 22.8366 
0.676141 0.871439 14.039 
0.127443 0.90235 21.7232 
0.685621 0.821154 16.5057 
0.846866 0.142417 16.1855 
0.638601 0.766055 13.059 
0.152666 0.737869 18.3155 
0.917674 0.0542845 20.807 
0.0755209 0.0931107 15.3283 
0.496068 0.969979 21.8632 
0.75365 0.784312 8.26246 
0.189888 0.964157 15.6539 
0.745354 0.713294 22.7674 
0.315935 0.755116 21.3229 
0.924491 0.129726 18.6479 
0.782662 0.587361 21.9587 
0.830205 0.196908 13.1001 
0.730134 0.933613 18.6627 
0.118036 0.0260388 26.795 
0.47222 0.381829 15.5529 
0.568284 0.909713 18.7464 
0.0247786 0.544255 19.6963 
0.43735 0.0619056 16.8178 
0.385389 0.349751 14.4569 
0.753670 0.784109 10.105103 
0.708033 0.656762 10.329220 
0.585471 0.360305 11.321072 
0.648112 0.621621 11.467126 
0.618266 0.768901 10.198926 
0.133208 0.491048 16.585905 
0.112768 0.315217 16.688839 
0.127157 0.448539 14.258074 
0.174429 0.644155 15.853150 
0.018380 0.381495 14.930211 
0.054514 0.084553 20.785812 
0.000275 0.104435 17.538841 
0.033823 0.097349 20.294119 
