0.42979 0.993649 20.8249 
0.3488 0.880205 10.9554 
0.308012 0.690476 20.325 
0.492153 0.504593 12.5221 
0.830622 0.817137 19.1196 
0.960419 0.737371 16.7041 
0.166523 0.7783 19.3865 
0.109924 0.440271 17.8121 
0.89731 0.260699 20.5974 
0.65071 0.543364 16.8124 
0.842635 0.8572 23.2122 
0.0566574 0.0050757 21.2052 
0.248634 0.324562 15.6624 
0.129835 0.589733 24.2803 
0.755198 0.364407 12.9691 
0.78284 0.572537 20.0361 
0.393744 0.333635 17.7176 
0.803749 0.405295 19.1527 
0.0840405 0.797985 16.715 
0.627478 0.459769 19.8531 
0.265667 0.286891 22.687 
0.444504 0.216382 17.6501 
0.510769 0.602292 19.5129 
0.51991 0.474324 18.2955 
0.296303 0.250503 15.6245 
0.20078 0.133702 22.2162 
0.33275 0.0324422 20.1794 
0.368756 0.72792 22.9258 
0.0996447 0.382656 19.5534 
0.463464 0.655471 17.2899 
0.742383 0.515909 15.696 
0.604947 0.613316 17.5851 
0.47237 0.891315 16.3704 
0.496514 0.912174 20.5634 
0.0218492 0.166296 21.2508 
0.0605961 0.220476 19.0822 
0.662362 0.945465 21.0216 
0.95206 0.809974 20.5025 
0.147779 0.977613 21.0066 
0.453419 0.116766 21.9285 
0.0424852 0.320474 17.5428 
0.385248 0.434131 16.3263 
0.17936 0.96933 17.453 
0.919301 0.713876 14.9527 
0.866549 0.266222 18.3649 
0.207931 0.422739 18.1427 
0.154091 0.850478 19.0852 
0.896467 0.71173 15.3246 
0.0750406 0.0121309 18.4692 
0.620028 0.102068 18.8089 
0.77493 0.585075 15.1136 
0.850686 0.196836 19.6929 
0.769506 0.158926 15.3413 
0.636646 0.930565 15.1994 
0.699134 0.107308 20.3982 
0.873959 0.0506818 13.6113 
0.312141 0.837442 12.1689 
0.734208 0.0367678 22.3077 
0.974938 0.632411 10.6778 
0.566882 0.901446 15.1986 
0.593201 0.934293 18.2652 
0.810993 0.395521 24.2095 
0.0241435 0.0742486 19.9354 
0.671841 0.307573 15.3083 
0.545032 0.0619216 17.8624 
0.236193 0.769661 12.7371 
0.681741 0.86528 10.1287 
0.701226 0.35211 19.3692 
0.188649 0.963676 23.8651 
0.126034 0.0918135 20.6341 
0.939088 0.535918 15.9592 
0.553973 0.686297 18.8715 
0.577937 0.643983 19.0295 
0.986988 0.190374 13.4657 
0.716577 0.631972 16.2816 
0.222221 0.677775 21.0834 
0.0060597 0.55686 18.9857 
0.362268 0.297234 19.5748 
0.334619 0.489839 21.8328 
0.530376 0.525538 22.6715 
0.417425 0.138863 18.9194 
0.926408 0.235447 25.0025 
0.822592 0.377543 15.1892 
0.255349 0.784481 14.761 
0.999293 0.756626 16.4724 
0.408162 0.182637 13.642 
0.285348 0.461865 25.9259 
0.024146 0.360325 19.285957 
0.000007 0.470939 19.359235 
0.000053 0.166226 19.112842 
0.058928 0.509914 19.436913 
0.023707 0.296278 20.632761 
0.029836 0.074303 20.198643 
0.014950 0.039262 19.263380 
0.074068 0.096753 18.639819 
0.021959 0.015120 19.049597 
0.001133 0.013397 19.634206 
0.218224 0.639464 15.828759 
0.136253 0.739596 14.324978 
0.127778 0.773070 15.074127 
