0.550814 0.466084 19.8595 
0.438164 0.693898 20.12 
0.635635 0.843111 21.4499 
0.426946 0.1354 19.4458 
0.84312 0.234219 21.6189 
0.891098 0.11476 15.5075 
0.621132 0.858303 16.8012 
0.237919 0.382897 16.8318 
0.00259932 0.75743 13.9973 
0.758711 0.596398 19.0642 
0.660591 0.829191 17.5932 
0.916409 0.395535 19.1316 
0.244216 0.187112 14.7513 
0.921164 0.48853 20.7798 
0.312689 0.0607906 26.1056 
0.72262 0.515386 14.3159 
0.746629 0.54659 19.4638 
0.492382 0.763707 15.6686 
0.570339 0.312825 18.5801 
0.818062 0.970494 13.9536 
0.675052 0.285743 19.7821 
0.0994296 0.862696 15.5979 
0.784262 0.0320352 12.7009 
0.175413 0.991628 13.8055 
0.526798 0.0857612 16.0533 
0.403948 0.433668 16.6735 
0.135428 0.348905 20.7175 
0.983888 0.198697 14.0534 
0.267984 0.420074 22.855 
0.827797 0.64847 16.0472 
0.595437 0.0130191 19.414 
0.581245 0.364294 21.203 
0.226724 0.326567 18.0105 
0.528989 0.139266 19.8338 
0.989584 0.718644 16.0458 
0.0388281 0.0975669 14.8943 
0.859118 0.407383 15.7176 
0.688802 0.78995 16.3591 
0.109499 0.296187 19.7399 
0.647893 0.953419 19.6392 
0.328291 0.00708447 20.6315 
0.0846979 0.263859 19.1762 
0.21533 0.74059 17.7732 
0.874846 0.98346 18.8816 
0.0159717 0.633374 21.3965 
0.506338 0.930994 19.6083 
0.727006 0.529826 18.0188 
0.353508 0.87412 19.1088 
0.388519 0.5701 16.7605 
0.255127 0.157442 18.9524 
0.0476881 0.251555 14.2851 
0.36932 0.893457 14.1109 
0.973277 0.796277 17.3064 
0.502886 0.223813 20.7472 
0.402245 0.671037 24.0432 
0.960173 0.66005 13.7544 
0.0618822 0.911558 18.4511 
0.869145 0.702463 23.6357 
0.616066 0.334652 19.667 
0.0767565 0.0447148 21.6306 
0.304632 0.826 15.9606 
0.450105 0.57972 16.9509 
0.555467 0.72607 17.1646 
0.343717 0.457359 12.9994 
0.0234405 0.90619 14.6008 
0.808671 0.61076 24.3144 
0.898307 0.955729 19.3528 
0.603987 0.60259 14.8642 
0.480954 0.123567 22.5946 
0.276808 0.815835 14.6022 
0.932486 0.773172 16.8457 
0.156431 0.308401 21.1892 
0.459813 0.273336 22.2485 
0.288172 0.440508 21.3192 
0.706875 0.51995 19.4122 
0.776476 0.931324 17.3347 
0.125758 0.076893 16.8508 
0.204199 0.0505198 18.7648 
0.359459 0.629096 19.017 
0.193277 0.217163 12.5581 
0.165953 0.679857 18.6045 
0.946592 0.171697 19.5702 
0.800119 0.480105 25.0205 
0.415936 0.373755 25.6664 
0.757949 0.17317 15.9308 
0.145531 0.561134 17.834 
0.690693 0.500131 16.7211 
0.422035 0.000012 19.244241 
0.465074 0.076822 18.055419 
0.595464 0.000033 17.115084 
0.302052 0.000022 20.573135 
0.354294 0.000022 20.392262 
0.233338 0.147645 14.716961 
0.204861 0.107936 14.606344 
0.627415 0.183442 14.791007 
0.340473 0.212427 14.797605 
0.777253 0.114947 13.668072 
0.441715 0.271338 11.388253 
0.543590 0.324697 10.875515 
0.343748 0.443091 10.988644 
