0.50223 0.83504 12.7802 
0.550932 0.199031 22.9557 
0.925438 0.355693 20.7479 
0.162167 0.468433 15.1545 
0.966409 0.987978 17.0665 
0.479097 0.804408 18.7789 
0.566847 0.871301 18.5306 
0.46243 0.616417 18.8804 
0.381461 0.159221 18.9471 
0.736857 0.286858 22.6663 
0.362977 0.945669 19.8132 
0.300427 0.57958 14.3443 
0.899958 0.374119 18.2376 
0.298237 0.0583353 14.6805 
0.722328 0.622377 15.4406 
0.645619 0.961678 23.985 
0.322339 0.325659 19.2698 
0.858436 0.976142 19.5018 
0.151452 0.887181 17.2771 
0.243372 0.500601 15.2355 
0.823652 0.0391158 22.5732 
0.437432 0.367245 21.4427 
0.337557 0.883141 15.5484 
0.607779 0.452062 17.2323 
0.346445 0.556909 19.1771 
0.76085 0.120726 21.4841 
0.521469 0.162236 20.869 
0.261774 0.132414 20.0917 
0.872914 0.934381 18.6063 
0.490755 0.699272 18.7808 
0.561 0.225986 19.731 
0.09355 0.660027 22.4987 
0.771633 0.0870521 17.8827 
0.687209 0.102 10.4787 
0.240837 0.738868 21.9918 
0.0894027 0.194167 14.0895 
0.677685 0.00996434 18.5057 
0.837582 0.438339 15.9611 
0.268652 0.706135 17.6113 
0.0243046 0.543031 17.6927 
0.319351 0.514534 17.2611 
0.117249 0.411846 17.1013 
0.454258 0.268937 22.4442 
0.0461099 0.255826 19.8677 
0.398715 0.921854 17.807 
0.198127 0.292755 13.9038 
0.796786 0.810385 19.2646 
0.728909 0.415122 14.6579 
0.109599 0.63741 18.9372 
0.0591179 0.720852 15.4429 
0.748721 0.758307 13.0899 
0.0194754 0.321277 19.9962 
0.0740678 0.208391 16.4616 
0.507325 0.604357 23.4631 
0.847502 0.395545 20.219 
0.42001 0.148992 19.0486 
0.955576 0.243651 22.7964 
0.711663 0.568521 13.6579 
0.429705 0.233198 14.7 
0.619968 0.533977 23.342 
0.884537 0.050988 17.2862 
0.00796362 0.480018 20.7546 
0.641506 0.39077 16.0376 
0.222251 0.0802597 19.0764 
0.625451 0.724535 20.3088 
0.689952 0.528413 20.7809 
0.180806 0.775475 21.0361 
0.982575 0.491609 16.4676 
0.538887 0.431325 16.0291 
0.89385 0.791275 20.4691 
0.374053 0.340094 20.3517 
0.577678 0.597102 18.291 
0.913958 0.907959 16.2369 
0.948598 0.0306744 20.9721 
0.189303 0.996237 21.6149 
0.217499 0.11175 20.1816 
0.786692 0.668056 15.204 
0.80538 0.766568 16.7021 
0.283619 0.645998 18.6864 
0.592314 0.851444 12.9231 
0.1347 0.0138251 15.6121 
0.405771 0.180843 22.3359 
0.662725 0.911166 22.0056 
0.0396048 0.688184 18.3206 
0.933078 0.818661 15.5649 
0.989187 0.84586 16.2716 
0.145313 0.302798 11.493 
0.587969 0.000066 19.113958 
0.303041 0.019077 16.859382 
0.705789 0.050871 20.344281 
0.592298 0.000007 18.189545 
0.418929 0.000012 15.646399 
0.431916 0.069021 12.717700 
0.320472 0.157526 16.089473 
0.687188 0.000035 12.476879 
0.655843 0.095210 12.270074 
0.582380 0.095998 12.542433 
0.679676 0.368406 9.933978 
0.703287 0.329038 10.041047 
0.566466 0.320567 10.852346 
