15.8186 13.7262 
18.4305 18.226 
19.4112 19.7109 
14.6742 19.5922 
15.3864 11.2363 
10.5096 14.0127 
7.81562 8.41878 
7.50317 15.1431 
19.1471 15.0448 
12.5741 11.3977 
14.3581 4.94553 
19.1 17.7996 
12.4701 14.3067 
16.3996 16.7604 
13.7603 18.2344 
14.694 12.5404 
5.04832 8.52732 
19.497 15.3402 
14.4858 17.2009 
5.53564 11.8615 
8.78804 3.79243 
14.403735 9.989044 
10.097477 7.952787 
8.926299 5.576999 
16.091328 16.969970 
8.801989 4.143360 
9.248612 4.947516 
9.475807 4.502650 
11.737655 8.777151 
11.977873 9.253550 
9.648030 5.500210 
14.839427 5.649700 
11.898705 7.711121 
10.256975 5.660468 
9.658886 5.752798 
8.816655 4.028908 
9.408085 5.592064 
5.495704 7.335889 
5.653025 7.700117 
6.949995 8.401694 
5.508691 8.118307 
17.386486 16.488185 
5.271215 7.846760 
5.325000 7.477409 
5.119570 7.659582 
5.438072 7.288759 
5.651433 7.233254 
6.032484 10.334641 
5.009083 8.153871 
4.601801 8.665696 
4.570501 8.384013 
9.561718 13.815709 
6.584278 10.779622 
3.251194 11.645177 
3.901669 12.289767 
8.795283 13.997454 
3.071056 11.255600 
4.111493 11.611072 
2.424550 11.141585 
3.161769 11.749148 
2.387488 11.133690 
2.417202 11.096317 
2.388114 11.142171 
2.397112 11.113215 
17.163134 19.563009 
2.381891 11.162090 
2.367475 11.173910 
2.569200 11.170468 
2.394744 11.121183 
2.362811 11.195568 
2.352168 11.194310 
2.467995 11.315346 
7.304161 9.651814 
2.729159 11.155158 
2.590149 11.316930 
5.422349 13.083688 
3.026286 11.575089 
4.501903 8.490891 
4.365696 8.786827 
13.239009 16.592333 
4.370841 8.675778 
4.366506 8.629404 
5.579459 7.234462 
5.176013 7.760068 
5.797510 6.978533 
5.694060 7.009980 
5.716781 7.085277 
6.084140 7.032921 
8.720601 3.854690 
8.724616 3.820933 
9.441585 9.860639 
5.919637 6.988847 
8.640996 3.928528 
8.752056 3.885211 
17.874544 12.649202 
8.688390 3.874222 
8.566999 3.929790 
8.944823 4.248273 
8.754897 3.819211 
8.822023 4.105937 
14.4961 17.0465 
13.9933 15.6606 
12.1839 11.8363 
14.9625 11.1333 
16.9684 16.9557 
10.533 9.94896 
12.1436 18.48 
13.5062 8.95885 
18.4227 12.3044 
15.7153 11.8347 
16.7254 15.1014 
16.6325 13.6813 
13.1549 8.97752 
17.3538 17.3248 
3.49097 11.3938 
14.7976 15.3539 
18.801 16.4553 
5.60782 13.5012 
18.6446 19.5653 
17.4779 15.9906 
13.3842 19.0138 
7.924143 15.344375 
9.518453 3.604949 
12.750003 9.508473 
10.540090 4.604539 
10.263813 5.287669 
9.461852 3.328578 
12.911018 14.170055 
9.546692 3.371595 
9.524236 3.305080 
9.491467 3.323621 
9.498396 3.379789 
9.613070 3.396209 
17.994441 13.510555 
9.487479 3.313444 
9.607414 3.335011 
9.518834 3.292381 
9.568594 3.266671 
9.567450 3.371981 
9.561427 3.296518 
9.573376 3.277549 
18.522509 12.371268 
9.406341 3.577552 
9.351789 3.420376 
12.058125 13.683306 
9.507467 3.603864 
9.375688 3.382997 
12.830077 10.994150 
9.423977 3.407962 
9.370598 3.409118 
16.851056 16.851033 
9.351634 3.398472 
5.017886 12.092150 
10.439922 15.187818 
3.213449 10.935408 
3.019108 10.905555 
3.411510 10.466436 
5.019927 12.129087 
3.143819 10.555326 
3.390722 10.654676 
3.149964 10.602963 
10.883107 17.258928 
3.060636 10.705648 
3.060829 10.772209 
2.962470 10.869009 
3.095867 10.656987 
3.088717 10.833461 
2.960516 10.989181 
2.954971 10.959597 
2.989505 11.047029 
2.985333 10.824193 
2.930522 10.951079 
2.912968 10.994324 
12.877370 19.999861 
2.922739 11.030247 
2.907180 10.978181 
2.913881 10.975318 
2.894322 11.005138 
2.911085 10.962071 
3.023973 10.874439 
2.947358 10.914399 
2.902100 10.978954 
3.069141 10.669156 
3.100142 10.622328 
3.080729 10.653121 
3.112366 11.104819 
3.057801 10.735060 
3.653472 11.744633 
3.553852 10.397139 
3.613802 11.736997 
3.470649 10.396779 
3.394449 10.311390 
3.884607 10.361744 
5.897294 11.099706 
6.245477 11.287212 
3.645558 10.328306 
4.502579 11.944497 
9.356615 3.397125 
15.474983 9.340945 
9.344575 3.410010 
14.3833 14.3595 
11.449 16.3367 
19.847 19.2143 
12.2513 13.7933 
11.9054 14.5202 
6.62444 7.94515 
18.2791 11.3534 
15.3395 12.4448 
14.7689 17.8631 
10.7883 14.9433 
18.6404 13.506 
4.28581 13.1505 
15.0167 12.2158 
13.7986 12.9176 
6.63657 8.30963 
3.81465 9.006 
16.4411 17.3181 
10.5598 14.3956 
13.6045 17.3643 
18.3856 15.0657 
13.7953 12.2014 
14.325782 16.149724 
15.421707 14.727938 
8.904432 11.194942 
15.816724 12.022252 
13.018271 12.350382 
7.849631 10.376474 
6.174623 6.853969 
7.819835 7.214389 
6.125479 6.539495 
6.435714 6.572993 
6.419870 6.302986 
6.239352 6.464956 
6.618551 6.259034 
6.558059 6.410780 
6.675124 6.124626 
6.697034 6.005594 
6.548039 6.227003 
6.862936 5.904199 
6.786926 5.957356 
7.048289 5.906754 
6.849578 5.836017 
6.948105 5.875972 
18.366297 17.918338 
7.274648 5.946664 
7.130511 5.856996 
6.791366 5.884865 
6.924442 5.782441 
6.907503 5.832169 
6.988633 5.784647 
6.986770 5.734015 
7.570743 5.916466 
12.876220 19.999879 
6.974563 5.749971 
16.422301 16.020855 
7.366049 5.810366 
6.955862 5.746851 
6.980605 5.728022 
12.341540 14.092654 
6.928668 5.757457 
7.074042 5.722712 
7.010134 5.724942 
6.159964 7.124954 
13.639466 18.731053 
6.284176 10.103595 
6.041469 6.812118 
5.936418 6.869043 
3.531164 9.151661 
3.827262 9.124411 
4.849199 9.893634 
3.783117 9.200192 
4.266804 9.419468 
5.125480 10.523844 
3.663369 9.032541 
8.859199 13.165345 
3.588018 9.152124 
9.165600 12.193450 
4.805331 10.253783 
3.872047 9.257121 
3.914377 9.251285 
3.806364 9.204146 
3.600343 9.046866 
3.638468 9.147283 
3.525142 9.188163 
3.585334 9.274123 
3.521331 9.165116 
3.724754 9.195617 
4.357551 13.444112 
3.663168 9.171128 
3.529038 9.211213 
3.811663 9.306487 
3.516798 9.177199 
3.524347 9.159752 
3.520330 9.188455 
3.512667 9.189582 
13.902230 16.774788 
3.689379 9.394772 
3.786703 8.986193 
3.933854 9.128629 
3.720047 8.968033 
7.51258 15.129 
12.7651 9.4591 
16.0477 14.8947 
12.5723 13.5895 
16.0991 17.2876 
10.6814 11.2343 
3.1121 11.6542 
17.6307 9.94459 
7.20604 9.3257 
16.6136 15.7534 
15.7856 13.0487 
16.3424 16.4427 
16.3572 16.6541 
14.4897 8.31953 
15.6543 11.2016 
16.3512 18.7245 
10.7465 10.043 
6.15572 9.05869 
8.11422 11.943 
5.06257 14.286 
16.0893 9.04137 
5.655303 12.293827 
4.432169 8.567241 
4.878041 8.767994 
4.658316 9.405212 
4.659350 8.286056 
4.769954 8.403528 
4.764155 8.257455 
4.657699 8.251498 
15.557469 12.363483 
8.073380 9.163927 
5.064032 8.140164 
19.440464 15.637361 
13.763248 6.165158 
13.537401 3.781947 
17.859957 13.437690 
14.516690 7.711105 
14.585291 5.683147 
13.322221 3.789391 
15.867438 11.351893 
13.385007 3.843508 
13.199923 3.567137 
13.153206 3.682477 
13.581602 4.103166 
13.905892 4.802405 
13.922015 4.850382 
13.252715 3.560530 
13.334951 3.590861 
13.243201 3.590492 
13.305712 3.502875 
13.286661 3.545889 
13.363322 3.544857 
13.543092 4.506016 
13.285129 3.509734 
13.281855 3.659428 
13.274399 3.556016 
13.293257 3.514512 
13.062150 3.644158 
13.167673 3.656475 
13.063937 3.601941 
13.059088 3.754452 
13.347631 3.488051 
12.019367 6.172385 
10.780721 3.528068 
10.660164 3.118461 
12.876010 19.999957 
11.102135 3.844795 
4.918570 8.160813 
5.499632 8.358464 
4.942866 7.936182 
5.541736 8.990637 
4.868235 7.970323 
10.387655 13.764968 
4.969246 7.864161 
5.038395 7.801007 
4.976112 7.834350 
5.052469 7.741040 
7.852553 12.246880 
7.845668 12.327122 
2.641266 12.174423 
4.558976 8.439788 
4.491592 8.529604 
2.490356 11.807193 
2.927847 11.850488 
7.142213 14.958915 
2.520577 12.002731 
2.869249 11.641991 
2.502768 11.782797 
2.482736 11.834162 
2.518648 11.787688 
2.485526 11.821725 
2.494667 11.845154 
2.558438 12.066452 
12.032996 15.287530 
15.951401 19.353489 
2.703728 11.649247 
2.542893 11.740047 
8.329272 13.292955 
2.497824 11.952171 
3.195995 11.675153 
15.7929 16.4252 
13.6253 14.0802 
16.1156 12.3686 
8.12619 9.1458 
17.5507 16.7772 
14.7012 18.3937 
13.6358 15.8138 
16.3944 17.6038 
13.932 14.5759 
19.2709 18.0485 
19.8807 18.6511 
9.91738 5.85828 
16.8121 17.6197 
6.29915 10.4507 
12.4008 15.0459 
17.8554 17.7566 
11.6218 16.4904 
13.0831 13.0373 
15.7934 10.6724 
6.20042 7.25732 
17.4409 17.91 
5.117554 10.309764 
5.864468 10.979302 
8.265882 12.516645 
5.537355 10.396401 
5.069129 10.325456 
8.762833 12.236743 
7.207170 11.389432 
8.495815 13.075614 
7.424344 6.791116 
5.144191 10.257548 
5.750160 10.484580 
6.210126 6.753571 
6.831324 7.435282 
5.992668 6.694306 
6.551320 6.653976 
17.161325 15.824494 
6.192158 6.486016 
6.791274 6.645943 
6.315113 6.349398 
7.021823 6.531223 
6.684123 6.392333 
8.963697 3.716568 
9.639962 3.796291 
12.197747 7.716991 
10.035888 5.052795 
9.171137 3.682511 
10.078345 4.876463 
9.093863 3.649436 
9.033062 3.688980 
13.196994 8.955618 
10.081960 4.668055 
9.477910 4.052085 
9.152982 3.527506 
8.999489 3.924673 
10.667087 8.530470 
9.195363 3.499929 
9.166606 3.558775 
9.232676 3.480804 
15.525134 13.147559 
9.208444 3.517935 
9.202014 3.527302 
9.215078 3.929372 
9.767037 6.701109 
9.129737 3.849681 
11.222240 7.618392 
8.972120 3.670125 
9.216859 3.489640 
9.424275 4.666562 
12.460742 9.147488 
9.174264 3.558495 
9.172081 3.538729 
8.888945 3.734666 
8.962991 3.753375 
8.983980 4.001426 
9.023984 3.872537 
8.989059 3.662042 
6.236113 6.462743 
6.333267 6.390624 
9.099176 8.082835 
7.926005 6.360087 
7.587859 6.169226 
6.120017 7.054538 
6.075138 6.591498 
5.921164 6.792780 
6.120116 7.749080 
14.124646 16.136073 
5.104477 10.248186 
12.876821 19.999877 
5.088514 10.274223 
14.194007 18.126656 
1.664214 12.855344 
3.270749 13.786133 
4.750321 12.893925 
1.736833 13.007690 
2.471326 13.029614 
2.187381 12.824517 
1.752192 12.878438 
1.616233 12.906029 
1.610683 12.871845 
14.55 12.1837 
17.244 18.3943 
10.0191 6.8018 
16.1874 12.9948 
12.5149 12.8007 
16.4505 11.3197 
11.6125 17.4893 
17.4126 17.3815 
11.6743 15.585 
19.7072 14.8184 
17.0479 17.1366 
8.58776 13.7119 
16.7187 10.1042 
13.6167 17.7965 
8.20988 12.9482 
18.2605 19.2883 
16.0251 17.0931 
11.463 13.0504 
17.4347 15.2347 
18.0007 17.8142 
17.5466 16.0423 
4.598645 13.712413 
8.252960 14.950579 
2.117581 12.934383 
1.607437 12.885776 
2.065325 13.199346 
2.376526 12.958086 
1.658452 12.949632 
1.753404 12.911656 
19.049784 19.925185 
1.742156 13.011249 
3.786895 14.020404 
1.675802 12.814525 
13.888401 8.962768 
1.706641 12.713531 
1.858094 12.876803 
10.735062 14.344388 
7.669137 14.542800 
1.728135 12.783919 
3.838250 13.335415 
1.865870 12.781345 
1.718031 12.737860 
5.507434 10.220275 
3.657750 9.705041 
3.599752 10.095853 
3.772403 9.883146 
3.775176 9.520657 
8.726282 4.307587 
10.019107 5.762292 
11.744630 9.409406 
8.905186 4.168875 
8.524697 4.024326 
8.580052 3.939847 
8.532778 3.973814 
11.970115 8.076421 
8.696927 4.108559 
8.590072 4.021185 
8.577996 3.923910 
8.556616 3.952530 
17.759172 10.508458 
8.559082 3.948426 
8.595117 3.909613 
8.703391 3.965599 
8.600634 3.916942 
8.737351 4.353418 
8.593884 3.910785 
8.585447 3.917751 
19.066289 15.448921 
8.606409 3.901302 
8.604722 3.995824 
11.692483 3.340625 
12.243109 5.500125 
12.092407 2.576514 
11.753338 2.527297 
11.803588 2.842153 
11.878873 2.480645 
12.633412 3.148330 
11.477845 2.743595 
11.052933 3.011532 
11.184790 2.834605 
11.185323 3.589095 
11.294878 3.043925 
8.546492 4.059546 
8.541323 3.948452 
8.568676 4.046427 
8.525480 3.959070 
11.975507 8.121010 
11.362269 6.261386 
17.827131 11.522417 
9.828244 10.634539 
8.956864 4.873855 
8.534391 4.000782 
3.800967 9.495607 
3.751829 9.536427 
4.307616 9.395558 
3.978693 9.343882 
4.237608 9.816069 
4.127268 9.404222 
3.904053 9.393289 
4.144377 9.281824 
17.9142 18.8363 
16.584 15.9861 
5.98819 7.4742 
10.3184 15.7868 
11.2577 16.1898 
5.70489 10.8577 
15.2218 15.7208 
15.4947 14.4479 
16.0704 16.9897 
11.7677 17.3075 
17.1262 11.97 
11.5007 10.4014 
9.78066 7.40169 
18.0257 16.5276 
18.018 16.7707 
18.1763 18.2992 
15.3232 17.0584 
17.4969 13.1331 
16.739 10.2942 
17.6567 11.6686 
14.4025 18.0522 
12.678095 15.285335 
9.006547 13.923186 
7.469685 12.457470 
8.374671 9.649189 
5.811290 6.895681 
7.852479 11.999912 
6.799282 7.049797 
6.680290 10.460097 
6.301143 11.246094 
5.906328 7.098138 
5.719829 7.016596 
5.785143 7.137093 
5.574333 7.131051 
5.629582 7.076047 
5.636743 7.070244 
5.567556 7.191781 
5.906184 7.160361 
5.486413 7.239323 
5.416414 7.386682 
19.999934 12.875818 
5.440618 7.310641 
5.816069 8.270584 
5.455526 7.541324 
6.693144 9.400470 
5.413300 7.453133 
7.057352 10.693705 
12.876897 19.999891 
5.444243 7.419805 
5.485859 7.685051 
5.400607 7.356367 
5.382307 7.413083 
5.680369 7.012862 
5.639850 7.057879 
5.679830 7.033322 
5.749671 7.004357 
5.621835 7.077691 
6.969412 5.745119 
7.284182 5.444566 
7.021870 5.686425 
7.112294 5.604806 
7.116248 5.612431 
7.588266 5.201955 
7.604318 5.296383 
15.771006 11.984409 
10.085938 6.817726 
7.446080 5.434708 
7.736357 5.102730 
7.766492 5.031424 
7.876492 4.995202 
7.864951 4.953773 
7.929271 4.900758 
7.948248 4.890795 
7.997945 4.851548 
8.046432 4.816266 
8.019947 4.830488 
8.071750 4.786950 
8.142124 4.762166 
8.145917 4.732692 
8.129193 4.747111 
8.189224 4.719223 
8.190179 4.703547 
8.261136 4.695807 
8.231671 4.694801 
8.257206 4.670616 
8.266829 4.649553 
9.670944 6.207774 
8.374202 4.646571 
8.326575 4.645741 
8.698450 5.152686 
10.799549 6.719311 
8.351019 4.641704 
8.309792 4.639649 
8.107698 5.708202 
8.295809 4.644146 
8.347401 4.604943 
8.907907 6.523812 
7.240520 5.581958 
7.029318 5.669300 
7.001427 6.231845 
14.9229 14.3209 
13.8724 12.7189 
18.7594 19.1377 
15.6343 11.4184 
15.2422 19.2894 
9.62263 4.25114 
13.914 15.3469 
16.7246 14.1045 
8.44782 4.84475 
15.8017 14.8861 
5.99869 8.67612 
11.5241 9.27809 
19.5511 19.4715 
16.5312 15.0657 
13.469 7.93735 
12.2451 14.3236 
14.6218 11.9918 
17.9709 16.8021 
11.4221 13.705 
17.0621 19.3349 
3.84943 10.2454 
4.561785 9.747990 
15.203948 15.178790 
10.846277 13.322638 
5.004063 9.250318 
11.649012 11.261343 
4.607410 8.304807 
7.897432 13.118141 
4.344772 8.658613 
4.523155 8.836158 
4.185121 8.901358 
4.749202 8.665950 
3.893671 9.853807 
4.346870 10.199535 
3.666308 9.681769 
3.817128 9.991476 
4.836819 9.961291 
3.740976 9.554822 
19.999429 12.871865 
3.933654 10.230742 
3.722741 9.673131 
3.769247 9.598572 
3.768873 9.524891 
3.673719 9.648676 
3.705743 9.616972 
13.257753 17.078573 
3.720864 9.599310 
4.128227 10.508486 
3.637870 9.724991 
17.115224 17.115177 
3.670090 9.906746 
3.663443 9.804458 
3.838046 9.608500 
3.656317 9.682265 
3.638919 9.746799 
4.124268 9.410382 
7.240801 14.631772 
15.963661 14.520856 
15.871496 5.550220 
4.301251 8.848349 
4.534940 8.499179 
5.382791 8.193061 
4.933019 7.888386 
5.041450 7.765642 
5.430915 7.678400 
5.882710 7.525824 
6.314839 7.572712 
9.231908 4.656790 
17.442081 14.964582 
8.795105 5.055176 
7.666845 5.271166 
7.817422 4.991825 
15.739533 11.933442 
10.304055 5.627878 
9.304196 4.118860 
19.255557 14.535879 
9.627924 4.982235 
9.102531 4.039254 
9.199633 4.015143 
8.985748 4.147840 
9.173189 4.044247 
9.062007 4.063795 
9.241321 4.035790 
9.154047 4.008261 
13.166050 8.017564 
14.957867 5.469706 
17.281026 11.218737 
9.241544 3.949100 
7.056328 6.274877 
9.257878 4.899250 
9.290080 3.966051 
9.242570 3.961906 
15.154665 5.008694 
9.254937 3.930057 
9.223079 3.950827 
17.877770 12.668315 
9.203142 3.971631 
9.310461 3.903545 
9.290782 3.906503 
9.627559 5.929972 
11.4251 3.19778 
12.8099 14.5301 
17.1427 12.2839 
11.7213 13.2503 
15.9547 19.5369 
17.8007 17.8608 
19.1303 15.844 
11.2916 12.3548 
14.5762 17.773 
16.7793 16.6638 
12.4711 17.8333 
12.3099 16.7447 
17.3754 15.8548 
11.5498 17.1063 
9.626 4.35393 
16.9487 16.9859 
14.7482 7.84938 
16.0433 9.29954 
11.5384 8.69911 
18.4708 19.3689 
15.8834 11.3771 
11.335973 8.802315 
12.121745 6.776586 
11.812159 6.732807 
11.660112 2.875491 
11.823262 5.725699 
11.243804 6.487987 
11.726674 8.073769 
9.217941 4.314962 
10.040102 5.692244 
9.547008 4.518648 
8.947504 3.759388 
12.293108 11.618248 
8.884874 3.725830 
16.292290 18.228196 
8.111736 14.132898 
8.916384 3.688169 
7.369090 13.495111 
8.803793 13.900669 
8.400696 14.442795 
8.469146 14.154648 
16.682936 17.372010 
2.232369 11.476505 
10.296171 18.914101 
7.793185 13.882850 
2.272697 11.535701 
2.209629 11.500326 
4.366041 12.819745 
2.224345 11.492543 
2.200670 11.507980 
2.201761 11.516724 
2.204982 11.494783 
2.222757 11.487834 
2.199198 11.507231 
2.213022 11.478321 
2.215997 11.518687 
8.328249 14.954945 
2.207287 11.511628 
2.307803 11.498944 
2.206731 11.500657 
2.257512 11.502544 
2.191640 11.524668 
2.338945 11.615818 
2.243360 11.456172 
7.475098 12.951641 
6.796779 14.431393 
4.261260 9.670192 
3.943909 9.892529 
3.702697 9.612808 
4.061105 9.225519 
3.864577 9.359548 
6.294382 11.893621 
4.799506 9.440306 
4.334851 8.787208 
6.002898 8.806618 
4.919147 8.407932 
4.735459 8.192937 
8.879398 3.717720 
8.896506 3.704252 
9.490317 10.090188 
17.896103 12.776812 
8.895015 3.703793 
15.930884 12.236481 
15.878245 12.156393 
9.049940 3.826934 
17.568059 8.905929 
8.877557 3.814878 
11.507455 2.667204 
11.227694 2.797539 
11.394788 2.928798 
11.490366 2.670748 
11.272946 2.773759 
11.381918 2.701315 
11.398084 2.737335 
11.713611 2.662176 
11.607141 2.631481 
11.628047 2.764784 
11.563286 2.621022 
11.963441 2.865465 
11.506159 2.635141 
15.2425 16.1267 
17.7789 17.2939 
18.4366 18.2172 
5.40894 7.38512 
16.6925 18.6174 
14.5498 13.6872 
16.3948 14.3043 
14.4958 15.9035 
10.4675 10.2335 
12.4081 2.76802 
10.975 4.75792 
14.5997 14.7857 
16.9849 15.907 
13.1395 13.8012 
18.105 13.0678 
5.59198 6.59085 
12.9837 16.4048 
9.89921 17.6397 
17.7021 19.4553 
16.1922 12.378 
15.1622 14.2447 
5.270854 7.617393 
13.379333 2.414679 
18.201312 12.056937 
13.715096 4.608260 
14.921979 7.555287 
19.999790 12.873439 
13.430974 6.269329 
15.374560 6.852634 
16.153907 14.511372 
13.927181 10.461665 
12.213518 1.893483 
9.814610 3.717221 
10.155608 3.377725 
10.011313 3.589930 
10.279740 4.042724 
9.782438 3.732848 
10.217872 10.796358 
13.475666 15.906072 
8.021244 10.751010 
5.718933 6.907263 
5.573342 6.619739 
5.885591 7.457779 
5.688562 7.088059 
5.471622 7.326202 
5.613673 7.096408 
6.147939 7.031766 
5.354334 7.507328 
5.532681 7.800067 
13.788930 15.797405 
5.668983 7.651411 
5.228237 7.543999 
5.043666 7.829066 
5.825988 7.833947 
5.530201 8.752178 
5.309410 8.008328 
5.100455 7.695743 
4.900859 7.930677 
4.926677 7.895968 
4.880754 8.159474 
4.777421 8.094723 
9.612766 19.037816 
4.809349 8.064342 
4.780167 8.159490 
10.760076 17.875502 
4.732871 8.152296 
4.743784 8.281147 
4.684411 8.239826 
4.700781 8.221705 
16.987264 11.505463 
4.626395 8.288127 
4.600547 8.318955 
5.238941 9.582241 
4.632118 8.278946 
4.573088 8.365628 
4.578886 8.418464 
4.586326 8.384461 
4.556429 8.410402 
4.562427 8.906877 
4.515766 8.807269 
4.430710 8.815205 
4.369996 8.816512 
5.815501 6.632857 
5.844664 6.973525 
11.559135 10.547573 
5.539813 6.588206 
5.824421 7.063767 
10.002647 8.095092 
6.292990 6.479042 
6.434741 6.661531 
6.332211 6.339183 
6.272500 6.389715 
9.880198 3.558033 
9.575264 3.935818 
9.655421 3.676169 
9.591906 3.826437 
12.468142 6.167641 
12.424933 2.059613 
10.212549 3.457632 
10.024887 3.446766 
15.0073 12.5833 
16.8347 19.3299 
11.0978 8.77657 
15.5141 13.3869 
18.9823 14.835 
14.715 19.0868 
12.2521 5.37211 
18.1479 13.8334 
19.1742 19.5478 
17.5979 19.5761 
15.9306 12.0263 
13.2067 14.5864 
6.48375 10.2316 
18.8082 14.8837 
13.9408 16.937 
12.3183 15.8775 
14.7094 16.2181 
17.8008 16.8893 
10.9508 15.8373 
11.3469 2.53626 
17.8777 16.4967 
16.757109 17.134086 
14.631309 7.850291 
13.660282 7.982731 
12.752315 6.350577 
11.551484 2.351245 
12.632954 4.316929 
15.031481 12.203089 
11.863250 2.867843 
11.442319 2.315729 
15.956897 8.863426 
12.853078 4.405324 
11.402427 2.326338 
11.367956 2.300416 
11.446773 2.264418 
11.409942 2.248217 
11.379656 2.260517 
11.342743 2.351566 
11.744250 2.991467 
11.567416 2.588266 
11.351378 2.274217 
11.743713 2.739485 
14.657401 14.852746 
11.594712 3.022667 
10.182965 10.875082 
11.532048 2.983179 
12.660660 6.864309 
6.418980 6.960190 
6.533722 7.497028 
6.832489 7.012320 
6.740429 7.185632 
6.343547 6.606255 
5.928892 6.769541 
6.000774 6.688505 
6.719976 8.548567 
5.895280 6.931883 
6.150612 7.363939 
5.851169 6.861605 
8.674293 11.357306 
5.204350 8.030264 
8.103494 9.953042 
5.128704 7.835979 
5.031706 7.896345 
5.110995 7.673239 
5.086226 7.927426 
4.991538 7.838900 
5.039671 7.756514 
5.040311 7.807019 
11.066361 14.499163 
16.760560 15.419754 
4.831355 8.312129 
4.884607 8.201407 
5.002038 8.464153 
4.797982 8.246106 
4.789095 8.127178 
4.791749 8.166169 
4.779173 8.149549 
5.058758 12.860479 
4.801747 8.139684 
11.428501 15.434805 
6.938872 14.138197 
4.785545 8.148653 
4.907803 11.638393 
5.213078 7.689931 
5.272735 11.222731 
14.534410 15.350618 
9.100354 12.748002 
4.780814 8.138391 
4.783312 8.110743 
5.001043 8.691995 
4.781708 8.187028 
13.504156 12.180773 
5.885493 6.877923 
5.914880 6.836694 
5.830806 6.906378 
8.675452 8.004343 
5.993452 6.906945 
6.146913 6.633987 
6.367655 6.672110 
6.195301 6.539963 
7.92801 13.0028 
17.1605 17.2292 
11.8057 12.7611 
16.2222 16.8614 
18.7854 16.2219 
11.5789 14.8565 
11.7216 13.2369 
12.2549 13.6899 
12.2387 13.4463 
12.5091 13.9396 
14.215 16.5569 
16.4578 12.5762 
15.8745 15.6825 
15.2857 12.3744 
12.4379 9.88984 
16.2547 10.5174 
13.3698 12.6446 
10.8966 5.52518 
15.7737 18.2421 
15.6066 13.4496 
11.9902 16.6124 
5.197171 11.300781 
14.881092 12.732816 
11.215755 7.232509 
11.734014 7.043465 
12.439263 7.215078 
19.039362 12.547675 
10.660087 5.068100 
10.564294 4.920508 
10.504462 4.948769 
10.537345 4.937006 
10.567964 4.929557 
10.534364 4.993151 
10.532631 5.022860 
10.535797 4.919158 
10.547498 4.956993 
10.636972 4.937727 
10.557181 4.905820 
10.598731 4.880667 
10.740468 5.346046 
12.879459 19.999750 
10.597061 4.915712 
12.946514 7.941844 
9.299470 7.475699 
10.589012 4.923429 
10.578729 4.898751 
10.591616 4.885931 
12.556532 6.417664 
17.856945 12.546182 
13.771681 9.460920 
9.731901 3.627355 
9.824365 3.778779 
10.148306 3.474828 
10.778151 6.668060 
9.862089 3.539647 
9.967752 3.617327 
4.006271 15.314055 
11.387237 10.341112 
9.882827 7.850141 
9.551365 3.831699 
9.606566 3.705749 
9.626487 3.776199 
3.134276 10.611018 
9.396585 12.943722 
2.813474 11.154652 
6.796832 12.537098 
4.536187 11.277675 
5.721239 12.446064 
5.275334 12.239762 
8.060035 12.699568 
6.461014 12.773299 
3.171530 10.932394 
9.102604 16.257939 
2.753044 10.511068 
8.953628 13.643655 
6.958805 15.424957 
9.380951 17.561376 
4.782160 12.916716 
3.586157 11.212880 
3.430200 11.280855 
15.452262 16.115505 
8.817175 15.770556 
10.574388 17.602561 
2.686131 10.557941 
2.830552 10.524202 
14.690554 19.052470 
9.189233 13.654100 
15.041885 17.798247 
2.705130 10.525589 
2.758619 10.589243 
2.905600 11.148477 
2.867920 10.423508 
2.779819 10.401613 
2.753867 10.442482 
2.935512 10.572141 
5.375546 12.227104 
3.300893 10.824872 
3.336569 10.700436 
2.801859 10.370191 
2.840002 10.484877 
16.3013 16.0337 
18.6495 14.3121 
18.8923 15.4437 
14.0822 14.9927 
14.0007 13.3013 
15.4515 19.8341 
8.53581 10.6588 
16.3552 9.41137 
14.0961 16.0321 
19.7444 19.2981 
13.4291 12.9545 
14.9063 17.006 
18.6005 16.4952 
15.8621 11.0968 
14.557 16.7895 
15.1293 18.918 
15.3446 15.0823 
16.558 15.2972 
4.67776 12.1609 
13.0189 17.7893 
11.8081 13.6135 
5.967509 13.209729 
5.868782 10.585534 
7.902647 11.204903 
11.667681 14.809286 
3.963864 11.106112 
8.460419 11.341021 
7.083173 11.998146 
17.289625 16.163859 
12.363838 14.137176 
16.921266 16.219881 
6.702197 12.854118 
14.780723 3.032184 
19.947273 19.293661 
15.604902 7.290288 
14.810949 3.963272 
15.314152 5.672828 
14.691877 3.006595 
14.766822 3.416849 
14.936142 3.310094 
15.512109 4.534667 
14.769516 3.103195 
14.747097 2.992297 
14.803564 2.997445 
14.735307 3.005745 
14.750959 3.112905 
14.723811 3.000165 
14.782590 3.038449 
14.772963 2.980495 
17.473394 17.973033 
14.712415 3.005229 
12.251809 2.711735 
14.228030 5.734218 
11.795476 2.495595 
11.674474 3.189553 
11.976332 3.581565 
11.957601 2.500152 
11.277636 3.924245 
11.494592 2.670515 
11.330118 2.722230 
11.660261 2.864706 
11.264194 3.577499 
10.588528 3.703135 
10.550788 4.143142 
10.482270 3.838455 
11.181107 5.648475 
10.121180 3.520912 
9.905940 3.520742 
9.811531 3.586986 
9.882761 3.552748 
11.799597 8.682024 
9.784551 3.710196 
4.817025 8.093029 
4.530416 7.820994 
4.593585 7.737458 
4.650795 7.900932 
4.540150 7.753446 
4.824279 8.215412 
4.509604 7.792220 
4.572615 7.799282 
4.955900 7.965780 
3.927763 15.283583 
3.241317 10.915011 
3.785982 11.143467 
2.773488 10.463822 
2.749173 10.585136 
10.467259 17.729847 
6.314110 15.130750 
3.295053 10.745288 
2.724213 10.501609 
2.796422 10.544938 
2.724143 10.497722 
3.029048 10.790305 
2.703693 10.522307 
2.712759 10.515195 
2.711163 10.510172 
2.709192 10.512385 
2.709711 10.527645 
2.718350 10.517761 
2.702060 10.527103 
16.007 11.0128 
16.2435 11.5103 
10.4612 15.8807 
16.8251 17.0104 
16.0521 17.299 
12.4586 6.94951 
16.9324 11.2212 
13.445 15.0431 
18.1273 14.8547 
6.97445 15.3061 
17.9952 15.8796 
12.6098 15.9368 
6.91082 8.23908 
6.11622 12.1185 
15.1772 13.3712 
12.0666 18.7666 
12.0218 12.1011 
17.1582 17.1048 
15.9703 16.1098 
16.3075 16.3576 
14.8773 14.5222 
4.384048 11.912960 
3.653297 11.744447 
2.511858 11.985300 
11.028578 17.629321 
2.579495 11.717084 
2.849476 11.661065 
2.716978 11.378674 
2.905394 11.343143 
5.886629 13.176839 
3.007178 11.037703 
13.842807 16.375149 
11.470348 13.678710 
8.815919 8.262396 
5.765877 6.777716 
5.746323 6.376123 
6.170746 6.761907 
9.984350 9.453198 
14.410704 13.234033 
6.266486 7.094482 
5.706455 6.449370 
19.999847 12.877515 
13.249304 5.533121 
13.136916 3.629641 
14.690290 7.176258 
14.939650 12.111281 
16.183766 9.643187 
13.924579 6.293609 
13.322360 4.401311 
13.072202 3.598758 
11.291937 2.665240 
11.028627 2.478843 
11.256925 3.182401 
11.073253 2.454209 
11.022989 2.497983 
11.059039 2.427611 
11.134124 2.482267 
11.032290 2.461393 
11.036172 2.431518 
11.060668 2.420045 
11.078064 2.415476 
14.297795 7.236914 
19.234495 14.776910 
11.114351 2.747102 
11.012891 2.443501 
17.661953 10.395027 
11.091835 2.630340 
10.909546 2.550458 
11.696819 4.337942 
10.994133 2.533801 
10.939422 2.619096 
12.652764 6.683090 
10.056982 4.450120 
9.729307 4.609232 
9.658741 3.951727 
9.665182 5.512313 
9.360345 4.005089 
8.945765 9.882184 
10.805092 10.651162 
5.864557 6.648992 
7.579864 5.249408 
9.929328 6.851113 
5.821811 6.575234 
5.761666 6.432287 
6.784615 6.762306 
12.873995 19.999883 
6.112809 6.993536 
3.361490 11.742728 
3.798471 10.749890 
12.307026 14.528216 
3.399146 10.192974 
3.440709 10.381900 
3.481568 10.936414 
2.777121 11.272029 
4.850486 11.542956 
2.819105 11.137902 
3.234132 11.068480 
2.624330 11.885190 
2.832904 12.370004 
2.835141 11.970924 
15.3832 16.3999 
11.0515 8.81683 
10.3329 7.10635 
16.7775 12.9942 
9.57007 18.6379 
13.9158 7.9911 
15.7539 13.4131 
17.3416 19.2123 
19.1946 17.7557 
7.99695 14.5142 
10.2557 3.39139 
12.1074 13.3614 
19.1165 15.7765 
10.3336 16.0503 
6.48165 6.97367 
9.28451 15.4605 
15.4402 13.0505 
16.3273 14.4893 
14.4634 15.352 
6.77958 11.9782 
13.3014 12.8395 
14.123005 15.634801 
13.052143 17.671369 
9.297072 13.956131 
6.629308 8.842695 
14.209146 18.219312 
6.036672 9.246197 
12.709920 15.301432 
4.833057 8.540370 
4.528058 8.634354 
18.062718 17.647225 
4.458633 8.525472 
4.323820 8.912358 
4.334719 8.675644 
4.367024 8.771508 
4.186907 8.888378 
4.256904 8.782932 
4.392782 8.607868 
4.425204 8.582070 
4.258375 8.932932 
4.969946 8.595446 
4.270078 8.851793 
8.351633 8.271894 
4.693002 8.193064 
7.012505 7.665742 
5.936057 7.515966 
5.154609 7.798180 
15.565343 14.423282 
11.010926 9.088477 
6.310143 6.393005 
6.369956 6.291996 
7.162201 6.483887 
12.803827 7.089078 
12.163569 5.250141 
10.530581 3.705658 
12.089581 4.597760 
10.729966 3.137119 
10.556750 3.166836 
10.799613 3.013799 
10.632454 3.264022 
10.903393 2.990338 
11.087271 3.127994 
10.709023 3.055913 
10.984291 2.960154 
10.717693 3.186311 
11.641200 7.297861 
10.880267 2.956136 
10.971464 2.912362 
11.004030 2.890348 
13.146402 13.629592 
10.967232 2.909951 
11.064288 2.866432 
12.756272 4.667455 
10.983791 2.960995 
11.034437 2.873466 
11.111661 2.866631 
11.091550 2.861067 
10.667383 3.079032 
10.754972 3.064988 
10.770576 3.017503 
10.541779 3.472213 
10.692011 3.095695 
17.118272 17.118381 
10.153362 3.406121 
12.843975 8.514888 
13.971426 8.228743 
10.198047 3.368653 
6.468431 6.237152 
6.540681 6.255490 
6.456203 6.262500 
6.520834 6.164790 
6.548054 6.124064 
6.423427 7.782289 
5.801555 7.203479 
5.800467 7.268905 
5.751942 7.066431 
6.679971 8.680290 
10.707345 15.462142 
4.557944 8.579418 
4.311432 8.717202 
17.4181 15.68 
10.4033 12.3172 
8.8511 6.59186 
9.43514 16.5706 
17.4453 19.413 
16.3654 16.7436 
19.423 19.2174 
18.7339 17.7967 
11.5965 7.03249 
11.1075 15.4039 
17.406 16.4144 
14.7663 16.4194 
15.7436 19.0461 
17.804 17.048 
11.0812 12.9772 
19.5873 15.3812 
18.0588 9.88058 
2.70526 11.4538 
13.5065 9.69654 
11.674 14.8226 
9.23515 6.0844 
3.760830 11.765784 
17.033826 16.988425 
2.830184 11.123922 
3.035486 11.662413 
4.334960 12.793085 
2.813217 11.253155 
2.750453 11.420462 
2.754395 11.271676 
2.681906 11.409069 
3.265061 11.267444 
2.655833 11.462656 
2.649318 11.590734 
2.643284 11.537198 
2.681487 11.692451 
2.753036 11.369346 
2.625628 11.569013 
2.635601 11.640623 
2.583498 11.610602 
2.586641 11.613924 
2.570453 11.637746 
2.592552 11.598223 
2.919999 11.120526 
2.871587 11.187850 
2.964996 11.060351 
2.923026 11.018693 
2.941261 11.081799 
3.742349 10.801787 
4.448073 10.968487 
3.561593 10.731826 
3.427776 10.771337 
3.229021 10.741645 
6.413466 11.098589 
15.042578 12.192611 
3.404965 10.135205 
3.542437 10.097070 
3.572457 10.305762 
8.714307 5.893215 
7.841463 4.545145 
8.048422 4.518092 
9.653678 6.635714 
9.844827 6.548372 
7.892809 4.431660 
7.941248 4.536444 
11.789794 8.309717 
12.699259 8.552509 
7.929925 4.414675 
7.919236 4.493826 
7.943704 4.423470 
7.954295 4.386678 
7.958586 4.382320 
18.600669 15.000902 
9.299137 4.436795 
7.953528 4.462906 
9.529470 4.156186 
9.919325 4.655416 
9.264605 3.948313 
9.084459 4.051154 
9.204265 4.006352 
9.378170 3.851508 
9.255631 3.947006 
9.374450 3.901633 
9.470391 3.794723 
9.460339 3.796746 
9.418861 3.831300 
9.499990 3.769136 
9.521271 3.757499 
17.604199 10.703407 
9.503509 3.766270 
9.553424 3.744014 
9.585422 3.749716 
10.022479 3.552034 
7.944941 4.389829 
7.965141 4.376358 
10.975876 8.331307 
8.890693 4.195841 
7.969621 4.376895 
7.793117 4.522054 
7.767381 4.532031 
7.768148 4.529005 
6.24335 12.4078 
19.0763 16.4764 
15.6556 16.3372 
13.5555 14.3423 
16.9153 17.6638 
17.2483 11.5479 
15.9072 17.199 
16.3687 18.772 
10.6828 18.5705 
15.0482 13.1956 
11.7367 6.46269 
13.9228 15.1338 
14.9933 15.9814 
18.2503 18.3114 
18.7596 15.4898 
8.09457 10.3245 
17.7853 16.1812 
14.1394 10.0619 
7.9343 7.27691 
16.3651 13.9199 
14.6835 18.558 
13.030091 14.861727 
8.010916 5.805537 
11.024786 10.013779 
10.571749 7.076620 
4.218698 8.961118 
5.409294 9.848336 
5.447991 10.483650 
4.041524 9.089668 
7.825278 13.089411 
4.159953 9.166720 
4.049775 9.236974 
4.277003 9.089938 
3.967036 9.202607 
4.005194 9.423468 
3.858409 9.379713 
3.980097 9.318146 
6.227551 13.755808 
3.970534 9.242942 
3.895353 9.587941 
11.566906 15.725925 
3.820791 9.522560 
3.935025 9.785145 
3.899697 9.323934 
3.870300 9.674518 
3.808054 9.441887 
3.826976 9.434017 
5.335938 9.688436 
3.808743 9.560581 
3.708870 9.599325 
3.681948 9.634664 
16.089363 13.328945 
3.714388 9.588248 
3.791405 10.052410 
3.718642 9.913829 
9.428495 15.136819 
3.641659 9.700793 
4.144328 8.942543 
4.203405 8.856847 
4.174368 8.921767 
4.307438 8.780350 
4.279087 8.780398 
7.706619 10.097371 
15.551424 14.837348 
8.646119 7.456914 
4.312748 8.707785 
4.355404 8.691060 
7.706661 4.710017 
9.519323 6.840058 
7.777995 4.993204 
9.614655 7.679618 
9.696370 7.342310 
13.575348 10.329407 
11.834455 9.068526 
7.589129 4.734209 
11.888909 3.943157 
13.840176 7.399567 
13.249546 7.050403 
13.290627 8.334475 
14.640415 7.712570 
12.672951 4.930003 
13.809616 6.327881 
11.756546 3.613848 
11.506496 3.141999 
11.302443 2.813939 
11.176704 2.611406 
11.194496 2.616843 
11.119387 2.585537 
11.114727 2.523925 
11.095405 2.491131 
11.051985 2.461234 
19.768893 15.328608 
11.069442 2.472944 
11.180951 2.488654 
11.100463 2.417344 
11.128235 2.439640 
11.072277 2.413557 
11.061020 2.430678 
11.057073 2.444170 
11.048200 2.427371 
14.8199 13.8087 
17.1275 14.4451 
19.049 19.4506 
18.2741 19.3862 
17.3685 17.0146 
4.83597 10.8479 
11.0965 17.3139 
12.7586 14.3073 
15.4109 16.148 
14.1859 12.713 
16.402 19.0058 
17.7281 13.5442 
17.49 11.4925 
18.4155 14.2989 
16.4224 18.4886 
13.8773 12.0691 
16.3218 18.4949 
19.5021 12.774 
11.9889 18.91 
19.718 18.9881 
15.0948 11.4158 
4.057901 11.830520 
14.868813 15.367676 
5.794499 11.890653 
16.163282 12.453968 
13.549190 5.849435 
12.756465 4.674162 
13.220684 6.741554 
14.894144 11.136648 
12.916866 5.398496 
13.696225 4.550377 
12.683478 4.901795 
4.090822 10.711407 
3.539397 10.534678 
5.728289 11.269581 
3.539911 10.439423 
3.313590 10.266177 
3.326029 10.329760 
3.368109 10.283383 
3.358168 10.177791 
3.292321 10.381219 
3.453019 10.054183 
3.303747 10.668317 
3.247361 10.506346 
4.042630 10.569323 
3.562493 10.992095 
3.221769 10.445356 
3.235215 10.379705 
3.169819 10.499289 
3.158452 10.518475 
3.173342 10.482662 
3.156024 10.593550 
3.249751 10.414516 
3.158286 10.576054 
3.163581 10.611075 
3.150358 10.589684 
7.045036 11.474951 
16.469099 19.830227 
4.731686 12.764297 
3.145227 10.603348 
5.875292 11.933280 
3.159265 10.508965 
8.493972 14.707415 
3.140339 10.595310 
3.141784 10.590363 
3.146838 10.539104 
3.141063 10.573475 
3.501729 10.069125 
3.426451 10.097309 
3.469092 10.068872 
3.452078 10.100717 
3.529106 10.023428 
3.519735 10.033258 
3.533343 10.027820 
3.506732 10.024398 
3.525092 10.018653 
3.520002 9.996596 
3.517515 9.926137 
3.520595 9.908286 
3.525811 9.896982 
6.518212 6.145454 
16.119157 14.269564 
6.848307 5.943032 
14.854027 8.229566 
7.042198 6.075626 
6.621868 6.075539 
7.191990 7.260243 
12.941089 1.648760 
14.091048 3.944791 
13.210337 2.086580 
12.857567 1.727956 
12.867094 1.615248 
12.892746 1.609152 
12.857808 1.640437 
12.878455 1.607659 
15.266428 6.617344 
12.910967 1.619775 
12.996534 1.720459 
12.912577 2.026622 
12.871604 1.829038 
17.3395 13.7372 
14.3828 13.3054 
16.8983 11.8445 
14.198 18.1364 
18.2415 14.857 
11.8439 4.30067 
11.5205 2.6508 
16.992 19.5259 
6.54907 13.559 
14.9833 16.9655 
15.7111 12.7401 
15.9287 18.9634 
18.7681 17.7752 
19.8954 19.3071 
1.82358 12.464 
12.0351 12.3787 
16.8519 17.9805 
17.4658 16.3244 
13.1686 17.9504 
8.68423 9.25105 
15.2051 14.9877 
5.393124 12.982307 
16.851176 16.851256 
15.990735 15.453394 
11.738237 3.619449 
11.442028 3.965486 
11.495784 2.699617 
15.194199 7.775178 
14.337318 6.396260 
11.421926 2.729378 
11.630235 2.632715 
11.512012 2.976781 
12.608491 7.397251 
11.248800 2.975490 
11.404383 4.688741 
11.335297 3.044939 
12.530413 6.107444 
14.681571 12.885067 
15.546644 13.154058 
11.151514 3.289745 
5.106750 7.176412 
6.292971 7.752666 
5.307484 7.783096 
10.335911 13.217972 
8.352548 11.624824 
5.260005 7.297356 
5.304255 7.204412 
5.085884 7.335921 
13.301827 16.074304 
5.150637 7.459821 
4.158331 8.277869 
4.355907 8.080493 
2.611916 13.476003 
5.047507 13.866694 
7.358276 15.202137 
1.863985 12.877903 
2.208543 13.000472 
1.950182 12.726987 
1.898192 12.640359 
9.155185 14.174049 
1.868674 12.710300 
2.004003 12.629512 
5.660757 12.295929 
1.643274 12.787603 
2.438998 12.941810 
2.782851 13.029523 
1.734962 12.749578 
2.420597 12.914864 
1.752247 12.516181 
4.949386 10.059672 
8.823926 12.809311 
1.675061 12.804382 
4.177310 10.442951 
3.466467 10.152694 
3.556338 9.879784 
4.192864 10.969894 
3.520857 9.995888 
4.291309 8.812662 
5.054478 8.848827 
5.325191 9.037398 
6.422069 10.091462 
4.493283 8.646879 
5.072310 7.258867 
5.877885 7.701487 
5.059952 7.133092 
10.051282 12.050679 
5.567882 7.232776 
7.875698 9.131691 
5.303438 7.125314 
9.307442 11.254270 
6.013236 7.721434 
7.938225 8.183479 
13.265730 6.921160 
11.479694 3.653525 
10.436073 6.825593 
12.126588 2.722683 
11.204551 3.236489 
11.792208 2.951433 
11.234198 2.783850 
11.207978 2.863905 
11.0175 12.7557 
9.14861 11.7196 
19.023 15.0863 
11.0327 10.2764 
11.7326 17.2457 
8.96496 5.95848 
8.69114 10.2069 
12.449 4.71695 
17.4368 17.2288 
5.89872 12.2612 
8.35384 5.44828 
13.8817 15.5775 
16.4148 16.1038 
17.5138 17.1658 
13.1822 12.5225 
14.0272 16.397 
4.47116 12.9171 
19.2051 17.7838 
8.93443 16.4698 
18.5093 17.8013 
18.5492 17.8556 
2.480246 11.855429 
15.799049 12.998540 
13.854590 9.651324 
7.546672 5.638123 
15.634578 10.097791 
7.803663 5.119650 
7.506824 5.342359 
12.459036 4.194139 
10.923572 3.145266 
10.953228 4.009156 
10.939717 2.938940 
11.064987 2.857732 
11.011196 2.894869 
10.985960 2.907780 
11.131564 2.872137 
11.030123 2.875318 
10.839556 2.998215 
10.876754 3.002968 
10.878624 2.967454 
10.793132 3.245961 
11.006953 3.036296 
7.713481 5.108951 
19.999721 12.873246 
10.417836 6.217787 
7.918335 5.026457 
7.637379 5.217620 
7.196004 5.625758 
7.064206 6.138233 
7.259995 5.514447 
7.338239 5.796791 
7.001407 5.726969 
12.870701 14.468725 
6.608433 7.678630 
7.163123 7.296306 
13.048498 15.473887 
7.094858 8.601311 
8.569985 15.653901 
9.856592 19.106127 
9.418283 14.732477 
11.269316 14.729338 
2.568960 12.081738 
2.493688 11.940487 
4.716063 12.188838 
2.707253 12.247108 
2.627381 11.832157 
2.532121 11.861438 
2.540533 11.741889 
15.419845 19.535756 
2.497995 11.790921 
2.482858 11.896804 
2.496142 11.856066 
2.484927 11.823950 
2.517178 11.996298 
5.617731 14.064603 
2.480498 11.877205 
2.548932 11.793176 
2.486418 11.835200 
15.953333 12.139428 
2.482692 11.862032 
2.486630 11.915947 
3.035308 11.090704 
6.434722 12.012610 
4.765238 12.020378 
2.793728 10.759147 
4.696292 11.480488 
2.552761 10.831585 
4.924093 11.712667 
7.920869 14.134683 
7.669621 12.641340 
12.415270 15.741139 
5.607941 13.414692 
7.109632 8.076284 
6.197035 6.492531 
6.391842 6.520095 
6.115289 6.559130 
6.156984 6.521629 
7.040512 5.663455 
7.069399 5.632051 
8.479525 6.853565 
