6.24335 12.4078 
19.0763 16.4764 
15.6556 16.3372 
13.5555 14.3423 
16.9153 17.6638 
17.2483 11.5479 
15.9072 17.199 
16.3687 18.772 
10.6828 18.5705 
15.0482 13.1956 
11.7367 6.46269 
13.9228 15.1338 
14.9933 15.9814 
18.2503 18.3114 
18.7596 15.4898 
8.09457 10.3245 
17.7853 16.1812 
14.1394 10.0619 
7.9343 7.27691 
16.3651 13.9199 
14.6835 18.558 
13.030091 14.861727 
8.010916 5.805537 
11.024786 10.013779 
10.571749 7.076620 
4.218698 8.961118 
5.409294 9.848336 
5.447991 10.483650 
4.041524 9.089668 
7.825278 13.089411 
4.159953 9.166720 
4.049775 9.236974 
4.277003 9.089938 
3.967036 9.202607 
4.005194 9.423468 
3.858409 9.379713 
3.980097 9.318146 
6.227551 13.755808 
3.970534 9.242942 
3.895353 9.587941 
11.566906 15.725925 
3.820791 9.522560 
3.935025 9.785145 
3.899697 9.323934 
3.870300 9.674518 
3.808054 9.441887 
3.826976 9.434017 
5.335938 9.688436 
3.808743 9.560581 
3.708870 9.599325 
3.681948 9.634664 
16.089363 13.328945 
3.714388 9.588248 
3.791405 10.052410 
3.718642 9.913829 
9.428495 15.136819 
3.641659 9.700793 
4.144328 8.942543 
4.203405 8.856847 
4.174368 8.921767 
4.307438 8.780350 
4.279087 8.780398 
7.706619 10.097371 
15.551424 14.837348 
8.646119 7.456914 
4.312748 8.707785 
4.355404 8.691060 
7.706661 4.710017 
9.519323 6.840058 
7.777995 4.993204 
9.614655 7.679618 
9.696370 7.342310 
13.575348 10.329407 
11.834455 9.068526 
7.589129 4.734209 
11.888909 3.943157 
13.840176 7.399567 
13.249546 7.050403 
13.290627 8.334475 
14.640415 7.712570 
12.672951 4.930003 
13.809616 6.327881 
11.756546 3.613848 
11.506496 3.141999 
11.302443 2.813939 
11.176704 2.611406 
11.194496 2.616843 
11.119387 2.585537 
11.114727 2.523925 
11.095405 2.491131 
11.051985 2.461234 
19.768893 15.328608 
11.069442 2.472944 
11.180951 2.488654 
11.100463 2.417344 
11.128235 2.439640 
11.072277 2.413557 
11.061020 2.430678 
11.057073 2.444170 
11.048200 2.427371 
