14.9229 14.3209 
13.8724 12.7189 
18.7594 19.1377 
15.6343 11.4184 
15.2422 19.2894 
9.62263 4.25114 
13.914 15.3469 
16.7246 14.1045 
8.44782 4.84475 
15.8017 14.8861 
5.99869 8.67612 
11.5241 9.27809 
19.5511 19.4715 
16.5312 15.0657 
13.469 7.93735 
12.2451 14.3236 
14.6218 11.9918 
17.9709 16.8021 
11.4221 13.705 
17.0621 19.3349 
3.84943 10.2454 
4.561785 9.747990 
15.203948 15.178790 
10.846277 13.322638 
5.004063 9.250318 
11.649012 11.261343 
4.607410 8.304807 
7.897432 13.118141 
4.344772 8.658613 
4.523155 8.836158 
4.185121 8.901358 
4.749202 8.665950 
3.893671 9.853807 
4.346870 10.199535 
3.666308 9.681769 
3.817128 9.991476 
4.836819 9.961291 
3.740976 9.554822 
19.999429 12.871865 
3.933654 10.230742 
3.722741 9.673131 
3.769247 9.598572 
3.768873 9.524891 
3.673719 9.648676 
3.705743 9.616972 
13.257753 17.078573 
3.720864 9.599310 
4.128227 10.508486 
3.637870 9.724991 
17.115224 17.115177 
3.670090 9.906746 
3.663443 9.804458 
3.838046 9.608500 
3.656317 9.682265 
3.638919 9.746799 
4.124268 9.410382 
7.240801 14.631772 
15.963661 14.520856 
15.871496 5.550220 
4.301251 8.848349 
4.534940 8.499179 
5.382791 8.193061 
4.933019 7.888386 
5.041450 7.765642 
5.430915 7.678400 
5.882710 7.525824 
6.314839 7.572712 
9.231908 4.656790 
17.442081 14.964582 
8.795105 5.055176 
7.666845 5.271166 
7.817422 4.991825 
15.739533 11.933442 
10.304055 5.627878 
9.304196 4.118860 
19.255557 14.535879 
9.627924 4.982235 
9.102531 4.039254 
9.199633 4.015143 
8.985748 4.147840 
9.173189 4.044247 
9.062007 4.063795 
9.241321 4.035790 
9.154047 4.008261 
13.166050 8.017564 
14.957867 5.469706 
17.281026 11.218737 
9.241544 3.949100 
7.056328 6.274877 
9.257878 4.899250 
9.290080 3.966051 
9.242570 3.961906 
15.154665 5.008694 
9.254937 3.930057 
9.223079 3.950827 
17.877770 12.668315 
9.203142 3.971631 
9.310461 3.903545 
9.290782 3.906503 
9.627559 5.929972 
