14.4961 17.0465 
13.9933 15.6606 
12.1839 11.8363 
14.9625 11.1333 
16.9684 16.9557 
10.533 9.94896 
12.1436 18.48 
13.5062 8.95885 
18.4227 12.3044 
15.7153 11.8347 
16.7254 15.1014 
16.6325 13.6813 
13.1549 8.97752 
17.3538 17.3248 
3.49097 11.3938 
14.7976 15.3539 
18.801 16.4553 
5.60782 13.5012 
18.6446 19.5653 
17.4779 15.9906 
13.3842 19.0138 
7.924143 15.344375 
9.518453 3.604949 
12.750003 9.508473 
10.540090 4.604539 
10.263813 5.287669 
9.461852 3.328578 
12.911018 14.170055 
9.546692 3.371595 
9.524236 3.305080 
9.491467 3.323621 
9.498396 3.379789 
9.613070 3.396209 
17.994441 13.510555 
9.487479 3.313444 
9.607414 3.335011 
9.518834 3.292381 
9.568594 3.266671 
9.567450 3.371981 
9.561427 3.296518 
9.573376 3.277549 
18.522509 12.371268 
9.406341 3.577552 
9.351789 3.420376 
12.058125 13.683306 
9.507467 3.603864 
9.375688 3.382997 
12.830077 10.994150 
9.423977 3.407962 
9.370598 3.409118 
16.851056 16.851033 
9.351634 3.398472 
5.017886 12.092150 
10.439922 15.187818 
3.213449 10.935408 
3.019108 10.905555 
3.411510 10.466436 
5.019927 12.129087 
3.143819 10.555326 
3.390722 10.654676 
3.149964 10.602963 
10.883107 17.258928 
3.060636 10.705648 
3.060829 10.772209 
2.962470 10.869009 
3.095867 10.656987 
3.088717 10.833461 
2.960516 10.989181 
2.954971 10.959597 
2.989505 11.047029 
2.985333 10.824193 
2.930522 10.951079 
2.912968 10.994324 
12.877370 19.999861 
2.922739 11.030247 
2.907180 10.978181 
2.913881 10.975318 
2.894322 11.005138 
2.911085 10.962071 
3.023973 10.874439 
2.947358 10.914399 
2.902100 10.978954 
3.069141 10.669156 
3.100142 10.622328 
3.080729 10.653121 
3.112366 11.104819 
3.057801 10.735060 
3.653472 11.744633 
3.553852 10.397139 
3.613802 11.736997 
3.470649 10.396779 
3.394449 10.311390 
3.884607 10.361744 
5.897294 11.099706 
6.245477 11.287212 
3.645558 10.328306 
4.502579 11.944497 
9.356615 3.397125 
15.474983 9.340945 
9.344575 3.410010 
