11.0175 12.7557 
9.14861 11.7196 
19.023 15.0863 
11.0327 10.2764 
11.7326 17.2457 
8.96496 5.95848 
8.69114 10.2069 
12.449 4.71695 
17.4368 17.2288 
5.89872 12.2612 
8.35384 5.44828 
13.8817 15.5775 
16.4148 16.1038 
17.5138 17.1658 
13.1822 12.5225 
14.0272 16.397 
4.47116 12.9171 
19.2051 17.7838 
8.93443 16.4698 
18.5093 17.8013 
18.5492 17.8556 
2.480246 11.855429 
15.799049 12.998540 
13.854590 9.651324 
7.546672 5.638123 
15.634578 10.097791 
7.803663 5.119650 
7.506824 5.342359 
12.459036 4.194139 
10.923572 3.145266 
10.953228 4.009156 
10.939717 2.938940 
11.064987 2.857732 
11.011196 2.894869 
10.985960 2.907780 
11.131564 2.872137 
11.030123 2.875318 
10.839556 2.998215 
10.876754 3.002968 
10.878624 2.967454 
10.793132 3.245961 
11.006953 3.036296 
7.713481 5.108951 
19.999721 12.873246 
10.417836 6.217787 
7.918335 5.026457 
7.637379 5.217620 
7.196004 5.625758 
7.064206 6.138233 
7.259995 5.514447 
7.338239 5.796791 
7.001407 5.726969 
12.870701 14.468725 
6.608433 7.678630 
7.163123 7.296306 
13.048498 15.473887 
7.094858 8.601311 
8.569985 15.653901 
9.856592 19.106127 
9.418283 14.732477 
11.269316 14.729338 
2.568960 12.081738 
2.493688 11.940487 
4.716063 12.188838 
2.707253 12.247108 
2.627381 11.832157 
2.532121 11.861438 
2.540533 11.741889 
15.419845 19.535756 
2.497995 11.790921 
2.482858 11.896804 
2.496142 11.856066 
2.484927 11.823950 
2.517178 11.996298 
5.617731 14.064603 
2.480498 11.877205 
2.548932 11.793176 
2.486418 11.835200 
15.953333 12.139428 
2.482692 11.862032 
2.486630 11.915947 
3.035308 11.090704 
6.434722 12.012610 
4.765238 12.020378 
2.793728 10.759147 
4.696292 11.480488 
2.552761 10.831585 
4.924093 11.712667 
7.920869 14.134683 
7.669621 12.641340 
12.415270 15.741139 
5.607941 13.414692 
7.109632 8.076284 
6.197035 6.492531 
6.391842 6.520095 
6.115289 6.559130 
6.156984 6.521629 
7.040512 5.663455 
7.069399 5.632051 
8.479525 6.853565 
