17.9142 18.8363 
16.584 15.9861 
5.98819 7.4742 
10.3184 15.7868 
11.2577 16.1898 
5.70489 10.8577 
15.2218 15.7208 
15.4947 14.4479 
16.0704 16.9897 
11.7677 17.3075 
17.1262 11.97 
11.5007 10.4014 
9.78066 7.40169 
18.0257 16.5276 
18.018 16.7707 
18.1763 18.2992 
15.3232 17.0584 
17.4969 13.1331 
16.739 10.2942 
17.6567 11.6686 
14.4025 18.0522 
12.678095 15.285335 
9.006547 13.923186 
7.469685 12.457470 
8.374671 9.649189 
5.811290 6.895681 
7.852479 11.999912 
6.799282 7.049797 
6.680290 10.460097 
6.301143 11.246094 
5.906328 7.098138 
5.719829 7.016596 
5.785143 7.137093 
5.574333 7.131051 
5.629582 7.076047 
5.636743 7.070244 
5.567556 7.191781 
5.906184 7.160361 
5.486413 7.239323 
5.416414 7.386682 
19.999934 12.875818 
5.440618 7.310641 
5.816069 8.270584 
5.455526 7.541324 
6.693144 9.400470 
5.413300 7.453133 
7.057352 10.693705 
12.876897 19.999891 
5.444243 7.419805 
5.485859 7.685051 
5.400607 7.356367 
5.382307 7.413083 
5.680369 7.012862 
5.639850 7.057879 
5.679830 7.033322 
5.749671 7.004357 
5.621835 7.077691 
6.969412 5.745119 
7.284182 5.444566 
7.021870 5.686425 
7.112294 5.604806 
7.116248 5.612431 
7.588266 5.201955 
7.604318 5.296383 
15.771006 11.984409 
10.085938 6.817726 
7.446080 5.434708 
7.736357 5.102730 
7.766492 5.031424 
7.876492 4.995202 
7.864951 4.953773 
7.929271 4.900758 
7.948248 4.890795 
7.997945 4.851548 
8.046432 4.816266 
8.019947 4.830488 
8.071750 4.786950 
8.142124 4.762166 
8.145917 4.732692 
8.129193 4.747111 
8.189224 4.719223 
8.190179 4.703547 
8.261136 4.695807 
8.231671 4.694801 
8.257206 4.670616 
8.266829 4.649553 
9.670944 6.207774 
8.374202 4.646571 
8.326575 4.645741 
8.698450 5.152686 
10.799549 6.719311 
8.351019 4.641704 
8.309792 4.639649 
8.107698 5.708202 
8.295809 4.644146 
8.347401 4.604943 
8.907907 6.523812 
7.240520 5.581958 
7.029318 5.669300 
7.001427 6.231845 
