15.8186 13.7262 
18.4305 18.226 
19.4112 19.7109 
14.6742 19.5922 
15.3864 11.2363 
10.5096 14.0127 
7.81562 8.41878 
7.50317 15.1431 
19.1471 15.0448 
12.5741 11.3977 
14.3581 4.94553 
19.1 17.7996 
12.4701 14.3067 
16.3996 16.7604 
13.7603 18.2344 
14.694 12.5404 
5.04832 8.52732 
19.497 15.3402 
14.4858 17.2009 
5.53564 11.8615 
8.78804 3.79243 
14.403735 9.989044 
10.097477 7.952787 
8.926299 5.576999 
16.091328 16.969970 
8.801989 4.143360 
9.248612 4.947516 
9.475807 4.502650 
11.737655 8.777151 
11.977873 9.253550 
9.648030 5.500210 
14.839427 5.649700 
11.898705 7.711121 
10.256975 5.660468 
9.658886 5.752798 
8.816655 4.028908 
9.408085 5.592064 
5.495704 7.335889 
5.653025 7.700117 
6.949995 8.401694 
5.508691 8.118307 
17.386486 16.488185 
5.271215 7.846760 
5.325000 7.477409 
5.119570 7.659582 
5.438072 7.288759 
5.651433 7.233254 
6.032484 10.334641 
5.009083 8.153871 
4.601801 8.665696 
4.570501 8.384013 
9.561718 13.815709 
6.584278 10.779622 
3.251194 11.645177 
3.901669 12.289767 
8.795283 13.997454 
3.071056 11.255600 
4.111493 11.611072 
2.424550 11.141585 
3.161769 11.749148 
2.387488 11.133690 
2.417202 11.096317 
2.388114 11.142171 
2.397112 11.113215 
17.163134 19.563009 
2.381891 11.162090 
2.367475 11.173910 
2.569200 11.170468 
2.394744 11.121183 
2.362811 11.195568 
2.352168 11.194310 
2.467995 11.315346 
7.304161 9.651814 
2.729159 11.155158 
2.590149 11.316930 
5.422349 13.083688 
3.026286 11.575089 
4.501903 8.490891 
4.365696 8.786827 
13.239009 16.592333 
4.370841 8.675778 
4.366506 8.629404 
5.579459 7.234462 
5.176013 7.760068 
5.797510 6.978533 
5.694060 7.009980 
5.716781 7.085277 
6.084140 7.032921 
8.720601 3.854690 
8.724616 3.820933 
9.441585 9.860639 
5.919637 6.988847 
8.640996 3.928528 
8.752056 3.885211 
17.874544 12.649202 
8.688390 3.874222 
8.566999 3.929790 
8.944823 4.248273 
8.754897 3.819211 
8.822023 4.105937 
