15.7929 16.4252 
13.6253 14.0802 
16.1156 12.3686 
8.12619 9.1458 
17.5507 16.7772 
14.7012 18.3937 
13.6358 15.8138 
16.3944 17.6038 
13.932 14.5759 
19.2709 18.0485 
19.8807 18.6511 
9.91738 5.85828 
16.8121 17.6197 
6.29915 10.4507 
12.4008 15.0459 
17.8554 17.7566 
11.6218 16.4904 
13.0831 13.0373 
15.7934 10.6724 
6.20042 7.25732 
17.4409 17.91 
5.117554 10.309764 
5.864468 10.979302 
8.265882 12.516645 
5.537355 10.396401 
5.069129 10.325456 
8.762833 12.236743 
7.207170 11.389432 
8.495815 13.075614 
7.424344 6.791116 
5.144191 10.257548 
5.750160 10.484580 
6.210126 6.753571 
6.831324 7.435282 
5.992668 6.694306 
6.551320 6.653976 
17.161325 15.824494 
6.192158 6.486016 
6.791274 6.645943 
6.315113 6.349398 
7.021823 6.531223 
6.684123 6.392333 
8.963697 3.716568 
9.639962 3.796291 
12.197747 7.716991 
10.035888 5.052795 
9.171137 3.682511 
10.078345 4.876463 
9.093863 3.649436 
9.033062 3.688980 
13.196994 8.955618 
10.081960 4.668055 
9.477910 4.052085 
9.152982 3.527506 
8.999489 3.924673 
10.667087 8.530470 
9.195363 3.499929 
9.166606 3.558775 
9.232676 3.480804 
15.525134 13.147559 
9.208444 3.517935 
9.202014 3.527302 
9.215078 3.929372 
9.767037 6.701109 
9.129737 3.849681 
11.222240 7.618392 
8.972120 3.670125 
9.216859 3.489640 
9.424275 4.666562 
12.460742 9.147488 
9.174264 3.558495 
9.172081 3.538729 
8.888945 3.734666 
8.962991 3.753375 
8.983980 4.001426 
9.023984 3.872537 
8.989059 3.662042 
6.236113 6.462743 
6.333267 6.390624 
9.099176 8.082835 
7.926005 6.360087 
7.587859 6.169226 
6.120017 7.054538 
6.075138 6.591498 
5.921164 6.792780 
6.120116 7.749080 
14.124646 16.136073 
5.104477 10.248186 
12.876821 19.999877 
5.088514 10.274223 
14.194007 18.126656 
1.664214 12.855344 
3.270749 13.786133 
4.750321 12.893925 
1.736833 13.007690 
2.471326 13.029614 
2.187381 12.824517 
1.752192 12.878438 
1.616233 12.906029 
1.610683 12.871845 
