16.3013 16.0337 
18.6495 14.3121 
18.8923 15.4437 
14.0822 14.9927 
14.0007 13.3013 
15.4515 19.8341 
8.53581 10.6588 
16.3552 9.41137 
14.0961 16.0321 
19.7444 19.2981 
13.4291 12.9545 
14.9063 17.006 
18.6005 16.4952 
15.8621 11.0968 
14.557 16.7895 
15.1293 18.918 
15.3446 15.0823 
16.558 15.2972 
4.67776 12.1609 
13.0189 17.7893 
11.8081 13.6135 
5.967509 13.209729 
5.868782 10.585534 
7.902647 11.204903 
11.667681 14.809286 
3.963864 11.106112 
8.460419 11.341021 
7.083173 11.998146 
17.289625 16.163859 
12.363838 14.137176 
16.921266 16.219881 
6.702197 12.854118 
14.780723 3.032184 
19.947273 19.293661 
15.604902 7.290288 
14.810949 3.963272 
15.314152 5.672828 
14.691877 3.006595 
14.766822 3.416849 
14.936142 3.310094 
15.512109 4.534667 
14.769516 3.103195 
14.747097 2.992297 
14.803564 2.997445 
14.735307 3.005745 
14.750959 3.112905 
14.723811 3.000165 
14.782590 3.038449 
14.772963 2.980495 
17.473394 17.973033 
14.712415 3.005229 
12.251809 2.711735 
14.228030 5.734218 
11.795476 2.495595 
11.674474 3.189553 
11.976332 3.581565 
11.957601 2.500152 
11.277636 3.924245 
11.494592 2.670515 
11.330118 2.722230 
11.660261 2.864706 
11.264194 3.577499 
10.588528 3.703135 
10.550788 4.143142 
10.482270 3.838455 
11.181107 5.648475 
10.121180 3.520912 
9.905940 3.520742 
9.811531 3.586986 
9.882761 3.552748 
11.799597 8.682024 
9.784551 3.710196 
4.817025 8.093029 
4.530416 7.820994 
4.593585 7.737458 
4.650795 7.900932 
4.540150 7.753446 
4.824279 8.215412 
4.509604 7.792220 
4.572615 7.799282 
4.955900 7.965780 
3.927763 15.283583 
3.241317 10.915011 
3.785982 11.143467 
2.773488 10.463822 
2.749173 10.585136 
10.467259 17.729847 
6.314110 15.130750 
3.295053 10.745288 
2.724213 10.501609 
2.796422 10.544938 
2.724143 10.497722 
3.029048 10.790305 
2.703693 10.522307 
2.712759 10.515195 
2.711163 10.510172 
2.709192 10.512385 
2.709711 10.527645 
2.718350 10.517761 
2.702060 10.527103 
