16.007 11.0128 
16.2435 11.5103 
10.4612 15.8807 
16.8251 17.0104 
16.0521 17.299 
12.4586 6.94951 
16.9324 11.2212 
13.445 15.0431 
18.1273 14.8547 
6.97445 15.3061 
17.9952 15.8796 
12.6098 15.9368 
6.91082 8.23908 
6.11622 12.1185 
15.1772 13.3712 
12.0666 18.7666 
12.0218 12.1011 
17.1582 17.1048 
15.9703 16.1098 
16.3075 16.3576 
14.8773 14.5222 
4.384048 11.912960 
3.653297 11.744447 
2.511858 11.985300 
11.028578 17.629321 
2.579495 11.717084 
2.849476 11.661065 
2.716978 11.378674 
2.905394 11.343143 
5.886629 13.176839 
3.007178 11.037703 
13.842807 16.375149 
11.470348 13.678710 
8.815919 8.262396 
5.765877 6.777716 
5.746323 6.376123 
6.170746 6.761907 
9.984350 9.453198 
14.410704 13.234033 
6.266486 7.094482 
5.706455 6.449370 
19.999847 12.877515 
13.249304 5.533121 
13.136916 3.629641 
14.690290 7.176258 
14.939650 12.111281 
16.183766 9.643187 
13.924579 6.293609 
13.322360 4.401311 
13.072202 3.598758 
11.291937 2.665240 
11.028627 2.478843 
11.256925 3.182401 
11.073253 2.454209 
11.022989 2.497983 
11.059039 2.427611 
11.134124 2.482267 
11.032290 2.461393 
11.036172 2.431518 
11.060668 2.420045 
11.078064 2.415476 
14.297795 7.236914 
19.234495 14.776910 
11.114351 2.747102 
11.012891 2.443501 
17.661953 10.395027 
11.091835 2.630340 
10.909546 2.550458 
11.696819 4.337942 
10.994133 2.533801 
10.939422 2.619096 
12.652764 6.683090 
10.056982 4.450120 
9.729307 4.609232 
9.658741 3.951727 
9.665182 5.512313 
9.360345 4.005089 
8.945765 9.882184 
10.805092 10.651162 
5.864557 6.648992 
7.579864 5.249408 
9.929328 6.851113 
5.821811 6.575234 
5.761666 6.432287 
6.784615 6.762306 
12.873995 19.999883 
6.112809 6.993536 
3.361490 11.742728 
3.798471 10.749890 
12.307026 14.528216 
3.399146 10.192974 
3.440709 10.381900 
3.481568 10.936414 
2.777121 11.272029 
4.850486 11.542956 
2.819105 11.137902 
3.234132 11.068480 
2.624330 11.885190 
2.832904 12.370004 
2.835141 11.970924 
