17.4181 15.68 
10.4033 12.3172 
8.8511 6.59186 
9.43514 16.5706 
17.4453 19.413 
16.3654 16.7436 
19.423 19.2174 
18.7339 17.7967 
11.5965 7.03249 
11.1075 15.4039 
17.406 16.4144 
14.7663 16.4194 
15.7436 19.0461 
17.804 17.048 
11.0812 12.9772 
19.5873 15.3812 
18.0588 9.88058 
2.70526 11.4538 
13.5065 9.69654 
11.674 14.8226 
9.23515 6.0844 
3.760830 11.765784 
17.033826 16.988425 
2.830184 11.123922 
3.035486 11.662413 
4.334960 12.793085 
2.813217 11.253155 
2.750453 11.420462 
2.754395 11.271676 
2.681906 11.409069 
3.265061 11.267444 
2.655833 11.462656 
2.649318 11.590734 
2.643284 11.537198 
2.681487 11.692451 
2.753036 11.369346 
2.625628 11.569013 
2.635601 11.640623 
2.583498 11.610602 
2.586641 11.613924 
2.570453 11.637746 
2.592552 11.598223 
2.919999 11.120526 
2.871587 11.187850 
2.964996 11.060351 
2.923026 11.018693 
2.941261 11.081799 
3.742349 10.801787 
4.448073 10.968487 
3.561593 10.731826 
3.427776 10.771337 
3.229021 10.741645 
6.413466 11.098589 
15.042578 12.192611 
3.404965 10.135205 
3.542437 10.097070 
3.572457 10.305762 
8.714307 5.893215 
7.841463 4.545145 
8.048422 4.518092 
9.653678 6.635714 
9.844827 6.548372 
7.892809 4.431660 
7.941248 4.536444 
11.789794 8.309717 
12.699259 8.552509 
7.929925 4.414675 
7.919236 4.493826 
7.943704 4.423470 
7.954295 4.386678 
7.958586 4.382320 
18.600669 15.000902 
9.299137 4.436795 
7.953528 4.462906 
9.529470 4.156186 
9.919325 4.655416 
9.264605 3.948313 
9.084459 4.051154 
9.204265 4.006352 
9.378170 3.851508 
9.255631 3.947006 
9.374450 3.901633 
9.470391 3.794723 
9.460339 3.796746 
9.418861 3.831300 
9.499990 3.769136 
9.521271 3.757499 
17.604199 10.703407 
9.503509 3.766270 
9.553424 3.744014 
9.585422 3.749716 
10.022479 3.552034 
7.944941 4.389829 
7.965141 4.376358 
10.975876 8.331307 
8.890693 4.195841 
7.969621 4.376895 
7.793117 4.522054 
7.767381 4.532031 
7.768148 4.529005 
