11.4251 3.19778 
12.8099 14.5301 
17.1427 12.2839 
11.7213 13.2503 
15.9547 19.5369 
17.8007 17.8608 
19.1303 15.844 
11.2916 12.3548 
14.5762 17.773 
16.7793 16.6638 
12.4711 17.8333 
12.3099 16.7447 
17.3754 15.8548 
11.5498 17.1063 
9.626 4.35393 
16.9487 16.9859 
14.7482 7.84938 
16.0433 9.29954 
11.5384 8.69911 
18.4708 19.3689 
15.8834 11.3771 
11.335973 8.802315 
12.121745 6.776586 
11.812159 6.732807 
11.660112 2.875491 
11.823262 5.725699 
11.243804 6.487987 
11.726674 8.073769 
9.217941 4.314962 
10.040102 5.692244 
9.547008 4.518648 
8.947504 3.759388 
12.293108 11.618248 
8.884874 3.725830 
16.292290 18.228196 
8.111736 14.132898 
8.916384 3.688169 
7.369090 13.495111 
8.803793 13.900669 
8.400696 14.442795 
8.469146 14.154648 
16.682936 17.372010 
2.232369 11.476505 
10.296171 18.914101 
7.793185 13.882850 
2.272697 11.535701 
2.209629 11.500326 
4.366041 12.819745 
2.224345 11.492543 
2.200670 11.507980 
2.201761 11.516724 
2.204982 11.494783 
2.222757 11.487834 
2.199198 11.507231 
2.213022 11.478321 
2.215997 11.518687 
8.328249 14.954945 
2.207287 11.511628 
2.307803 11.498944 
2.206731 11.500657 
2.257512 11.502544 
2.191640 11.524668 
2.338945 11.615818 
2.243360 11.456172 
7.475098 12.951641 
6.796779 14.431393 
4.261260 9.670192 
3.943909 9.892529 
3.702697 9.612808 
4.061105 9.225519 
3.864577 9.359548 
6.294382 11.893621 
4.799506 9.440306 
4.334851 8.787208 
6.002898 8.806618 
4.919147 8.407932 
4.735459 8.192937 
8.879398 3.717720 
8.896506 3.704252 
9.490317 10.090188 
17.896103 12.776812 
8.895015 3.703793 
15.930884 12.236481 
15.878245 12.156393 
9.049940 3.826934 
17.568059 8.905929 
8.877557 3.814878 
11.507455 2.667204 
11.227694 2.797539 
11.394788 2.928798 
11.490366 2.670748 
11.272946 2.773759 
11.381918 2.701315 
11.398084 2.737335 
11.713611 2.662176 
11.607141 2.631481 
11.628047 2.764784 
11.563286 2.621022 
11.963441 2.865465 
11.506159 2.635141 
