15.3832 16.3999 
11.0515 8.81683 
10.3329 7.10635 
16.7775 12.9942 
9.57007 18.6379 
13.9158 7.9911 
15.7539 13.4131 
17.3416 19.2123 
19.1946 17.7557 
7.99695 14.5142 
10.2557 3.39139 
12.1074 13.3614 
19.1165 15.7765 
10.3336 16.0503 
6.48165 6.97367 
9.28451 15.4605 
15.4402 13.0505 
16.3273 14.4893 
14.4634 15.352 
6.77958 11.9782 
13.3014 12.8395 
14.123005 15.634801 
13.052143 17.671369 
9.297072 13.956131 
6.629308 8.842695 
14.209146 18.219312 
6.036672 9.246197 
12.709920 15.301432 
4.833057 8.540370 
4.528058 8.634354 
18.062718 17.647225 
4.458633 8.525472 
4.323820 8.912358 
4.334719 8.675644 
4.367024 8.771508 
4.186907 8.888378 
4.256904 8.782932 
4.392782 8.607868 
4.425204 8.582070 
4.258375 8.932932 
4.969946 8.595446 
4.270078 8.851793 
8.351633 8.271894 
4.693002 8.193064 
7.012505 7.665742 
5.936057 7.515966 
5.154609 7.798180 
15.565343 14.423282 
11.010926 9.088477 
6.310143 6.393005 
6.369956 6.291996 
7.162201 6.483887 
12.803827 7.089078 
12.163569 5.250141 
10.530581 3.705658 
12.089581 4.597760 
10.729966 3.137119 
10.556750 3.166836 
10.799613 3.013799 
10.632454 3.264022 
10.903393 2.990338 
11.087271 3.127994 
10.709023 3.055913 
10.984291 2.960154 
10.717693 3.186311 
11.641200 7.297861 
10.880267 2.956136 
10.971464 2.912362 
11.004030 2.890348 
13.146402 13.629592 
10.967232 2.909951 
11.064288 2.866432 
12.756272 4.667455 
10.983791 2.960995 
11.034437 2.873466 
11.111661 2.866631 
11.091550 2.861067 
10.667383 3.079032 
10.754972 3.064988 
10.770576 3.017503 
10.541779 3.472213 
10.692011 3.095695 
17.118272 17.118381 
10.153362 3.406121 
12.843975 8.514888 
13.971426 8.228743 
10.198047 3.368653 
6.468431 6.237152 
6.540681 6.255490 
6.456203 6.262500 
6.520834 6.164790 
6.548054 6.124064 
6.423427 7.782289 
5.801555 7.203479 
5.800467 7.268905 
5.751942 7.066431 
6.679971 8.680290 
10.707345 15.462142 
4.557944 8.579418 
4.311432 8.717202 
