14.55 12.1837 
17.244 18.3943 
10.0191 6.8018 
16.1874 12.9948 
12.5149 12.8007 
16.4505 11.3197 
11.6125 17.4893 
17.4126 17.3815 
11.6743 15.585 
19.7072 14.8184 
17.0479 17.1366 
8.58776 13.7119 
16.7187 10.1042 
13.6167 17.7965 
8.20988 12.9482 
18.2605 19.2883 
16.0251 17.0931 
11.463 13.0504 
17.4347 15.2347 
18.0007 17.8142 
17.5466 16.0423 
4.598645 13.712413 
8.252960 14.950579 
2.117581 12.934383 
1.607437 12.885776 
2.065325 13.199346 
2.376526 12.958086 
1.658452 12.949632 
1.753404 12.911656 
19.049784 19.925185 
1.742156 13.011249 
3.786895 14.020404 
1.675802 12.814525 
13.888401 8.962768 
1.706641 12.713531 
1.858094 12.876803 
10.735062 14.344388 
7.669137 14.542800 
1.728135 12.783919 
3.838250 13.335415 
1.865870 12.781345 
1.718031 12.737860 
5.507434 10.220275 
3.657750 9.705041 
3.599752 10.095853 
3.772403 9.883146 
3.775176 9.520657 
8.726282 4.307587 
10.019107 5.762292 
11.744630 9.409406 
8.905186 4.168875 
8.524697 4.024326 
8.580052 3.939847 
8.532778 3.973814 
11.970115 8.076421 
8.696927 4.108559 
8.590072 4.021185 
8.577996 3.923910 
8.556616 3.952530 
17.759172 10.508458 
8.559082 3.948426 
8.595117 3.909613 
8.703391 3.965599 
8.600634 3.916942 
8.737351 4.353418 
8.593884 3.910785 
8.585447 3.917751 
19.066289 15.448921 
8.606409 3.901302 
8.604722 3.995824 
11.692483 3.340625 
12.243109 5.500125 
12.092407 2.576514 
11.753338 2.527297 
11.803588 2.842153 
11.878873 2.480645 
12.633412 3.148330 
11.477845 2.743595 
11.052933 3.011532 
11.184790 2.834605 
11.185323 3.589095 
11.294878 3.043925 
8.546492 4.059546 
8.541323 3.948452 
8.568676 4.046427 
8.525480 3.959070 
11.975507 8.121010 
11.362269 6.261386 
17.827131 11.522417 
9.828244 10.634539 
8.956864 4.873855 
8.534391 4.000782 
3.800967 9.495607 
3.751829 9.536427 
4.307616 9.395558 
3.978693 9.343882 
4.237608 9.816069 
4.127268 9.404222 
3.904053 9.393289 
4.144377 9.281824 
