7.51258 15.129 
12.7651 9.4591 
16.0477 14.8947 
12.5723 13.5895 
16.0991 17.2876 
10.6814 11.2343 
3.1121 11.6542 
17.6307 9.94459 
7.20604 9.3257 
16.6136 15.7534 
15.7856 13.0487 
16.3424 16.4427 
16.3572 16.6541 
14.4897 8.31953 
15.6543 11.2016 
16.3512 18.7245 
10.7465 10.043 
6.15572 9.05869 
8.11422 11.943 
5.06257 14.286 
16.0893 9.04137 
5.655303 12.293827 
4.432169 8.567241 
4.878041 8.767994 
4.658316 9.405212 
4.659350 8.286056 
4.769954 8.403528 
4.764155 8.257455 
4.657699 8.251498 
15.557469 12.363483 
8.073380 9.163927 
5.064032 8.140164 
19.440464 15.637361 
13.763248 6.165158 
13.537401 3.781947 
17.859957 13.437690 
14.516690 7.711105 
14.585291 5.683147 
13.322221 3.789391 
15.867438 11.351893 
13.385007 3.843508 
13.199923 3.567137 
13.153206 3.682477 
13.581602 4.103166 
13.905892 4.802405 
13.922015 4.850382 
13.252715 3.560530 
13.334951 3.590861 
13.243201 3.590492 
13.305712 3.502875 
13.286661 3.545889 
13.363322 3.544857 
13.543092 4.506016 
13.285129 3.509734 
13.281855 3.659428 
13.274399 3.556016 
13.293257 3.514512 
13.062150 3.644158 
13.167673 3.656475 
13.063937 3.601941 
13.059088 3.754452 
13.347631 3.488051 
12.019367 6.172385 
10.780721 3.528068 
10.660164 3.118461 
12.876010 19.999957 
11.102135 3.844795 
4.918570 8.160813 
5.499632 8.358464 
4.942866 7.936182 
5.541736 8.990637 
4.868235 7.970323 
10.387655 13.764968 
4.969246 7.864161 
5.038395 7.801007 
4.976112 7.834350 
5.052469 7.741040 
7.852553 12.246880 
7.845668 12.327122 
2.641266 12.174423 
4.558976 8.439788 
4.491592 8.529604 
2.490356 11.807193 
2.927847 11.850488 
7.142213 14.958915 
2.520577 12.002731 
2.869249 11.641991 
2.502768 11.782797 
2.482736 11.834162 
2.518648 11.787688 
2.485526 11.821725 
2.494667 11.845154 
2.558438 12.066452 
12.032996 15.287530 
15.951401 19.353489 
2.703728 11.649247 
2.542893 11.740047 
8.329272 13.292955 
2.497824 11.952171 
3.195995 11.675153 
