15.0073 12.5833 
16.8347 19.3299 
11.0978 8.77657 
15.5141 13.3869 
18.9823 14.835 
14.715 19.0868 
12.2521 5.37211 
18.1479 13.8334 
19.1742 19.5478 
17.5979 19.5761 
15.9306 12.0263 
13.2067 14.5864 
6.48375 10.2316 
18.8082 14.8837 
13.9408 16.937 
12.3183 15.8775 
14.7094 16.2181 
17.8008 16.8893 
10.9508 15.8373 
11.3469 2.53626 
17.8777 16.4967 
16.757109 17.134086 
14.631309 7.850291 
13.660282 7.982731 
12.752315 6.350577 
11.551484 2.351245 
12.632954 4.316929 
15.031481 12.203089 
11.863250 2.867843 
11.442319 2.315729 
15.956897 8.863426 
12.853078 4.405324 
11.402427 2.326338 
11.367956 2.300416 
11.446773 2.264418 
11.409942 2.248217 
11.379656 2.260517 
11.342743 2.351566 
11.744250 2.991467 
11.567416 2.588266 
11.351378 2.274217 
11.743713 2.739485 
14.657401 14.852746 
11.594712 3.022667 
10.182965 10.875082 
11.532048 2.983179 
12.660660 6.864309 
6.418980 6.960190 
6.533722 7.497028 
6.832489 7.012320 
6.740429 7.185632 
6.343547 6.606255 
5.928892 6.769541 
6.000774 6.688505 
6.719976 8.548567 
5.895280 6.931883 
6.150612 7.363939 
5.851169 6.861605 
8.674293 11.357306 
5.204350 8.030264 
8.103494 9.953042 
5.128704 7.835979 
5.031706 7.896345 
5.110995 7.673239 
5.086226 7.927426 
4.991538 7.838900 
5.039671 7.756514 
5.040311 7.807019 
11.066361 14.499163 
16.760560 15.419754 
4.831355 8.312129 
4.884607 8.201407 
5.002038 8.464153 
4.797982 8.246106 
4.789095 8.127178 
4.791749 8.166169 
4.779173 8.149549 
5.058758 12.860479 
4.801747 8.139684 
11.428501 15.434805 
6.938872 14.138197 
4.785545 8.148653 
4.907803 11.638393 
5.213078 7.689931 
5.272735 11.222731 
14.534410 15.350618 
9.100354 12.748002 
4.780814 8.138391 
4.783312 8.110743 
5.001043 8.691995 
4.781708 8.187028 
13.504156 12.180773 
5.885493 6.877923 
5.914880 6.836694 
5.830806 6.906378 
8.675452 8.004343 
5.993452 6.906945 
6.146913 6.633987 
6.367655 6.672110 
6.195301 6.539963 
