0.812171339 0.0912887535 0.978487732 
0.887101584 0.148911983 1.22030446 
0.18527885 1.59246441 0.255844205 
0.252552044 1.37115317 0.306584252 
0.221206523 0.0281243784 1.7522386 
0.0391583924 1.68544059 0.114484483 
0.0904503351 0.990419146 1.11387067 
1.5446977 0.0125638283 0.455989857 
1.35643754 0.439480636 0.275228693 
0.346854841 0.0933323771 1.47303245 
0.399802879 1.15897922 0.695198284 
0.172252949 0.726318457 1.34395695 
0.13122215 0.458672686 1.27455102 
0.0053199979 0.000112629378 1.53547886 
0.764748284 0.285521564 1.15148129 
0.949994413 1.24971133 0.432743654 
0.107184901 1.52978435 0.340132677 
0.782276404 0.980406801 1.02094355 
1.31875472 0.730277346 0.577223353 
0.163829631 0.445332167 1.13936275 
0.00501668498 1.57974593 0.166211077 
0.711838602 0.391178651 1.19118243 
0.644153524 1.06873835 0.601336428 
0.153066757 0.942919489 1.10984801 
0.124344123 0.0626609763 1.45554115 
1.27877691 0.602969508 0.843253294 
1.14546034 0.994781484 0.383323632 
0.616534209 1.20928334 0.57224833 
1.47233422 0.58773185 0.0525600058 
0.67964162 0.102709033 1.41525488 
0.0551219534 1.16734789 1.12309309 
1.51061363 0.127773723 0.267016055 
1.31002895 0.41456493 1.13138542 
0.162774276 0.23347875 1.63403627 
0.769278963 0.328280258 1.24090483 
0.168663675 1.17120539 0.90394964 
0.943930375 0.789119232 0.438802376 
0.025440542 0.103885655 1.39222611 
0.323914787 0.243696267 1.36108537 
0.204753569 0.247145013 1.37413939 
0.318016006 0.40302986 1.47975145 
0.365436216 1.3597762 0.0565883352 
0.76332173 1.07659506 0.0973849713 
0.307874669 1.02360898 0.543640786 
0.635102991 1.07380153 0.501006018 
0.410921021 0.455191845 1.00985245 
0.687552747 0.679953368 1.22189942 
1.50872543 0.100254048 0.503949672 
0.111429797 0.252812602 1.42069632 
0.606960361 0.440972206 1.37613892 
1.21381843 0.743849561 0.928828392 
0.0471446663 0.0313637797 1.29664651 
0.980651958 1.14566706 0.550262815 
0.756243737 0.690342415 0.645880308 
0.465065933 0.923059085 1.12998466 
0.274498029 0.663714291 0.924630812 
1.05151328 0.0417075597 1.0568503 
0.670967101 0.264256565 1.21519529 
0.247052447 0.3746709 1.67379149 
0.646297713 0.120569532 1.46776158 
1.26861334 1.01978418 0.196430351 
0.193763178 0.953198688 0.83542808 
0.373076952 0.129534791 1.2399744 
0.366421369 0.219943746 1.51307788 
0.833751466 0.802933843 1.09006315 
0.222270425 0.170056573 1.31937473 
1.45664421 0.320715239 0.90174622 
0.146055449 0.818269475 0.858503297 
1.46743998 0.676345073 0.733618737 
0.973221715 1.03715769 0.0198253996 
0.153225211 0.143956923 1.79205085 
0.189531782 0.490542806 1.2510848 
0.731884373 0.203812174 1.18747998 
1.08861382 0.280384328 0.825244356 
1.05510768 0.537127996 0.171628782 
0.0900314689 0.202754231 1.37650256 
1.61590158 0.336798942 0.819700393 
0.0160125237 0.0247278449 1.42438085 
0.680826305 1.2724853 1.04764584 
0.541545247 0.0497913749 1.15270583 
1.13922838 0.789580001 0.963386224 
0.748988799 1.35294956 0.466536165 
1.07085086 0.686508006 1.12979002 
0.0418316084 0.0872425398 1.39693984 
0.175948839 0.523084055 1.4407526 
0.508864057 0.52940001 1.44642985 
0.129637246 1.44228886 0.796637803 
0.680755 0.836879 2.61887e-05 
0.357548 0.959645 0.0142029 
0.884501 0.75224 0.0783058 
0.862444 0.626605 2.49758e-05 
0.750237 0.79959 6.89633e-05 
0.940691 0.431644 0.132605 
1.06139 0.353086 0.05299 
0.963371 0.414293 0.184754 
1.00886 0.513288 0.116396 
0.994396 0.339216 6.15462e-05 
1.22428 8.73808e-05 0.348672 
0.99787 0.0798976 0.317202 
1.41275 1.78566e-05 0.342422 
1.2951 3.24961e-05 0.343679 
1.25296 0.0812034 0.365504 
0.00211906 0.00176493 1.01995 
0.212918 0.00895126 1.02282 
0.685609 1.89533e-05 0.845666 
0.21361 0.0374471 1.10025 
0.593235 2.5264e-05 1.16385 
0.075732 0.0591557 1.09791 
0.0972099 0.0618769 1.1309 
0.0469845 0.0612947 1.12728 
0.0239096 0.0120397 1.13128 
3.85875e-05 4.5456e-05 1.20843 
0.553566 0.526261 0.65616 
0.703784 0.613157 0.441834 
0.55687 0.617514 0.572028 
0.53482 0.658 0.53968 
0.616002 0.652977 0.499266 
0.169106 1.22485 0.0589705 
0.150597 1.32492 0.0942983 
0.0833026 1.30746 0.139259 
0.0740605 1.37094 0.0489406 
0.0615121 1.16432 0.112616 
1.64616e-05 1.5007 0.123274 
5.34479e-05 1.45997 0.196728 
0.0348432 1.48634 0.241434 
0.0742677 1.4214 0.0851684 
2.04292e-05 1.34536 0.08234 
0.022016 0.0418935 1.04625 
0.0857264 0.136222 1.19486 
3.58768e-05 6.54002e-05 1.11175 
2.4405e-05 2.70295e-05 1.11682 
0.0142362 0.0163326 1.11081 
0.00436947 0.022293 1.09958 
0.0286753 0.429284 0.983514 
0.000410062 0.74276 0.724286 
0.00668828 0.34538 1.14471 
1.91417e-05 4.26636e-05 1.2473 
0.00272084 0.00450724 1.19909 
0.0239215 0.0398886 1.14366 
6.39473e-05 0.000113238 1.28365 
0.0121026 0.0234428 1.14679 
0.0520513 0.117186 1.09162 
0.00226636 1.18421 0.00193482 
3.3695e-06 1.19453 1.3512e-05 
1.057e-05 1.19796 0.00317429 
9.46143e-05 1.18509 0.0398497 
8.04722e-06 1.1524 0.10264 
0.176304 1.23049 4.93325e-05 
3.45671e-05 1.26177 0.010491 
3.98312e-05 1.27055 1.25443e-05 
0.000273899 1.10477 4.03774e-05 
1.1238e-05 1.19414 4.69539e-06 
0.544407 0.613555 0.610082 
0.527339 0.60624 0.623254 
0.580671 0.619128 0.542879 
0.578455 0.621972 0.570449 
0.423304 0.649288 0.650865 
2.00659e-06 1.64442e-06 1.231 
1.9505e-05 4.32482e-05 1.12278 
0.016194 0.0108133 1.03092 
0.00837526 0.00394971 1.2382 
8.80576e-05 7.69119e-05 1.20016 
0.612668 1.64351e-05 1.11108 
0.720469 9.29063e-05 1.10998 
0.127481 0.0174005 1.21027 
1.08415 4.00293e-06 0.732488 
0.916759 0.00733309 0.89911 
1.36855 0.0368174 0.285205 
1.42017 0.000104128 0.179816 
1.31948 1.73553e-05 0.166547 
1.47639 3.38683e-05 0.0893029 
1.53932 4.83538e-06 0.224666 
1.30047 0.123564 0.0572767 
1.26544 0.16334 1.13044e-05 
1.37055 0.123006 5.86923e-05 
1.33926 0.172542 0.0276766 
1.32825 0.126805 0.034469 
0.978349 0.553052 1.08939e-05 
0.579869 0.890751 7.04902e-06 
0.993993 0.70469 2.63735e-05 
1.09868 0.57205 0.000114778 
0.594135 0.94674 0.000141511 
1.35469 2.55231e-05 0.0374573 
1.34726 0.0865672 1.25449e-05 
1.42548 3.71573e-07 9.78893e-05 
1.43051 2.82061e-05 8.89628e-06 
1.39329 5.9233e-06 0.00144237 
1.44221 6.75612e-06 0.0704736 
1.42334 0.000173124 0.000137777 
1.4634 3.35122e-05 0.000169792 
1.39379 5.30389e-06 1.03186e-05 
1.35308 2.47828e-05 2.33481e-05 
0.180413 0.0467263 1.10697 
1.14181 2.45366e-05 0.529388 
0.380287 9.48421e-06 1.24219 
1.19499 2.53641e-05 0.626861 
0.000776723 0.000414389 1.23888 
2.18702e-06 3.81269e-06 1.09828 
6.63989e-05 3.69506e-05 1.13352 
4.55095e-05 2.6427e-05 1.22009 
7.39249e-05 3.81064e-05 1.22528 
1.89377e-06 1.692e-06 1.23732 
0.566123 0.6371 0.538642 
0.553357 0.604289 0.595665 
0.562329 0.591338 0.605577 
0.544595 0.603829 0.607295 
0.549283 0.597033 0.604783 
3.43309e-05 1.23827 4.56963e-06 
7.13224e-05 1.1876 1.47147e-06 
0.0076418 1.15766 0.0070867 
9.26212e-05 1.20803 1.34204e-06 
1.11212e-05 1.18172 4.64659e-06 
3.67722e-05 1.19853 0.0424904 
0.00241348 1.29916 0.000182452 
2.09999e-05 1.26614 3.99393e-05 
1.10149e-05 1.24954 1.13427e-05 
1.27231e-05 1.35194 1.37821e-05 
1.94152e-05 1.53389e-05 1.26764 
4.53856e-05 3.36738e-05 1.12307 
2.07983e-05 2.76999e-05 1.31287 
4.73428e-05 3.14427e-05 1.15136 
0.00240917 0.00253223 1.21051 
0.0419518 0.425257 1.1121 
0.000607593 0.000642381 1.24927 
9.05173e-05 0.564944 1.00884 
0.000469859 0.776438 0.90176 
9.05941e-05 0.786089 0.750624 
1.8331e-05 2.76464e-05 1.25726 
1.91858e-05 1.83267e-05 1.23218 
5.47332e-06 9.65249e-06 1.25932 
0.00316777 0.00816322 1.12273 
7.34638e-06 1.06347e-05 1.18078 
0.0025216 1.29333 0.003401 
2.93698e-06 1.29603 2.2199e-05 
6.64966e-05 1.3181 3.78413e-05 
1.12313e-05 1.28517 0.00014203 
5.00431e-06 1.23905 1.12475e-05 
5.32733e-05 1.22998 6.34074e-05 
4.94486e-06 1.24673 0.00201493 
5.4907e-06 1.28173 9.58906e-06 
9.56509e-06 1.28232 0.0264696 
0.0654926 1.1039 4.99084e-05 
0.562648 0.595484 0.592549 
0.56907 0.604529 0.602239 
0.582223 0.595144 0.618139 
0.54776 0.579952 0.612977 
0.576556 0.589385 0.599595 
5.89963e-06 8.72307e-06 1.14205 
0.00395799 0.00349768 1.29742 
0.000106418 0.000106918 1.28764 
