0.623494214 0.560363544 0.984070562 
0.431678379 0.827512615 0.7676017 
0.202550778 0.805195743 1.28869638 
1.19189724 0.257392244 0.967334028 
0.335292234 0.129242175 1.42856555 
0.259977478 0.0473791964 1.52971094 
0.173434909 0.766304277 1.16053501 
1.04942553 0.720190976 0.499122894 
0.483658127 1.20731982 0.00531036161 
0.35554948 0.483594551 1.50709441 
0.171262822 0.622920898 1.09470316 
0.169943669 0.121659495 1.58257025 
1.35436834 0.409941579 0.571127237 
0.117719623 0.113552511 1.31403557 
1.30712745 0.125197846 0.702371858 
0.425207335 0.446273827 1.32405552 
0.415548325 0.481300276 1.51242349 
0.374677136 0.962664655 1.00857552 
0.883590031 0.472869208 1.25227498 
0.0190887989 0.41156673 1.40219999 
0.698418841 0.33637959 1.38449169 
0.28762512 1.31284943 0.211632462 
0.521271973 0.0262529671 1.48075386 
0.0220877086 1.6794484 0.47487012 
1.21574147 0.164774523 1.33474747 
1.11241986 0.901787528 1.05405803 
1.03365476 0.630982298 0.261577887 
0.0381662283 0.0123146618 1.58420115 
0.994949205 0.771948193 0.563800583 
0.224352125 0.364141579 1.54244391 
0.714303352 0.0146097384 0.968681703 
0.571813041 0.368316623 0.880417361 
1.04976421 0.591295507 0.448199073 
0.787264624 0.175022057 0.883492452 
0.00900928016 0.0190403314 1.28736047 
1.34407017 0.207617267 0.0830514208 
0.331685016 0.246910533 1.83791782 
0.184230679 0.537956251 1.0690824 
0.957438804 0.480637138 0.186104405 
0.0524063656 0.71496131 1.16119667 
1.44787062 0.0161129552 0.820759605 
1.16814163 0.513929919 0.170798286 
0.550864907 1.27621941 0.488952906 
0.00722534659 0.278045113 1.39652781 
0.770667181 1.18688853 0.0355109968 
0.1126345 1.03504661 1.06209594 
0.449157849 0.49334639 1.45930833 
0.288082224 1.43789409 0.909806953 
0.840666049 1.04966054 0.940481543 
1.55493805 0.392586375 0.67947043 
1.42760972 0.595423836 0.116085644 
0.227563903 1.3470263 0.895281035 
0.0224754002 0.0678199517 1.70105273 
1.02662921 0.376569677 1.103475 
0.59513041 1.04733646 0.881708877 
0.0590385551 0.0998466543 1.85172363 
0.208564083 1.49161105 0.146864424 
0.161396335 0.319810851 1.71819519 
0.729031895 0.422922389 1.22384134 
1.74965351 0.123094517 0.21250581 
0.412686904 1.47212467 0.793064881 
0.742759547 0.956690545 1.03478701 
0.414029128 0.902081597 1.18255013 
1.10074748 0.962354817 0.876254756 
0.18631396 1.25520746 0.0467445391 
0.317190156 0.452462917 1.78290132 
0.0149459795 0.2145778 1.33508216 
0.448344452 0.622401917 1.06980886 
1.17644192 0.231257313 1.12928076 
0.358874718 1.20575207 0.584294978 
0.0554998841 0.149118676 1.49471409 
1.27556205 0.671278807 0.361492109 
0.957192193 0.438242258 0.927569712 
1.1698101 0.969323481 0.738858851 
0.394685895 0.420231304 1.16233775 
0.053770083 0.496511931 1.36344783 
1.35249025 0.164157127 0.272688653 
1.33155537 0.105889602 0.443775027 
0.711725019 1.0801536 0.819372752 
1.49622577 0.531154609 0.49740254 
0.532705952 0.968474039 0.294840105 
0.0979925008 0.0270887063 1.20901972 
0.42035332 0.394868389 1.77612357 
1.00428841 0.668207164 0.923407785 
0.574788886 0.16032507 1.4930984 
1.01760564 1.2345442 0.372239461 
0.533895427 0.534115346 1.43008482 
0.662027 0.925681 0.000138898 
0.665029 0.832946 0.0403947 
1.03483 0.455231 0.0416359 
0.966157 0.439825 0.0922964 
0.410078 1.02216 0.0273678 
0.958209 0.367819 0.150777 
1.0742 0.166159 0.204315 
1.23772 0.120244 0.133666 
1.19358 0.187694 0.0805434 
1.07208 0.302146 0.217219 
1.12354 0.0385369 0.233414 
1.23636 0.0840906 0.150565 
1.27281 0.0259581 0.191824 
1.19778 3.39514e-05 0.148098 
1.14031 0.080298 0.138442 
0.133406 0.0167536 1.01848 
0.384946 1.32691e-05 1.04965 
0.000143023 7.06196e-05 1.18333 
0.166063 0.0663845 1.04067 
0.693098 4.77098e-05 0.805118 
0.038996 0.0377691 1.06197 
0.0588974 0.037178 1.13946 
0.0255088 0.0221801 1.32376 
0.0163662 0.0112457 1.21061 
0.0246974 0.0130302 1.09513 
0.571939 0.523849 0.634733 
0.49242 0.63151 0.613038 
0.616587 0.521 0.612345 
0.595078 0.473463 0.682091 
0.515135 0.644496 0.580237 
0.197277 1.10827 0.0965585 
0.244322 1.08888 0.0622544 
0.169558 1.08776 0.112706 
0.169553 1.21208 0.0544873 
0.263788 1.17527 0.124392 
0.0276381 1.09643 0.304602 
0.00011214 1.20856 0.188369 
0.0280362 1.22946 0.192968 
0.0956242 1.16944 0.229241 
1.99237e-06 1.26922 0.215483 
0.0626899 0.123191 1.04652 
0.000103052 0.000174169 1.24956 
1.18187e-05 2.01736e-05 1.13302 
0.00619049 0.0134038 1.18418 
2.12374e-05 3.78731e-05 1.30667 
0.011815 0.318493 1.06104 
0.0358407 0.268049 1.07492 
0.0128933 0.0357091 1.2026 
0.020562 0.402064 0.957826 
0.000284071 0.000551583 1.1248 
0.0450914 0.0687416 1.26371 
0.0117477 0.0247868 1.09151 
0.00974517 0.00735485 1.15053 
0.000206821 0.000117151 1.27442 
0.00804772 0.012553 1.13624 
0.0290151 1.2621 0.185562 
0.0432593 1.17658 0.195658 
1.93523e-05 1.10223 0.173564 
0.00782142 1.04856 0.14382 
4.48588e-05 1.10378 0.181417 
0.182736 1.20662 1.83331e-05 
0.170585 1.2036 0.0289643 
0.145121 1.22406 1.01726e-05 
0.0593095 1.12744 0.00510373 
0.163217 1.09917 0.00367868 
0.533559 0.511051 0.693122 
0.619132 0.526997 0.588151 
0.629587 0.53192 0.577827 
0.600515 0.531531 0.607917 
0.561909 0.571598 0.608031 
0.0292498 0.0168354 1.06918 
1.56145e-05 5.02541e-06 1.18653 
0.00017352 9.14072e-05 1.26071 
0.000145151 7.18634e-05 1.24149 
2.74867e-05 1.34093e-05 1.25856 
0.563909 5.55248e-06 1.12729 
0.230229 1.47397e-06 1.12242 
1.04782 8.05011e-06 0.73909 
0.548521 2.63033e-05 0.990474 
0.148454 0.0151198 1.27842 
1.18986 0.114051 0.147623 
1.0632 2.05877e-05 0.113518 
1.1664 2.84042e-06 3.71516e-05 
1.15739 7.32468e-05 0.000121177 
1.21173 6.21555e-06 0.000111955 
1.13002 0.0623544 9.39624e-06 
1.17894 0.130064 5.82195e-05 
1.16473 1.81555e-05 7.59326e-07 
1.16667 1.06505e-05 1.22485e-05 
1.16749 2.2774e-06 2.9585e-05 
0.988115 0.635985 0.0093519 
0.451293 1.06606 2.79103e-05 
0.513905 1.00326 2.92698e-05 
0.504755 0.997416 1.21403e-05 
0.929687 0.625726 4.37614e-05 
1.2014 1.65959e-05 3.01909e-05 
1.13993 2.08527e-05 2.15547e-05 
1.19318 3.56294e-05 1.40022e-05 
1.21215 6.95441e-06 7.83349e-06 
1.18862 8.9825e-06 0.0285396 
1.18054 7.15509e-07 0.000123767 
1.15987 1.80532e-06 0.0793394 
1.25491 3.89802e-06 1.16982e-05 
1.19214 3.70303e-06 9.04467e-05 
1.18031 7.3848e-05 9.53178e-06 
0.515615 0.00434579 0.873854 
0.372009 0.00902654 1.17473 
1.22354 2.38673e-06 0.243974 
0.359598 1.3797e-05 1.18857 
0.24662 0.0076286 1.0676 
3.97115e-05 9.25545e-05 1.08963 
0.00040776 0.000179322 1.24104 
4.56398e-05 3.57297e-05 1.07415 
3.86368e-05 1.59652e-05 1.3349 
4.6914e-06 1.85322e-06 1.17024 
0.554013 0.588198 0.612828 
0.589616 0.545562 0.609952 
0.557831 0.56993 0.604914 
0.590605 0.545966 0.606467 
0.548483 0.587319 0.603133 
0.142336 1.08892 7.67226e-05 
0.0550279 1.1353 2.29272e-05 
0.153512 1.11076 0.000149207 
0.00657789 1.1332 6.49395e-05 
0.00971589 1.12654 0.0414381 
1.92947e-05 1.12338 0.169899 
0.00565782 1.1014 0.000117774 
8.28511e-05 1.10274 3.75282e-05 
2.08946e-05 1.17939 0.00528321 
1.25301e-06 1.10822 0.000513203 
0.000114484 4.1667e-05 1.18649 
2.20223e-05 3.82524e-05 1.14599 
1.51027e-05 4.65462e-06 1.1269 
2.64639e-05 1.78272e-05 1.08988 
5.51275e-05 7.44568e-05 1.17006 
7.97234e-06 1.01544 0.72746 
4.27786e-05 1.28988 0.203131 
2.07337e-05 0.244594 1.10271 
0.0314873 0.125097 1.20888 
0.0218804 0.20162 1.17008 
9.69952e-06 3.33132e-06 1.16667 
5.91177e-05 2.71793e-05 1.21564 
7.28736e-05 3.85631e-05 1.16658 
3.20866e-05 2.69684e-05 1.23597 
2.72583e-05 1.79802e-05 1.18128 
0.00649627 1.1142 5.065e-05 
2.72141e-05 1.1562 8.30682e-06 
3.19172e-05 1.10366 0.00813251 
8.58957e-06 1.1265 0.00449046 
5.30548e-05 1.12223 1.8207e-05 
2.54413e-05 1.13051 5.34861e-05 
2.55701e-05 1.13624 9.68597e-09 
0.000171001 1.13035 3.87892e-05 
1.0665e-05 1.11302 1.80577e-05 
0.0546188 1.14359 2.27544e-05 
0.645446 0.478421 0.602883 
0.577785 0.590308 0.57402 
0.587973 0.602502 0.585581 
0.543511 0.60442 0.616186 
0.599463 0.609677 0.531444 
0.0425748 0.0155557 1.22087 
5.38145e-05 2.12697e-05 1.29767 
0.000108218 2.99363e-05 1.06765 
