4.64717245 27.2710004 0.117663612 
2.59856322 28.183588 0.141632287 
1.2651141 16.7587349 0.170153128 
1.01242654 16.0298123 0.044869995 
1.82027181 15.0078664 0.165843363 
4.47462808 29.4242672 0.120082593 
2.82670071 34.5676892 0.138861727 
1.88804733 15.0390915 0.178314037 
2.16766449 35.1672716 0.147463334 
4.92707033 16.4108491 0.100231255 
1.26455743 27.4100642 0.182011587 
1.33452662 15.6625157 0.186287666 
1.30262827 17.361615 0.184610018 
4.7734606 16.1927414 0.0969679919 
5.73037495 26.1836339 0.0757976915 
5.00733237 23.5647619 0.0791797101 
1.71680261 17.8611125 0.150001831 
5.80319109 15.4053637 0.075508433 
5.05154822 19.1172586 0.105418248 
4.37314789 19.7584148 0.0877974011 
1.87941427 16.6386556 0.194094098 
8.24781 61.9376 0.0526344 
8.24791 15.1621 0.0526342 
8.2487 31.0506 0.0526323 
7.74925 15.0233 0.0590994 
0.606144 15.5868 -0.0203893 
1.18418 15.0723 0.0715955 
0.139609 16.281 -0.0873729 
0.0180688 16.8601 -0.0987315 
0.0039959 17.2226 -0.0997304 
0.0185563 17.2349 -0.0986955 
0.00373385 17.0096 -0.0997483 
1.80565 15.0431 0.153466 
4.00417 15.0056 0.125748 
1.26919 15.0044 0.182385 
5.21772 15.0098 0.0780608 
1.90735 15.0343 0.19091 
1.25529 17.0458 0.0824153 
0.139178 17.3899 -0.0874205 
0.081529 16.3858 -0.0933561 
0.200496 16.1283 -0.0802277 
0.178755 16.0919 -0.0828697 
0.0839209 17.8519 -0.0931281 
0.0226622 17.2531 -0.0983892 
0.00197042 16.9508 -0.0998679 
0.032305 16.6615 -0.0976454 
0.00735909 17.246 -0.0994987 
0.00866825 17.2102 -0.0994072 
0.00118335 17.0522 -0.0999208 
0.00123265 17.0499 -0.0999175 
0.0128456 16.8704 -0.0991111 
0.00934126 17.0336 -0.09936 
1.80818 23.213 0.163893 
0.0517228 17.3876 -0.0960484 
0.00539045 16.871 -0.0996349 
1.32491e-05 17.0452 -0.0999991 
0.000822992 16.9517 -0.099945 
0.125681 16.4386 -0.0888887 
0.0939425 16.2172 -0.0921549 
0.249224 15.915 -0.0739878 
0.0852845 16.2498 -0.0929974 
0.168828 15.9843 -0.0840437 
0.00859682 16.816 -0.0994122 
0.000234762 17.0307 -0.0999843 
0.00427819 17.0135 -0.0997111 
0.000636436 17.109 -0.0999575 
0.00519442 17.1395 -0.0996483 
0.285202 18.073 -0.0691344 
0.0656589 16.3501 -0.0948244 
0.0769121 16.2868 -0.0937912 
0.0949963 16.2115 -0.0920509 
0.0871342 16.2418 -0.0928193 
0.000353887 17.0202 -0.0999764 
0.000354499 17.0658 -0.0999763 
0.0030213 16.9066 -0.0997968 
0.00131019 17.1381 -0.0999123 
0.000413216 17.0029 -0.0999724 
0.00613761 17.1302 -0.0995833 
0.00160635 17.1355 -0.0998924 
0.00243409 17.1827 -0.0998365 
0.00363634 17.1363 -0.0997549 
0.000253688 17.0634 -0.0999831 
0.00115627 16.9765 -0.0999226 
0.00743294 17.3065 -0.0994935 
4.63357e-05 17.0166 -0.0999969 
0.00103114 17.009 -0.099931 
0.000108056 17.0684 -0.0999928 
0.377526 15.6184 -0.055924 
0.754815 15.4732 0.00358828 
0.402894 15.603 -0.0521413 
0.452893 15.6483 -0.0445369 
0.640928 15.4787 -0.0148023 
5.01039 15.0071 0.109966 
1.3497 15.0078 0.16545 
4.47564 15.0343 0.0913179 
2.87006 15.0486 0.138352 
5.05328 15.0972 0.107046 
0.0208168 16.6602 -0.0985277 
0.00444817 16.8705 -0.0996995 
0.0652546 17.6923 -0.0948608 
0.000719274 16.9635 -0.0999519 
0.00948433 16.8995 -0.0993499 
0.00734938 16.7891 -0.0994993 
0.00598142 16.8189 -0.0995941 
0.00720184 16.8018 -0.0995096 
0.00628539 16.8041 -0.0995731 
0.0110852 17.313 -0.0992367 
0.010712 16.7843 -0.0992632 
0.0260568 17.45 -0.0981312 
0.0594039 17.5882 -0.0953815 
0.0343006 17.2923 -0.0974873 
0.0208583 17.1265 -0.0985246 
0.0680905 17.7411 -0.0946045 
0.0221279 17.047 -0.0984294 
0.000720773 17.1137 -0.0999518 
0.0032659 16.8694 -0.0997801 
0.00443794 16.8464 -0.0997002 
0.00286557 17.0149 -0.0998073 
0.00191565 16.9069 -0.0998716 
0.0197414 17.3201 -0.0986078 
0.013628 17.0686 -0.0990549 
0.00291664 16.9126 -0.0998039 
2.33936 15.0012 0.14502 
1.3382 15.0372 0.186463 
4.44746 15.0653 0.0841399 
1.44507 15.0138 0.190582 
1.28305 15.0527 0.168878 
0.383174 15.7858 -0.0550868 
0.330166 15.7244 -0.0628216 
0.350553 15.7344 -0.0598808 
0.33575 15.8353 -0.0620207 
1.04198 15.4351 0.049525 
0.00474308 16.8878 -0.0996793 
0.0795621 17.6445 -0.0935422 
0.00157453 16.9752 -0.0998945 
0.0101663 17.3524 -0.0993018 
0.00227785 16.9325 -0.0998471 
0.00130171 16.97 -0.0999129 
0.00232786 17.1738 -0.0998437 
8.24836 21.1618 0.0526331 
0.00117783 16.9548 -0.0999212 
0.00575273 17.2311 -0.0996099 
0.00766604 17.0889 -0.0994773 
0.000402808 16.9821 -0.0999731 
0.00156524 17.1173 -0.0998952 
0.00433347 17.2341 -0.0997074 
0.00758862 16.9057 -0.0994827 
0.657576 19.8661 -0.012121 
0.0502958 16.4627 -0.0961701 
1.0224 19.9221 0.0464432 
0.0953705 16.4695 -0.0920139 
0.0702439 16.5544 -0.0944082 
0.00564066 16.9611 -0.0996176 
0.00417799 17.0739 -0.099718 
0.000467085 17.0361 -0.0999688 
0.000291348 17.0155 -0.0999806 
0.00101159 17.0093 -0.0999324 
0.0682335 16.4916 -0.0945915 
0.0822559 16.3616 -0.093287 
0.280096 18.4841 -0.0698346 
0.069508 16.5521 -0.0944754 
0.0608996 16.4451 -0.0952495 
0.0159111 17.2053 -0.0988896 
0.00175849 16.9325 -0.0998822 
0.00171782 16.9276 -0.0998849 
0.00125607 16.9375 -0.0999159 
0.0607611 17.7337 -0.0952617 
0.00202817 16.947 -0.099864 
0.00289246 16.8799 -0.0998055 
0.00394267 16.9431 -0.0997341 
0.000794531 16.96 -0.0999469 
0.00857702 17.0269 -0.0994136 
0.0213504 17.4335 -0.0984878 
0.00173788 16.9684 -0.0998835 
0.0120933 17.1419 -0.0991649 
0.00484961 16.8348 -0.099672 
0.00131774 16.9287 -0.0999118 
0.319498 15.742 -0.0643419 
0.287031 15.7875 -0.0688827 
0.319219 15.7471 -0.0643815 
1.18574 15.0597 0.071834 
0.690373 15.293 -0.00682874 
3.94846 15.0557 0.126374 
5.04386 15.0207 0.104614 
3.71245 15.1015 0.128981 
1.6956 15.0334 0.155658 
4.68347 15.064 0.0953116 
0.0688409 17.5433 -0.0945362 
0.00319932 16.9266 -0.0997847 
0.0064094 16.9983 -0.0995646 
0.00360265 16.8602 -0.0997572 
0.0298334 17.2579 -0.0978393 
0.00495104 16.9936 -0.0996651 
0.00253715 17.018 -0.0998296 
0.00144519 17.0485 -0.0999032 
0.0108906 17.152 -0.0992505 
0.000912336 17.0254 -0.099939 
0.00518649 16.8417 -0.0996489 
0.00106606 16.9446 -0.0999287 
0.00119685 16.9849 -0.0999199 
0.0119568 17.2107 -0.0991747 
0.00281005 16.8805 -0.0998111 
0.00252918 16.8902 -0.0998301 
0.00187417 16.9185 -0.0998744 
0.000799325 16.9587 -0.0999466 
0.029721 17.5923 -0.097848 
0.00120904 16.9381 -0.0999191 
0.00358844 16.8887 -0.0997582 
0.00254473 16.8936 -0.0998291 
0.210738 18.3777 -0.0789512 
0.0160495 17.3735 -0.0988795 
0.00289597 16.918 -0.0998053 
1.25246 15.0335 0.180906 
7.94122 15.0411 0.0669934 
7.75675 15.056 0.068022 
5.05478 15.0179 0.10629 
4.70047 15.024 0.116842 
0.443216 15.6981 -0.0460224 
0.502012 15.4532 -0.0369097 
1.27485 15.2947 0.0853663 
0.705641 15.4063 -0.00436203 
0.472271 15.5045 -0.0415442 
0.00749097 16.8503 -0.0994895 
0.00223965 16.9341 -0.0998497 
0.0043618 16.9961 -0.0997054 
0.00199355 16.9322 -0.0998663 
0.00182912 16.9814 -0.0998774 
4.87109 38.8707 0.0989302 
0.0105153 17.1298 -0.0992771 
0.00226886 17.0905 -0.0998477 
0.00870568 17.048 -0.0994046 
0.0816847 17.6539 -0.0933413 
0.132205 18.2847 -0.0881847 
0.00597986 17.0604 -0.0995942 
0.0312592 17.3918 -0.0977277 
0.00212372 17.1102 -0.0998575 
0.333925 18.8616 -0.0622829 
0.236435 17.6215 -0.075665 
0.314352 18.1406 -0.0650705 
0.145138 17.3931 -0.0867581 
0.541087 18.4669 -0.0307563 
0.0845922 17.1016 -0.0930638 
0.143447 18.0013 -0.0869468 
0.0123807 17.3082 -0.0991444 
0.123367 18.1833 -0.0891358 
0.0108898 17.3415 -0.0992506 
0.00220598 16.9101 -0.099852 
0.377435 18.9746 -0.0559376 
0.104985 17.0078 -0.0910495 
0.237598 17.8266 -0.0755136 
