1.22845707 15.0369088 0.176332866 
7.62393811 15.1165141 0.0548039184 
1.79685132 16.7033223 0.162101228 
6.83939071 17.8348183 0.0717175759 
4.66903634 39.3719864 0.117332127 
1.73407702 15.0312251 0.196261901 
4.61438949 16.9717572 0.118148226 
4.50668979 17.2527258 0.0919883602 
0.784615805 15.4968251 0.00840509511 
4.66639121 15.0043488 0.0950028855 
1.2740287 15.4854763 0.169486971 
2.11702206 26.6497943 0.148223653 
1.43985406 16.760782 0.109834433 
5.05396028 28.4848277 0.105890177 
4.98730726 17.9363715 0.10195437 
1.63596765 32.1028623 0.156959425 
1.35561793 16.7481327 0.187254174 
1.22840929 26.4186075 0.176237793 
1.28317006 16.8183829 0.168870302 
1.45882399 22.8321557 0.112604235 
2.28913294 17.3271868 0.145715337 
0.398757 15.874 -0.052762 
0.346408 15.8566 -0.0604824 
0.278977 15.9936 -0.0699876 
0.142643 16.284 -0.0870365 
0.0763524 16.512 -0.0938435 
0.012967 16.8911 -0.0991024 
0.0207302 16.6451 -0.0985341 
0.0202603 16.6922 -0.0985692 
0.00152955 16.9208 -0.0998976 
0.00728511 16.8012 -0.0995038 
0.0108309 16.7567 -0.0992548 
4.66596 15.5053 0.0815414 
4.78511 15.102 0.0971897 
1.91203 15.0869 0.185991 
1.54331 15.0028 0.159197 
4.08299 15.0027 0.124852 
1.34612 15.5975 0.18683 
0.577243 15.391 -0.0250104 
8.03656 28.2872 0.0612589 
1.89715 15.1385 0.180525 
0.394263 16.1601 -0.0534346 
0.0169321 17.0918 -0.098815 
0.00409799 17.037 -0.0997235 
0.00597421 17.1737 -0.0995946 
0.0313355 17.2239 -0.0977217 
0.00618188 16.8136 -0.0995803 
0.000244009 17.0458 -0.0999837 
0.00182146 17.1458 -0.0998779 
0.0102478 17.3126 -0.0992961 
0.00438639 17.2353 -0.0997037 
0.0221758 17.4089 -0.0984258 
8.24825 61.9382 0.0526334 
0.0375547 17.4978 -0.0972265 
0.00546723 16.945 -0.0996296 
0.0014483 17.045 -0.099903 
0.0198049 17.3835 -0.0986031 
1.59198 18.6551 0.131884 
0.106523 16.2501 -0.0908928 
0.143342 16.0541 -0.0869586 
0.113889 16.1564 -0.0901337 
0.128581 16.121 -0.0885771 
0.0306732 16.9344 -0.0977737 
0.188638 18.3301 -0.0816804 
0.00223602 17.1619 -0.0998499 
0.00123211 17.0296 -0.0999176 
0.0115851 16.8706 -0.0992012 
0.181839 15.9818 -0.0825006 
1.68055 20.5225 0.195784 
1.00421 20.0475 0.0435714 
0.226055 15.8903 -0.0770063 
0.110201 16.1733 -0.0905156 
0.00875109 17.3301 -0.0994014 
7.95945e-05 17.0374 -0.0999947 
0.00467222 17.212 -0.0996842 
0.00178233 16.9454 -0.0998805 
0.000187772 17.0005 -0.0999875 
8.19445 23.6471 0.0641273 
8.15 25.6647 0.0651812 
0.0817526 17.9678 -0.0933348 
0.000617596 16.996 -0.0999588 
0.000762761 16.9731 -0.099949 
0.00218466 16.9877 -0.0998534 
0.000211359 17.0017 -0.0999859 
0.00524264 16.9312 -0.099645 
4.88728 38.3984 0.0992878 
0.013711 16.7525 -0.0990489 
0.461211 15.4989 -0.0432551 
0.245946 15.8283 -0.0744202 
0.341355 15.6587 -0.0612133 
0.38237 15.6295 -0.0552061 
0.320546 15.6911 -0.0641932 
7.49809 15.0066 0.0692024 
4.37994 15.0109 0.0860184 
8.02914 15.0101 0.0611943 
4.87683 15.0048 0.0799741 
5.05186 15.0652 0.107304 
0.00700708 16.7922 -0.0995231 
0.0121809 17.2807 -0.0991587 
0.00322953 16.8687 -0.0997826 
0.00182117 16.9442 -0.0998779 
4.43945e-06 17.0321 -0.0999997 
0.000543464 16.9721 -0.0999637 
0.00172063 17.0689 -0.0998847 
0.00103573 17.0056 -0.0999307 
0.00438012 17.0366 -0.0997042 
0.00213843 17.0017 -0.0998565 
0.000562881 17.0854 -0.0999624 
0.00222447 17.1281 -0.0998507 
0.00854632 17.2713 -0.0994158 
0.0146492 17.1758 -0.0989812 
0.00663894 17.1533 -0.0995487 
0.0362455 17.3499 -0.0973319 
0.000714845 16.9577 -0.0999522 
0.000866595 16.959 -0.0999421 
0.00116452 16.9416 -0.0999221 
0.00394199 17.0731 -0.0997341 
0.00580123 17.1315 -0.0996066 
0.00704143 17.1566 -0.0995207 
0.00422319 17.1162 -0.0997149 
0.000708729 16.9672 -0.0999527 
0.000686337 16.9593 -0.0999542 
1.91177 15.0125 0.185802 
8.17943 15.0152 0.0646572 
1.50418 15.0033 0.192311 
2.48088 15.0494 0.143133 
2.47727 15.0032 0.14318 
0.570155 15.4604 -0.0261403 
0.374664 15.6061 -0.0563472 
0.835652 15.3378 0.016641 
0.447262 15.5151 -0.045402 
0.332686 15.6683 -0.0624606 
0.0143381 17.3402 -0.0990037 
0.00238341 16.9304 -0.09984 
0.00364822 17.0131 -0.0997541 
0.0125947 17.2338 -0.0991291 
0.0285919 17.3467 -0.0979358 
0.0018344 16.96 -0.099877 
0.00255051 16.9801 -0.0998287 
0.0020646 16.9344 -0.0998615 
0.0158206 17.1287 -0.0988962 
0.00253758 17.0465 -0.0998295 
0.00433471 17.0652 -0.0997073 
0.00502118 17.007 -0.0996602 
0.00107813 17.0291 -0.0999279 
0.0169626 17.2482 -0.0988128 
0.0118673 16.9718 -0.0991811 
0.0842492 16.6765 -0.0930967 
0.0795464 16.8366 -0.0935437 
0.0948619 16.4914 -0.0920642 
0.073541 16.4331 -0.0941048 
0.056445 16.4418 -0.0956407 
0.0400636 17.026 -0.0970229 
0.0310056 16.9805 -0.0977476 
0.0197563 17.0381 -0.0986067 
0.0742211 17.1601 -0.0940418 
0.0155185 16.9949 -0.0989182 
0.117699 16.7089 -0.0897354 
0.14568 16.3092 -0.0866974 
0.101127 16.3069 -0.0914396 
0.0869939 16.2511 -0.0928328 
0.0657827 16.413 -0.0948132 
0.005952 16.8626 -0.0995962 
0.00168814 17.0302 -0.0998869 
0.00443697 16.9103 -0.0997003 
0.00532701 16.962 -0.0996392 
0.0245405 17.229 -0.098247 
0.00204391 17.0167 -0.0998629 
0.0186027 17.2486 -0.0986921 
0.0226346 17.2859 -0.0983913 
0.1257 17.9185 -0.0888867 
0.0304039 17.3956 -0.0977947 
0.00422607 16.9312 -0.0997147 
0.00300808 16.9171 -0.0997977 
0.00280833 17.107 -0.0998112 
0.00379623 16.9447 -0.099744 
0.00508587 16.9657 -0.0996558 
0.347497 15.6446 -0.0603245 
0.471057 15.4869 -0.0417323 
0.508505 15.4747 -0.035892 
0.459816 15.5085 -0.0434703 
0.679584 15.3779 -0.00857092 
2.24165 15.0003 0.146387 
5.05368 15.0103 0.105816 
4.76029 15.0537 0.0967201 
1.62083 15.001 0.194896 
1.85233 15.0029 0.195305 
0.0228614 17.1931 -0.0983742 
0.0048926 16.9974 -0.0996691 
0.0543963 17.4359 -0.0958185 
0.00763659 16.8191 -0.0994793 
0.00298041 17.0715 -0.0997995 
0.0126852 17.0245 -0.0991226 
0.00486308 16.9482 -0.0996711 
0.00270955 17.1098 -0.0998179 
0.00327487 16.9867 -0.0997795 
0.0058999 16.9264 -0.0995998 
0.00639766 16.9811 -0.0995654 
0.00713226 17.0723 -0.0995144 
0.00699096 16.8363 -0.0995242 
0.0083481 16.9145 -0.0994297 
0.00147784 17.0694 -0.099901 
0.00329143 16.9103 -0.0997784 
0.00621456 16.8977 -0.099578 
0.00382376 16.9401 -0.0997422 
0.00479364 16.8961 -0.0996759 
0.00451281 16.975 -0.0996951 
0.003491 17.0801 -0.0997648 
0.00544595 17.1452 -0.099631 
0.0417604 17.3449 -0.096884 
0.00336263 17.0705 -0.0997736 
0.00623506 17.1309 -0.0995766 
1.25221 15.0008 0.180881 
4.20662 15.0153 0.123414 
1.252 15.0125 0.171308 
7.69799 15.0608 0.0683092 
4.71226 15.0086 0.0958342 
0.784393 15.2344 0.00836914 
1.39404 15.2009 0.103111 
0.310843 15.7075 -0.0655654 
0.828639 15.2106 0.0155108 
0.869085 15.2275 0.0220213 
0.016783 17.2932 -0.0988259 
0.00999325 16.998 -0.099314 
0.00451666 16.9137 -0.0996948 
0.0103236 16.9663 -0.0992907 
0.00290884 17.1882 -0.0998044 
0.0249318 17.3426 -0.0982172 
0.003323 16.8764 -0.0997763 
0.00529195 16.9421 -0.0996416 
0.020457 17.2004 -0.0985545 
0.0584085 17.5466 -0.095469 
0.112735 17.7705 -0.0902537 
0.2608 18.3389 -0.0724472 
0.00920837 17.3122 -0.0993693 
0.040851 17.3513 -0.0969586 
0.136395 17.9225 -0.0877269 
0.0987724 16.4306 -0.0916756 
0.0830067 16.4241 -0.0932154 
0.224001 17.5843 -0.0772695 
0.151381 17.9146 -0.0860551 
0.107028 16.5889 -0.0908413 
0.0182004 17.0392 -0.0987218 
0.173848 18.4968 -0.0834526 
0.0332628 17.6266 -0.0975697 
0.0431373 17.6868 -0.0967705 
0.191302 18.411 -0.0813564 
0.101537 16.2915 -0.0913983 
0.0951768 16.3672 -0.0920331 
0.32477 19.0727 -0.0635923 
