0.971322 0.0234544 
0.971322 0.0601166 
0.961459 0.0967787 
0.94952 0.133441 
0.917261 0.170103 
0.917261 0.206765 
0.89061 0.243427 
0.874935 0.280089 
0.868355 0.316751 
0.849228 0.353414 
0.827528 0.390076 
0.804147 0.426738 
0.804147 0.4634 
0.771971 0.500062 
0.722149 0.536724 
0.71903 0.573386 
0.71903 0.610048 
0.71903 0.64671 
0.586147 0.683373 
0.546404 0.720035 
0.506629 0.756697 
0.467935 0.793359 
0.389263 0.830021 
0.319883 0.866683 
0.202044 0.903345 
0.169905 0.940007 
0.006715 0.97667 
0.000183 1.01333 
0.023503 0.967883 
0.0601486 0.964985 
0.0967943 0.949889 
0.13344 0.949889 
0.170086 0.916194 
0.206731 0.902257 
0.243377 0.888274 
0.280023 0.870749 
0.316668 0.870749 
0.353314 0.864619 
0.38996 0.821629 
0.426605 0.811528 
0.463251 0.801732 
0.499897 0.766574 
0.536542 0.736123 
0.573188 0.70291 
0.609833 0.682341 
0.646479 0.682341 
0.683125 0.682341 
0.71977 0.538934 
0.756416 0.501039 
0.793062 0.464882 
0.829707 0.378628 
0.866353 0.338153 
0.902999 0.211115 
0.939644 0.163602 
0.97629 0.004452 
1.01294 0.000124 
