0.332004 18.513405 -0.062558 
0.301567 18.618041 -0.066866 
0.236740 18.351777 -0.075625 
0.151605 18.011741 -0.086030 
0.077232 17.688251 -0.093761 
0.090148 17.926806 -0.092527 
0.093832 18.061725 -0.092166 
0.348441 18.932358 -0.060188 
0.051557 17.748855 -0.096063 
0.071053 17.887911 -0.094334 
0.053162 17.670877 -0.095925 
6.084436 15.210099 0.074436 
4.836351 15.016229 0.098200 
1.229766 15.017039 0.177206 
1.651385 15.016260 0.140463 
5.023736 15.059971 0.103394 
1.893327 16.125082 0.179556 
0.873497 16.145414 0.022730 
4.896149 18.642325 0.079850 
0.382165 16.602788 -0.055237 
1.884778 15.497657 0.177586 
0.025172 17.389471 -0.098199 
0.035982 17.493617 -0.097353 
0.032604 17.352237 -0.097622 
0.011210 17.337338 -0.099228 
0.017595 17.424277 -0.098766 
0.004876 17.062614 -0.099670 
0.001577 16.929540 -0.099894 
0.000104 17.053765 -0.099993 
0.006930 16.858238 -0.099528 
0.002302 16.911491 -0.099845 
8.247678 21.162185 0.052635 
0.005403 17.208762 -0.099634 
0.012582 16.775503 -0.099130 
0.012847 16.708460 -0.099111 
0.011412 16.756376 -0.099214 
1.913219 20.770083 0.187800 
0.068312 16.335134 -0.094584 
0.866096 18.183414 0.021541 
0.175405 16.017946 -0.083268 
0.096192 16.229115 -0.091933 
0.003601 16.913180 -0.099757 
0.024526 16.605905 -0.098248 
0.000824 17.105526 -0.099945 
0.002819 16.999535 -0.099810 
1.262098 21.469146 0.083443 
0.120888 16.121222 -0.089399 
0.108614 16.166304 -0.090679 
0.261956 15.827733 -0.072292 
0.114393 16.143499 -0.090081 
0.130200 16.092561 -0.088402 
0.000763 17.061942 -0.099949 
0.000716 17.001408 -0.099952 
0.039154 16.502029 -0.097097 
0.005475 16.846639 -0.099629 
0.013212 17.310541 -0.099085 
7.663589 24.535438 0.068471 
0.001683 17.162610 -0.099887 
8.246438 15.162071 0.052638 
0.001337 17.106964 -0.099911 
0.003380 17.199329 -0.099772 
0.002221 17.113979 -0.099851 
0.000015 17.034065 -0.099999 
0.001400 16.970688 -0.099906 
0.000172 17.057670 -0.099989 
0.007243 16.787535 -0.099507 
0.495982 15.530168 -0.037853 
1.603289 15.007319 0.133516 
0.297520 15.747787 -0.067430 
0.256534 15.804517 -0.073017 
0.319273 15.716481 -0.064374 
1.598082 15.007840 0.157838 
1.276003 15.040311 0.182897 
1.256198 15.044272 0.181272 
7.144094 15.008809 0.070602 
8.036642 15.009922 0.061260 
0.001002 17.097865 -0.099933 
0.000456 16.974002 -0.099970 
0.037588 17.661584 -0.097224 
0.016399 16.675613 -0.098854 
0.012571 17.198895 -0.099131 
0.009571 17.117019 -0.099344 
0.000210 17.018588 -0.099986 
0.006477 17.017501 -0.099560 
0.002595 16.888118 -0.099826 
0.007210 17.122045 -0.099509 
0.007061 17.059110 -0.099519 
0.007845 17.094043 -0.099465 
0.013807 17.243468 -0.099042 
8.248480 61.939038 0.052633 
0.001086 16.976620 -0.099927 
0.010111 17.151238 -0.099306 
0.007776 17.013394 -0.099470 
0.015904 17.284391 -0.098890 
0.003525 17.194048 -0.099763 
0.009197 17.100546 -0.099370 
0.013004 17.034381 -0.099100 
0.004550 17.225367 -0.099693 
0.007629 17.197462 -0.099480 
0.006379 17.024262 -0.099567 
0.010567 17.187200 -0.099273 
1.873330 15.004281 0.175211 
1.749449 15.005545 0.154850 
1.623143 15.001716 0.194936 
5.001112 15.071313 0.102441 
1.905455 15.024244 0.191321 
0.670826 15.454419 -0.009984 
0.371495 15.795254 -0.056815 
0.533632 15.609958 -0.031935 
0.559535 15.397885 -0.027830 
0.335914 15.788568 -0.061997 
0.016890 17.056375 -0.098818 
0.017419 17.081635 -0.098779 
0.011750 17.224785 -0.099189 
0.016265 17.166910 -0.098864 
0.014702 17.127984 -0.098977 
0.011907 16.980910 -0.099178 
0.011508 17.082369 -0.099207 
0.015134 17.057756 -0.098946 
0.030134 17.220184 -0.097816 
0.008901 17.041521 -0.099391 
0.013420 17.105359 -0.099070 
0.015455 17.231904 -0.098923 
0.023259 17.151756 -0.098344 
0.009052 17.332785 -0.099380 
0.015613 17.262770 -0.098911 
0.616127 18.103420 -0.018788 
0.126780 16.705432 -0.088771 
0.046504 16.533581 -0.096490 
0.047557 16.430528 -0.096402 
0.037857 16.573527 -0.097202 
0.002483 17.024466 -0.099833 
0.002741 16.992021 -0.099816 
0.002669 17.100266 -0.099821 
0.028953 17.350577 -0.097908 
0.001845 16.982582 -0.099876 
0.037482 16.496891 -0.097232 
0.194699 17.184603 -0.080941 
0.384643 16.257767 -0.054869 
0.070280 16.416815 -0.094405 
0.062518 16.393936 -0.095106 
0.001953 17.135372 -0.099869 
0.002876 17.127742 -0.099807 
0.002495 17.010033 -0.099832 
0.005259 17.180775 -0.099644 
0.006181 17.236151 -0.099580 
0.001595 17.035430 -0.099893 
0.002425 17.119885 -0.099837 
0.002385 17.140199 -0.099840 
0.002344 17.168327 -0.099843 
0.002237 17.051494 -0.099850 
0.005487 17.166796 -0.099628 
0.001892 17.088350 -0.099873 
0.003356 17.054550 -0.099774 
0.003135 16.899991 -0.099789 
0.002182 17.034124 -0.099854 
0.570936 15.501940 -0.026016 
0.594326 15.550310 -0.022282 
0.372436 15.722558 -0.056676 
0.427565 15.538220 -0.048412 
0.384435 15.591112 -0.054899 
4.562485 15.089152 0.093093 
3.090424 15.017143 0.135823 
4.309442 15.037366 0.122178 
1.326740 15.013304 0.185905 
5.752411 15.009503 0.075710 
0.004946 16.930740 -0.099665 
0.004276 17.061007 -0.099711 
0.115778 17.936913 -0.089937 
0.002029 17.025913 -0.099864 
0.001248 16.943702 -0.099916 
0.005018 17.108628 -0.099660 
0.007084 17.191328 -0.099518 
0.022540 17.516608 -0.098398 
0.002874 16.878647 -0.099807 
0.004482 17.242572 -0.099697 
0.001199 16.935577 -0.099920 
0.016595 17.237202 -0.098840 
0.002992 17.086117 -0.099799 
0.002725 16.882097 -0.099817 
0.002779 17.058656 -0.099813 
0.002884 16.959020 -0.099806 
0.001178 16.974127 -0.099921 
0.001258 17.145156 -0.099916 
0.004182 17.090363 -0.099718 
0.001777 16.998309 -0.099881 
0.007038 17.132153 -0.099521 
0.003846 16.904018 -0.099741 
0.041417 17.559184 -0.096912 
0.000326 16.982912 -0.099978 
0.052659 17.492566 -0.095968 
1.302050 15.071851 0.184576 
1.237759 15.004245 0.173047 
4.661061 15.004755 0.081584 
1.472977 15.026477 0.161139 
1.303517 15.014973 0.184661 
0.501563 15.614168 -0.036980 
0.421390 15.544742 -0.049350 
0.707862 15.543074 -0.004003 
0.845394 15.364514 0.018210 
0.458224 15.501737 -0.043716 
0.009536 17.330074 -0.099346 
0.003420 17.138799 -0.099770 
0.016185 16.706611 -0.098870 
0.003654 17.204096 -0.099754 
0.002764 17.198789 -0.099814 
0.002060 16.944357 -0.099862 
0.014940 17.268478 -0.098960 
0.002666 17.196151 -0.099821 
0.006024 17.239470 -0.099591 
0.112091 17.888009 -0.090320 
0.009695 17.346135 -0.099335 
0.015822 17.424565 -0.098896 
0.021117 17.233180 -0.098505 
0.028079 17.494776 -0.097976 
0.006227 17.064654 -0.099577 
0.690723 18.005461 -0.006772 
0.073898 16.874202 -0.094072 
0.387629 17.077877 -0.054424 
0.452897 17.450503 -0.044536 
0.909250 18.410302 0.028463 
0.019155 17.435155 -0.098651 
0.022582 16.970333 -0.098395 
0.018083 17.461815 -0.098730 
0.024253 17.053958 -0.098269 
0.007687 17.310801 -0.099476 
0.222722 17.159203 -0.077433 
0.160654 16.790565 -0.084995 
0.062845 16.448965 -0.095077 
