15.8186243 13.7262192 
18.4304654 18.2259658 
19.4111798 19.7109218 
14.6741909 19.592241 
15.3863948 11.2362648 
10.5095989 14.0127082 
7.81562414 8.41878032 
7.50316553 15.1430578 
19.1471451 15.0447655 
12.5741141 11.3976552 
14.3581361 4.94552691 
19.1000215 17.7996288 
12.4700684 14.3066636 
16.3995682 16.7604259 
13.76032 18.2343777 
14.694017 12.5403604 
5.04832245 8.52731964 
19.4970186 15.3402361 
14.4857903 17.2009369 
5.53564288 11.8614511 
8.7880428 3.7924299 
14.4037 9.98904 
10.0975 7.95279 
8.9263 5.577 
16.0913 16.97 
8.80199 4.14336 
9.24861 4.94752 
9.47581 4.50265 
11.7377 8.77715 
11.9779 9.25355 
9.64803 5.50021 
14.8394 5.6497 
11.8987 7.71112 
10.257 5.66047 
9.65889 5.7528 
8.81665 4.02891 
9.40809 5.59206 
5.4957 7.33589 
5.65302 7.70012 
6.95 8.40169 
5.50869 8.11831 
17.3865 16.4882 
5.27122 7.84676 
5.325 7.47741 
5.11957 7.65958 
5.43807 7.28876 
5.65143 7.23325 
6.03248 10.3346 
5.00908 8.15387 
4.6018 8.6657 
4.5705 8.38401 
9.56172 13.8157 
6.58428 10.7796 
3.25119 11.6452 
3.90167 12.2898 
8.79528 13.9975 
3.07106 11.2556 
4.11149 11.6111 
2.42455 11.1416 
3.16177 11.7491 
2.38749 11.1337 
2.4172 11.0963 
2.38811 11.1422 
2.39711 11.1132 
17.1631 19.563 
2.35685 11.1844 
2.38922 11.1784 
7.53473 14.2653 
2.3805 11.1562 
5.87779 11.8505 
2.60474 11.2046 
2.38188 11.1877 
3.56464 11.7105 
2.66787 11.3641 
2.78321 11.1626 
2.53287 11.0775 
12.3792 17.8287 
4.50797 8.49959 
13.9131 16.5886 
10.077 11.9275 
4.83572 8.56204 
4.53209 8.45436 
5.57379 7.23611 
5.47806 7.25537 
5.43304 7.30171 
5.53329 7.20759 
5.60735 7.18974 
8.73193 3.81331 
5.93646 6.99538 
8.74013 3.91021 
17.9919 13.4418 
7.37787 7.33569 
8.75524 3.80181 
8.68563 3.84621 
8.76223 3.8428 
8.70637 3.83069 
15.9743 12.3261 
8.74511 3.80621 
8.79326 3.77055 
8.84836 3.88167 
8.78656 3.7778 
8.7762 3.82824 
19.1583 15.3752 
8.79864 3.76795 
8.8091 3.91041 
8.81608 3.91406 
8.77999 3.77956 
8.88692 3.78999 
8.84934 3.76797 
8.82675 3.75488 
8.98454 4.27099 
8.80457 3.76443 
8.86961 3.90398 
8.8165 3.82824 
8.82348 3.75767 
12.4305 11.8675 
8.81272 3.75766 
12.9556 9.10421 
8.86096 3.76067 
9.34558 4.80932 
9.38247 4.57526 
11.6013 5.74345 
8.60942 3.91296 
8.61984 3.93917 
8.70358 3.89874 
8.69367 3.98483 
8.62936 4.08535 
8.49609 3.99984 
12.0598 10.0739 
8.76362 4.23125 
8.64996 4.05515 
9.96791 8.61392 
6.02372 8.22362 
5.60737 7.27342 
5.39523 7.34198 
5.47684 7.32882 
5.92791 8.4554 
5.26322 8.50891 
6.00123 9.05929 
4.62277 8.28807 
4.7534 8.21181 
4.57713 8.34758 
2.85259 11.0416 
7.61108 14.4999 
6.51659 12.9959 
7.53933 12.6912 
2.44088 11.0288 
2.42417 11.0717 
2.40985 11.0789 
2.41014 11.0846 
2.41824 11.0805 
2.41952 11.0615 
2.46014 11.0156 
2.46076 11.1185 
2.4209 11.1039 
2.43183 11.0682 
2.43731 11.0828 
2.41623 11.0791 
2.42133 11.0662 
2.52246 11.112 
4.82507 12.4924 
2.57761 11.1333 
7.23671 14.2982 
2.48064 11.0882 
5.93205 12.4882 
7.03081 12.4701 
7.33446 14.3505 
4.81063 8.15351 
4.87479 8.2707 
4.82585 8.02272 
4.74628 8.12566 
5.0403 8.30253 
5.65764 7.40834 
5.62686 7.15276 
5.51252 7.54232 
5.68485 7.12484 
5.51118 7.57276 
5.84638 6.84346 
6.65726 7.12757 
7.10929 7.46104 
5.84981 7.27806 
5.83212 6.88215 
8.8004 4.10076 
9.26491 4.69965 
15.1126 10.8908 
9.72005 5.09707 
8.61295 3.9055 
9.29231 4.56251 
11.5407 7.18425 
9.12815 4.23344 
10.665 6.24149 
9.85302 5.6536 
13.5017 8.9744 
10.2948 5.92707 
8.99455 4.54279 
9.20868 4.54496 
12.3135 9.84625 
8.98951 4.41279 
10.3402 6.43407 
12.2618 8.03506 
8.82219 3.95227 
11.2086 16.9569 
14.7622 15.7461 
13.941 16.8007 
14.8819 19.0371 
17.1161 17.116 
11.7316 2.55475 
13.466 19.2373 
12.934 18.6466 
12.6219 18.578 
13.3601 19.1846 
18.6173 15.6563 
3.32579 14.8026 
16.0405 19.3266 
16.1966 18.8485 
12.876 20 
10.5615 17.7871 
9.88354 6.42423 
14.3946 18.4942 
15.6735 19.2275 
19.2628 19.9499 
17.8163 13.6624 
14.07 13.8081 
19.3744 15.6351 
18.6269 14.5015 
17.9571 11.7749 
19.2512 14.4912 
17.8944 15.674 
17.0932 12.5704 
17.8723 15.6176 
14.962 10.8272 
11.7495 15.4227 
16.7882 9.99502 
17.0501 11.093 
20 12.8759 
19.6034 13.5533 
19.9999 12.8753 
18.7539 13.729 
12.9686 17.6728 
19.24 16.3388 
19.9999 12.8763 
18.9406 11.0556 
18.4091 13.6892 
18.7016 14.3809 
18.919 11.9829 
19.0879 15.1407 
19.8113 18.9934 
19.9999 12.8769 
19.2805 14.7833 
19.2903 14.8775 
19.9998 12.8741 
19.9999 12.8738 
18.0632 15.9959 
19.9999 12.8766 
16.7657 11.2828 
19.9003 15.8193 
17.4595 12.5303 
14.7196 15.7803 
14.7218 15.8243 
14.728 15.8181 
16.082 10.9289 
16.8879 14.8184 
15.5193 19.7858 
19.9997 12.871 
15.4724 13.5306 
15.5261 19.7864 
15.4174 19.7768 
12.1224 13.3128 
12.8159 17.6002 
12.9137 17.6142 
12.4896 17.4912 
12.6076 13.8998 
16.3017 17.6685 
11.3149 15.6356 
16.2025 17.7565 
13.6403 15.6708 
16.4943 17.8992 
13.2345 12.5284 
6.25151 14.5028 
10.0703 16.3481 
10.649 16.6083 
12.019 14.957 
5.66848 14.1924 
6.24661 14.5004 
7.1123 14.9439 
6.2386 14.4963 
3.74569 13.0574 
16.5581 18.5017 
16.4824 18.3833 
16.3237 18.3072 
14.5538 16.856 
11.6273 17.1318 
12.4599 18.5214 
16.5551 18.453 
16.4083 18.3735 
16.2743 17.6219 
16.4772 15.6695 
11.2561 17.2096 
10.8988 17.0252 
16.1843 18.3576 
11.9911 14.9433 
16.3551 14.5794 
13.6953 16.3692 
11.5072 14.7085 
14.406 16.8119 
14.7297 16.9879 
11.6547 14.7796 
14.0351 17.5702 
10.8996 17.0936 
19.1028 15.1562 
19.2806 15.8831 
19.7258 19.3213 
17.6464 15.7718 
17.4922 17.0534 
15.3225 13.3072 
11.4193 14.1939 
17.7238 15.9469 
13.3167 15.8835 
19.9184 15.0487 
19.9998 12.8767 
13.4946 13.17 
16.1292 14.3979 
17.3483 15.0839 
19.9203 18.6973 
15.8665 13.0572 
17.7991 10.8884 
18.7409 13.3699 
19.5614 17.4157 
17.1515 9.46706 
19.3804 16.7087 
14.2661 13.0654 
19.2999 14.9676 
19.6775 15.1245 
14.8427 3.13113 
19.9454 19.2744 
19.9998 12.8729 
19.9996 12.8699 
19.0613 13.5933 
19.483 16.558 
15.9309 13.0654 
17.5163 10.1106 
19.9998 12.8751 
19.6138 17.6668 
19.9774 12.5451 
17.8401 11.147 
15.8479 13.0511 
15.8956 13.0663 
19.8442 16.1274 
17.0513 19.4899 
16.9849 15.6232 
19.9998 12.8746 
17.2089 15.8642 
17.5375 15.4934 
17.7675 14.0793 
17.3542 15.1238 
17.1547 14.6833 
16.3174 12.8652 
13.9605 14.9127 
18.9187 9.82579 
15.782 18.4687 
13.1966 14.3544 
18.9962 9.53404 
12.0633 13.6989 
12.4914 14.0288 
15.1919 16.6963 
9.94977 18.9145 
10.9999 17.6264 
12.6724 17.6969 
13.3138 14.9541 
10.2758 14.134 
18.013 18.5245 
17.2413 17.1511 
11.299 14.6092 
11.0422 14.4878 
10.6143 14.2886 
10.9596 14.4491 
13.4349 18.6788 
10.8823 14.4128 
10.9313 14.4357 
9.74815 11.7074 
10.7149 14.3352 
7.04736 14.9114 
11.2311 18.0472 
6.36951 14.5644 
10.7036 14.33 
11.0677 14.4998 
11.0643 14.4982 
11.9799 13.1945 
12.6414 13.4607 
11.432 14.1248 
19.2804 19.1281 
12.0593 13.2314 
14.472 14.2784 
10.307 14.1481 
10.0835 14.0471 
13.7745 14.8144 
10.0535 14.0336 
10.1345 16.941 
7.51277 4.79914 
17.6309 11.043 
11.8196 4.5638 
16.8515 16.8514 
19.1978 15.5516 
19.338 16.0683 
14.8307 12.4412 
18.4086 12.4256 
15.4438 19.7791 
17.1159 17.116 
19.9999 12.8754 
16.4291 17.2194 
16.3124 17.8782 
13.4458 15.9009 
15.8602 16.0012 
14.2283 15.2275 
14.9055 15.0495 
16.9489 16.7971 
12.6047 13.5453 
12.336 13.8119 
13.9651 15.4679 
13.6843 15.3339 
11.2003 15.4931 
15.5586 15.5822 
19.9999 12.876 
15.0888 19.1003 
20 12.8758 
19.9997 12.8729 
16.7642 16.3161 
3.57439 13.3704 
11.7435 2.53838 
17.6034 10.6828 
17.6598 10.3947 
11.6895 2.6507 
20 12.8758 
19.9999 12.8752 
13.2896 15.5361 
19.9999 12.8768 
16.8513 16.8513 
13.9303 14.1213 
15.8851 10.4434 
15.6134 15.6285 
17.7183 11.6989 
17.8308 12.6655 
16.4456 12.8267 
19.9904 12.7268 
18.0748 15.8379 
17.5393 14.7939 
17.8519 15.4116 
18.0648 17.6732 
16.851 16.851 
18.0884 17.7306 
17.9967 17.7239 
18.0481 17.7494 
15.8815 16.4029 
12.2854 14.3261 
12.6455 17.4883 
9.3507 16.0191 
7.43204 11.2959 
14.5415 16.9095 
11.6964 18.1959 
13.2434 18.6291 
14.4779 18.9395 
11.7108 18.2003 
14.8112 17.3854 
11.5344 18.1457 
12.4979 15.0952 
13.1314 16.4146 
12.344 18.3856 
12.8608 18.5276 
15.116 17.491 
15.8507 19.2721 
11.9058 18.259 
14.7312 17.2999 
16.9319 18.4032 
11.4449 14.0685 
13.6035 16.6926 
15.5076 17.7333 
17.1155 17.1155 
11.7545 18.2136 
15.324 15.139 
14.1938 16.994 
15.3352 17.3317 
12.1807 18.3391 
15.3804 16.722 
12.7755 18.5048 
13.1419 17.7131 
13.1308 17.7079 
16.8398 17.7034 
12.3064 13.6242 
17.6046 10.5365 
17.3287 17.2159 
17.7458 10.4854 
16.8511 16.8511 
19.8704 16.2704 
19.6746 14.289 
19.8956 15.9783 
17.3269 15.0305 
19.1984 13.0484 
13.1952 14.0889 
15.2329 17.7654 
16.3656 18.3194 
