-0.436214746 4.22444511 
0.171843387 4.24926804 
2.27919454 2.13915479 
0.795435581 3.62600431 
-2.20394147 3.54930939 
2.82811863 2.88620906 
1.72157237 3.42863322 
1.24786089 2.8653782 
-0.898498037 2.78913498 
2.58378632 3.07368534 
2.40483668 3.11963632 
-1.12709085 4.89839414 
-0.365854963 3.75649609 
0.749044769 3.32626706 
-3.0703764 4.64555915 
-1.74723139 3.8140752 
-2.1234078 3.10380159 
1.41551637 3.44191586 
-1.31892963 3.44437709 
-2.63566707 4.30335393 
-0.0544334365 3.78638349 
0.260206821 3.00499377 
-1.39075899 3.08015005 
1.89675507 1.98713875 
1.1571874 2.96382689 
-1.89486463 2.65613424 
3.10525781 1.33844342 
-0.657029843 3.55253055 
2.00385351 3.49131665 
0.482099131 3.93399347 
-2.80992034 4.73332876 
-2.40162916 4.31695815 
3.14155 2.39436 
3.10527 0.346124 
3.14158 0.78499 
3.14157 0.682264 
2.95902 1.41586 
3.11536 0.703211 
3.10531 1.75334 
3.12871 0.551172 
3.11117 0.515441 
3.10546 0.729975 
3.06898 1.15594 
3.06529 1.01062 
2.76687 1.97624 
3.14151 1.34248 
3.00521 1.0907 
2.7088 2.70011 
-3.14159 4.01586 
1.89658 2.50118 
2.18667 1.50137 
1.90761 2.49462 
-1.8588 2.4367 
-1.81994 2.61728 
-1.70493 1.72217 
-1.69169 2.01854 
-1.70487 1.60038 
-1.66407 1.73641 
-1.70488 1.79051 
-1.69531 1.5797 
-1.68653 1.67542 
-1.69832 1.47388 
-1.7169 1.83887 
-1.7201 1.89388 
-1.7312 1.89133 
-1.75019 1.98825 
-1.75218 1.73401 
-3.14154 4.57576 
-3.14151 2.66389 
-3.14151 3.42687 
-3.14152 2.39374 
-2.85336 2.32213 
-2.97588 2.85775 
-3.14141 2.0791 
-3.14159 4.05119 
-3.14158 3.79531 
-3.14158 2.87182 
-3.14157 3.82212 
-3.14159 4.14465 
-3.14159 4.24157 
-3.14159 3.49393 
-3.14159 3.08766 
-3.0195 1.87067 
-3.14152 1.39876 
-3.14157 1.65632 
-3.06856 1.93592 
-2.95433 2.40162 
-3.1415 1.5103 
-2.51588 3.3179 
-2.13628 3.21799 
-2.73484 3.08058 
-3.14156 2.25639 
-3.14157 1.87696 
-3.13494 1.30228 
-3.13051 1.24073 
-3.12683 1.37957 
-3.13078 1.45283 
-1.01869 2.94881 
-3.13052 1.26121 
-1.69838 2.91872 
-0.526969832 3.06950289 
0.537979688 3.14684378 
1.99882909 3.68131102 
-2.76983274 3.80759302 
1.06651802 4.0729703 
2.63012667 3.24996934 
2.2386455 3.08210588 
-1.78545983 2.60848192 
0.0856188463 3.29762917 
-1.66215178 3.72591464 
-1.26984512 4.76899937 
-2.35478723 3.93736384 
-1.01597768 4.13640112 
-3.08804172 4.12813703 
-2.48494844 3.56470217 
-0.30844009 3.86970577 
2.76625087 4.09787446 
-1.98154888 4.35693353 
3.00030981 3.32364724 
0.741406078 3.25895885 
1.86902101 3.11352951 
-2.7111992 3.58485079 
1.31549434 4.27484423 
0.93206189 2.70296008 
1.51287299 3.25882057 
-1.44281815 3.48974812 
2.41283875 3.34474441 
0.360596268 3.32305035 
1.71687694 3.90519945 
-0.133256649 3.54442875 
-0.752566758 4.84869326 
-0.976524936 3.77865969 
-1.78546 1.99842 
-1.7855 2.60198 
-1.75378 1.83429 
-1.70133 1.9775 
-1.88652 2.4087 
-1.75301 1.97889 
-1.75379 1.94834 
-1.75802 1.51579 
-1.76429 1.72515 
-0.423655 4.00937 
-1.75801 3.12064 
3.14157 3.09359 
-1.75801 1.54296 
-1.75792 2.9912 
-1.75802 1.46512 
-1.75726 1.69093 
-3.1415 4.86445 
-1.75802 1.32591 
2.69959 1.68502 
-1.75738 2.1024 
-3.14148 3.83013 
-1.74698 1.46679 
-1.75802 1.80847 
-1.75802 1.33605 
0.815759 3.5177 
-1.22126 4.1068 
-1.75802 1.91613 
-1.75802 1.14624 
-1.75802 1.25685 
-1.75801 2.51421 
-1.78473 2.37553 
-1.76184 1.78467 
-1.79134 1.82536 
-1.78557 2.40934 
-2.1977 3.04475 
-2.28138 2.57228 
-2.39029 2.82009 
-2.28232 3.22308 
-2.28128 2.48714 
-2.19167 2.27074 
-3.14158 3.86401 
-3.14158 4.01761 
-3.14154 2.84347 
-2.92652 2.78665 
-2.90984 3.10582 
-3.14154 3.68585 
-3.14158 4.39664 
-3.14159 3.58999 
-3.14156 3.48369 
-3.14158 3.28405 
-3.14159 2.62201 
-3.14155 2.27457 
-3.14159 2.15919 
-3.14151 2.68849 
-3.14159 1.71423 
-3.14159 1.60782 
-3.14156 2.77088 
-3.14159 1.49348 
-3.06976 1.88186 
-3.14157 1.37437 
-3.14156 1.24049 
-3.14155 1.31463 
-2.64879 3.1659 
-3.13429 1.35455 
-3.14159 1.15542 
-3.14158 1.48425 
-0.666204 2.59406 
-3.14159 1.5475 
-0.421375377 3.81958608 
0.707766448 3.26010016 
1.91481319 3.37921751 
1.4035656 2.47492988 
-0.966284452 2.36754875 
-2.3860163 4.11525477 
-1.48465514 2.45060154 
0.394242482 4.18767573 
-2.05762009 3.98061326 
-1.88036994 3.51690809 
-1.24147119 3.7588221 
2.89705124 3.08739841 
-2.31868314 4.76382559 
-0.249243816 4.03076167 
-1.70317094 4.09514492 
-2.69431627 3.91992512 
-3.00907664 2.53483732 
2.38913355 3.06450185 
0.0532332159 3.42030741 
-0.0244667257 3.84639253 
-1.07022781 4.08514352 
2.01561691 2.99780202 
2.18621498 2.50588596 
3.02251619 3.22696519 
0.328791485 2.7345496 
-0.597151139 4.08348296 
-2.9428471 4.09156098 
1.69534336 3.28481043 
1.14537824 2.61076388 
0.973573574 3.11080884 
1.37068003 3.94868795 
2.5908101 2.57625269 
-1.48416 2.0602 
-1.01078 2.9288 
-1.87273 2.92087 
-1.34559 1.98496 
-1.23233 2.38199 
-1.47042 2.19275 
-1.36878 1.69599 
-1.38033 1.70373 
-1.36886 2.12012 
-1.38033 2.048 
3.14151 1.56249 
2.95256 1.95925 
3.14155 1.35977 
3.14155 2.21302 
3.14137 0.991819 
-1.38038 1.81097 
-1.3681 1.84901 
2.57485 4.24237 
0.250223 3.89663 
1.736 2.38762 
-3.14155 2.75115 
-1.36964 1.75247 
-3.01448 4.17872 
-1.3688 2.58119 
-1.37042 1.62925 
-1.39984 1.74257 
-1.37285 1.78894 
-1.41322 1.82455 
-1.39164 1.67179 
-1.39653 1.86088 
-3.14159 2.21103 
-3.09354 2.48381 
-3.14154 1.71202 
-3.14155 2.29445 
-3.14157 1.91571 
-3.14158 1.5664 
-2.56652 3.2924 
-3.14156 2.60743 
-3.14156 1.85065 
-3.14156 1.29339 
-3.14159 4.40202 
-3.14157 2.56418 
-3.14158 1.34031 
-3.14158 3.32359 
-3.14157 3.87312 
-3.1415 3.9103 
-3.14157 3.66917 
-3.14156 3.00929 
-3.14155 3.73564 
-3.14159 3.71711 
-3.14153 1.65872 
-3.14159 1.52661 
-3.14147 4.72211 
-3.10863 1.66783 
-3.14159 4.74001 
-3.13966 1.1872 
-3.13954 1.88592 
-3.13725 1.28826 
-3.13965 2.7876 
-3.14026 2.74592 
-1.48459 3.28527 
-3.14159 1.17924 
-1.97199 3.49772 
-1.62565 4.10424 
-3.14158 2.59202 
-0.678386 3.03284 
-0.880949 4.95459 
-3.14 1.30657 
-0.512130463 3.45065217 
1.07390275 3.74162306 
1.63444775 3.21474381 
2.46965168 3.80158931 
-3.08479132 2.41603659 
-1.7075377 3.92631849 
1.27157906 3.14109573 
-0.932034967 4.55673568 
2.06253936 4.20919273 
-0.146536697 3.47027316 
-2.87528961 4.240772 
-0.765144315 3.6017467 
3.06855932 3.39199277 
1.40415573 3.38767681 
2.89184158 3.50320407 
-1.78980913 4.09346876 
-2.28151923 3.26971514 
-2.0730627 2.40393884 
0.126563222 3.86759 
0.691538734 3.57308168 
0.905513431 2.86697028 
-1.4938964 3.43223152 
-1.21109181 3.85090525 
2.55374082 1.93410218 
-0.378688807 3.62733561 
0.44298176 4.31416127 
1.83160742 4.19260237 
-1.17294701 3.64366046 
0.273438883 2.43641973 
2.25956109 3.76342536 
-2.42013113 3.85739278 
-2.60092485 2.29776502 
-3.14159 3.87019 
2.9623 1.12781 
2.8563 1.87651 
3.14148 1.04231 
3.14155 0.964684 
3.14148 1.26983 
3.14152 1.90426 
3.09635 1.02402 
3.14157 1.34617 
3.12601 0.880542 
2.61925 1.95072 
3.01388 1.01285 
2.98177 0.855961 
3.04798 0.971176 
2.96821 1.4036 
-2.12775 2.9236 
-2.60709 2.69968 
-2.60095 2.69925 
2.63815 2.27785 
-2.79741 2.60891 
-2.51684 2.23758 
-2.3964 2.36033 
-3.14158 3.30934 
-2.51684 2.06552 
-2.51673 2.10108 
-2.50132 2.80976 
-2.44036 2.20741 
-2.12173 3.03796 
-2.51988 2.07283 
-3.07583 2.9626 
-2.52439 1.67227 
-2.52408 3.78449 
-2.58433 2.33685 
-2.00623 4.07253 
-2.52444 2.26195 
-2.94249 3.26743 
-2.67437 2.67487 
-2.60094 3.31877 
-3.08491 4.31326 
-2.53227 1.97746 
-3.14159 1.65906 
-3.14158 1.49522 
-2.83751 2.76081 
-3.14157 1.75235 
-3.14157 4.82327 
-3.14158 4.39691 
-3.14155 3.76643 
-3.14158 3.91144 
-3.14159 4.29761 
-3.14159 3.73791 
-3.14137 2.31043 
-3.14158 1.90774 
-3.14159 3.8486 
-3.11684 1.69348 
-3.14152 2.42364 
-3.14159 1.57678 
-3.14158 1.45963 
-3.14159 1.77593 
-2.07261 4.1121 
-3.13564 1.12193 
-1.2959 3.01896 
-3.13564 2.76481 
-3.13632 1.20518 
-3.13378 1.25737 
-0.746664 4.03348 
-3.13561 1.35412 
-3.1411 4.86467 
-0.877302 3.23137 
-0.210186467 3.69841581 
1.24368951 3.64564065 
1.55043185 3.64921844 
-1.29196619 3.84142955 
-2.1170281 3.84491008 
0.29484271 3.13512832 
0.0194925838 4.1609965 
1.76015123 3.5056827 
3.06920804 1.71264598 
2.05143804 3.72365609 
-0.149070433 2.52730946 
-2.50437948 4.11315839 
-2.82378164 4.44906596 
-2.69645449 4.65256914 
-3.05054674 3.94965698 
1.00387569 3.2831928 
2.53798324 2.99353305 
-1.12789792 4.18448034 
1.886031 2.69059375 
-0.948097203 4.36378706 
0.798001727 2.429764 
-0.472198969 3.50272617 
-1.47939519 3.2592485 
-1.62785385 4.39678584 
2.65657586 4.14076296 
-2.21238845 4.47201634 
-1.91265604 3.81299391 
2.32058797 2.60629018 
2.8981166 3.35106276 
0.518762587 3.8942982 
0.634594922 3.68226829 
-0.678893442 4.18518991 
3.14158 0.637894 
3.14156 1.68557 
3.14138 1.1478 
3.14151 1.0238 
2.67601 2.21824 
3.14158 0.684012 
3.14156 0.521324 
3.14157 1.00175 
3.14143 0.630439 
3.14157 1.77175 
3.14158 2.68678 
3.07465 0.904442 
3.10813 0.66305 
3.09184 0.77698 
3.12439 0.439452 
2.48655 2.44665 
2.32069 3.46538 
3.14156 2.60013 
0.966592 2.46168 
1.45165 2.50448 
-0.357833 2.84596 
0.798006 2.1158 
0.797986 2.65681 
-0.148757 1.94028 
-0.315132 2.3168 
-0.932881 2.81069 
-1.12787 3.10049 
-0.527834 2.34352 
-0.70593 2.7016 
-0.573542 2.49188 
-1.68735 2.23955 
-1.97075 3.19489 
-1.8763 2.68641 
-1.55924 1.89559 
-1.69603 2.26656 
-3.14159 4.54084 
-2.50439 3.17163 
-3.08291 3.54609 
-2.49383 3.1461 
-2.54993 3.61612 
-3.14149 2.56293 
-3.14158 3.33453 
-3.14159 3.6028 
-3.14159 2.83946 
-2.91782 4.02043 
-3.14159 4.32486 
-3.14151 4.35824 
-3.14154 4.32741 
-3.14157 3.86355 
-3.14159 4.0113 
-3.14156 2.28828 
-3.14159 3.39985 
-3.14159 2.77338 
-3.14158 2.85437 
-3.14149 2.25299 
-3.14158 1.19145 
-3.14152 1.63212 
-3.14158 2.6443 
-3.06729 1.96357 
-3.14155 1.40661 
-3.13848 1.23736 
-3.14035 1.23486 
-3.14157 2.75856 
-3.14154 1.52056 
-3.14157 1.68225 
-3.13641 1.38222 
-0.780511 3.41526 
-1.54109 3.32015 
-0.300941553 3.62908217 
1.41347627 3.2930147 
1.27006641 3.45415419 
-1.45176447 3.48852146 
-2.16506275 4.07174377 
-1.82093417 3.80912405 
0.289190762 3.04678485 
0.964471846 3.95217155 
2.33610916 3.82784978 
-2.94284456 3.69349835 
-2.50984282 2.76725565 
-0.620598431 3.24593723 
1.87891128 3.82919251 
0.449636349 3.93764201 
0.752234715 3.77365926 
-0.490611235 3.14614351 
-1.18725202 4.10784684 
-3.0079219 3.33522121 
-2.07361216 4.55465176 
2.75957851 1.99888032 
-2.64677745 4.1794116 
2.49328874 3.21086951 
-1.1135868 4.26498073 
1.72113556 2.78826101 
3.13827514 2.30433124 
-0.0810910122 4.26049288 
1.1392431 3.23016308 
-0.787304201 2.80355842 
2.7337327 2.558817 
2.07923712 2.76675908 
0.189704656 3.81788501 
-1.65932174 2.90184074 
3.14153 1.64977 
3.08691 1.30477 
2.99926 0.686628 
3.14155 0.877898 
2.80671 1.71761 
3.0029 1.16404 
2.99927 1.00996 
2.99943 0.596805 
3.04008 0.960581 
2.99755 0.748051 
3.00655 1.43945 
3.08939 1.27575 
2.96793 0.786781 
2.99967 0.872895 
2.9815 0.646349 
-1.65932 2.91252 
2.75961 2.14489 
2.50108 2.30159 
2.56186 1.37767 
2.99209 3.1176 
-1.66229 2.4285 
-1.66233 1.86049 
-2.10957 3.20629 
-1.5946 1.47081 
-1.58482 1.60331 
-1.59828 1.64048 
-1.55887 1.63828 
-1.58665 1.84288 
-1.58493 1.38368 
-1.59244 1.23543 
-1.72438 3.57147 
-1.66125 2.03353 
-1.65731 2.23973 
-1.66328 1.58709 
-2.57588 3.23575 
-2.55474 2.76397 
-3.14128 4.41108 
-2.4448 2.64401 
-2.41229 2.87572 
-2.49982 1.92093 
-3.14155 3.29698 
-3.14159 3.63099 
-2.8663 2.96485 
-3.14157 2.05519 
-3.14157 3.21341 
-3.14159 4.04896 
-3.14148 3.42503 
-3.14158 3.02567 
-3.14159 3.93763 
-3.14159 4.24252 
-3.14159 1.68407 
-3.14158 4.4421 
-3.14158 1.58682 
-3.08349 1.91458 
-3.14156 4.3815 
-3.14148 1.66804 
-3.14159 1.94649 
-2.51261 4.34541 
-3.14158 1.29792 
-3.14151 1.33927 
-3.14156 1.19738 
-2.49816 3.43046 
-3.13245 1.39832 
-3.14159 2.76063 
-3.14156 1.99261 
-1.13341 3.21245 
-1.59456 2.06701 
-0.834329 3.43926 
-0.391696638 3.12919331 
1.77961257 3.75158024 
-2.79249895 3.70446054 
-2.53444085 4.29472757 
-2.56465551 4.08914144 
2.48580353 1.90835094 
2.66804774 2.53946821 
-1.0707465 2.39615165 
0.747020968 3.05214683 
1.60891965 3.78038843 
0.180861181 3.66242927 
-3.06015727 3.71267215 
-2.25517394 3.31112221 
2.27186584 3.66906709 
1.55036676 1.72397015 
1.17949712 2.49145118 
3.02817548 2.39445389 
1.16316594 3.82723277 
-1.59890261 4.36168442 
-2.13086251 4.84303795 
2.87582956 2.55804429 
-1.54326053 4.6337603 
2.0321355 2.95881181 
-0.922597906 2.51243774 
-0.527085775 3.77026936 
0.350972088 4.12546901 
-0.688071504 2.90565507 
-1.24301868 3.86365451 
0.865824226 3.98231866 
-0.151763939 3.89246848 
0.539315556 4.14226146 
-1.777779 3.39518504 
1.5518 1.89877 
2.50365 2.14567 
1.53613 1.37967 
1.45595 1.80313 
1.53611 1.82312 
1.62659 0.942918 
1.66829 1.22045 
1.62654 0.927111 
1.62127 0.843685 
1.62127 1.03587 
1.6166 0.973377 
1.63457 0.992987 
1.6229 0.881559 
1.62075 1.39352 
1.87012 2.04696 
1.47694 2.13344 
3.14159 3.58868 
1.45689 2.73448 
1.37686 1.85117 
1.32837 1.48624 
-0.922807 3.13585 
-1.05756 2.42093 
-1.07153 2.30273 
-1.07462 3.30394 
-0.954789 2.36611 
-1.11441 2.49913 
-0.783334 2.60895 
-1.01644 2.51732 
-1.07149 1.97187 
-1.07149 1.80318 
-3.11313 3.72291 
-2.25502 3.62369 
-2.66604 3.84248 
-3.14133 2.17896 
-3.14156 1.52967 
-3.14155 1.92339 
-3.14153 1.81813 
-3.14143 2.07467 
-2.99636 2.22885 
-3.14157 1.29097 
-3.14159 4.19178 
-3.14154 2.50171 
-3.14153 2.73636 
-3.14159 1.48459 
-3.14153 4.52331 
-3.14151 4.15359 
-3.14159 3.28516 
-3.14159 3.3341 
-3.14158 3.74558 
-3.14159 3.80044 
-3.14158 2.22014 
-3.14153 4.86431 
-3.14157 4.40594 
-3.11456 1.65132 
-3.14158 3.9364 
-1.88749 3.09892 
-3.14157 1.29832 
-3.1415 1.99073 
-3.14159 1.71558 
-2.61833 2.65365 
-3.14156 1.19921 
-2.50618 3.41943 
-3.13947 1.28099 
-0.738895 3.82726 
-3.14156 1.11619 
-3.14157 1.20783 
-3.14157 1.08734 
-3.14157 1.15383 
-0.286102184 4.38422337 
2.14574887 3.54994428 
0.636085075 4.40873043 
2.86241761 3.3413651 
-2.96424828 3.59554455 
-2.42391822 3.46241943 
0.814885526 3.48790185 
-2.03288628 3.40320959 
-0.645717681 3.7788948 
-2.23531951 3.93504298 
2.39920601 3.95292696 
2.7418209 3.58201656 
-1.77254329 4.69448689 
-1.47114069 3.8411474 
2.30397786 2.78743079 
-2.89117513 3.16950728 
0.163807201 4.06186228 
1.02439851 1.70188823 
0.211881525 4.23944886 
1.6211043 2.88195281 
1.33773653 3.33361535 
-0.399322528 4.23643866 
-0.805719655 4.09387125 
3.02965932 3.56641374 
-1.75449962 4.43307259 
-1.18459492 2.85851369 
1.57067068 3.5525838 
-0.18184515 3.84917261 
0.435651796 3.32168973 
-2.74022786 4.02224438 
1.87644923 1.79791457 
-1.06875899 4.67114543 
1.02446 2.18663 
1.07656 2.27574 
1.87647 2.36302 
2.2151 2.22822 
0.945351 1.62104 
0.97722 1.67938 
0.961674 2.39575 
0.945263 1.37343 
0.891617 1.98312 
0.94546 1.76635 
1.02436 1.53782 
1.0176 1.6868 
0.962421 1.78228 
1.28176 2.46989 
0.949839 2.59437 
0.979821 1.68592 
0.94532 1.72932 
0.945258 1.14608 
0.954435 1.38618 
1.00397 1.8462 
-1.17377 2.34307 
-0.964817 2.535 
-1.1846 2.66375 
-3.14157 4.60952 
-1.167 2.51944 
-1.15904 2.10042 
-1.13132 2.14384 
-1.26949 2.36261 
-1.1549 2.00907 
-1.15491 2.04729 
-2.6217 2.71585 
-1.92789 2.39204 
-1.87936 2.86801 
-2.0629 2.62227 
-2.41788 3.15051 
-2.55978 2.67056 
-2.70447 2.73644 
-2.63079 2.55112 
-3.14157 3.30964 
-3.14154 3.48712 
-2.84078 3.0331 
-2.82602 2.94417 
-3.14157 4.06423 
-2.75102 3.61997 
-2.73769 4.15339 
-3.14155 4.31382 
-3.14159 4.41695 
-3.14159 3.40846 
-3.14159 3.78969 
-3.14158 2.63514 
-2.96982 2.99244 
-2.81026 3.17165 
-3.14157 2.69287 
-3.14156 2.39385 
-3.14158 2.17338 
-3.08964 2.10955 
-3.12133 1.68725 
-3.14159 1.63699 
-3.14158 2.76043 
-3.14146 2.03442 
-3.14156 1.35176 
-3.04485 2.03314 
-3.14157 1.2575 
-3.14157 1.11807 
-1.52 3.48655 
-3.14157 1.21477 
-3.14158 1.45648 
-0.71386 2.97639 
-0.180507729 4.37527778 
2.51188517 3.87030491 
0.428970079 2.69547434 
1.77974123 3.48091925 
2.72299472 3.31057361 
-2.53097511 3.74544277 
-2.6641058 4.56408224 
2.0329489 2.34780629 
-2.03845633 3.31246324 
1.23085706 3.96393733 
-2.24932488 4.52934994 
2.20675737 3.90073099 
-0.579359265 3.82239192 
-1.57795876 4.47559718 
-1.8518326 3.35959461 
2.8908651 2.72916807 
-0.386784754 3.38502876 
3.03687106 2.68734994 
-3.06767957 3.62737042 
0.316964602 3.82035377 
1.74737204 1.80612657 
0.88930121 3.14861561 
-1.41070502 4.11932665 
-1.08462739 3.73775355 
1.13072254 2.68604102 
0.16096688 3.38706474 
0.70637619 4.17252113 
-0.716538798 4.60311305 
-1.32406754 2.73334148 
-2.91551465 3.04802429 
1.46882289 3.99709211 
-0.938888293 4.07527781 
2.33779 2.73622 
1.65046 1.63838 
1.65221 2.31135 
1.73418 1.31814 
1.73464 1.88825 
1.75234 1.32379 
1.40784 2.09607 
1.76478 1.19606 
1.7957 1.47903 
1.76481 1.43775 
1.76196 1.35029 
1.7615 1.10755 
1.75967 1.05489 
1.76043 1.04126 
1.75883 0.984353 
1.64919 2.33033 
-2.33674 3.25458 
1.64941 1.15799 
1.75931 3.0542 
1.66519 2.33369 
-1.11394 2.72564 
-1.47047 3.81486 
-1.32262 2.11938 
-1.37546 2.18046 
-1.3179 1.88985 
-1.13409 2.68916 
-2.39253 3.90001 
-1.31787 2.22587 
-1.3183 1.6611 
-1.31796 2.0817 
-1.64559 2.20579 
-1.78278 1.94818 
-1.8591 1.9732 
-1.88246 1.75538 
-1.91788 2.28586 
-2.6501 3.00401 
-2.7829 2.90922 
-3.14159 3.54215 
-2.86169 3.44419 
-2.57892 2.43754 
-3.14155 2.31913 
-3.14155 3.69832 
-3.14153 2.81687 
-3.03015 3.04666 
-3.14159 1.4983 
-3.14158 3.84501 
-3.14158 3.20629 
-3.14156 4.21716 
-3.14158 3.5944 
-3.14159 3.08581 
-3.1415 1.6458 
-2.78982 2.84332 
-3.11243 1.2978 
-3.10945 1.69005 
-3.11299 2.85238 
-3.14153 1.6005 
-3.11244 1.6355 
-3.11235 1.95591 
-3.11377 2.50281 
-3.09965 1.58494 
-3.11749 1.3803 
-3.1124 2.5767 
-3.11245 1.89744 
-1.88183 3.21705 
-3.11265 1.39497 
-0.342546 2.92062 
-1.77181 3.26905 
-3.11158 1.33598 
-0.0749132737 2.81417867 
2.68167193 1.68595482 
0.344954177 4.27899628 
-0.857800522 3.1056635 
-2.97234871 3.70510605 
-2.25962585 4.37602234 
1.34058029 3.87069152 
-0.696866672 3.92596315 
-1.18955175 3.56732385 
2.40911578 2.92750631 
1.00613735 3.4173279 
0.973116204 2.67388207 
2.30684654 3.29544564 
-0.994360294 4.44740195 
-2.90661283 4.30991331 
-2.14987845 4.81561295 
-2.61403306 4.5428947 
1.87491134 1.9983629 
-1.9570328 3.60480472 
-0.262169037 3.77512815 
1.38983504 3.91333101 
2.87521466 2.77200092 
3.03675752 2.14636892 
2.13489593 2.49262811 
-1.76641563 4.49093292 
0.118002293 4.00026103 
1.5958979 3.74738703 
-1.55249077 2.83439965 
0.534455466 4.00648334 
0.631976152 4.22401677 
-0.582683784 3.48192873 
-2.43134835 2.65145152 
2.68375 2.25437 
2.805 1.51072 
2.88655 1.51058 
3.14155 1.29941 
3.14157 0.959022 
3.1415 0.758645 
3.14159 1.19231 
3.10125 1.04649 
3.14159 0.539169 
3.14159 0.192289 
3.14156 1.79148 
3.14159 1.09835 
2.82366 1.8814 
3.1209 0.54941 
3.10832 0.430609 
1.75227 2.07586 
1.87189 2.09367 
1.62432 1.78191 
1.70308 1.1619 
1.1536 2.29457 
-1.68839 2.74913 
-2.13989 3.03287 
-2.38158 2.76968 
-3.14159 3.29489 
1.00667 2.24652 
-1.75265 3.09719 
-2.40343 2.95277 
-2.29594 2.30978 
-2.29596 2.69711 
-2.14658 2.48774 
-2.53766 2.71602 
-2.27277 2.3152 
-2.29509 2.30561 
-2.287 2.43801 
-2.29787 2.10942 
-2.30738 2.20955 
-2.31584 2.1535 
-3.14153 3.8201 
-2.76008 3.21838 
-2.33028 1.74175 
-2.90877 3.19295 
-2.89589 3.13311 
-3.14146 4.38193 
-2.9473 3.69374 
-3.06127 3.40761 
-3.14159 4.12284 
-3.14145 4.19232 
-3.14155 4.13563 
-3.14157 4.0923 
-3.14157 3.97523 
-2.97293 1.83849 
-3.01596 2.55368 
-2.99506 2.34757 
-3.14149 1.33371 
-3.14156 2.16004 
-3.14159 1.52921 
-3.14144 1.67637 
-2.37689 3.61152 
-3.14144 1.24455 
-2.33047 4.13146 
-3.10416 1.72861 
-3.14159 2.59478 
-3.1414 1.97355 
-3.14149 1.3077 
-2.96941 2.37057 
-3.14136 1.52557 
-3.14144 2.07982 
-3.14144 2.28351 
-0.165668359 3.90742659 
3.04780823 3.02295228 
0.0645887353 3.46634012 
1.86011646 3.94742326 
-2.00458549 4.30166725 
1.2707876 3.89468662 
1.40707813 2.91862571 
2.3718385 2.13868671 
-3.00098746 4.25340731 
-2.58516683 3.85005468 
-1.15828549 2.93845785 
-2.50378659 4.04020933 
-1.9359029 3.67331556 
-1.29344265 3.98991669 
-1.58899005 4.06366742 
0.661929133 3.45710399 
-2.90640166 3.5130635 
1.00079532 2.74999467 
0.495432085 3.34114332 
-0.253402028 2.43121129 
-2.3429435 3.84428464 
-0.518982511 3.32426882 
-1.53866382 3.82283355 
1.76684868 3.49137466 
-0.719048454 3.07790135 
0.829833235 3.38019676 
2.6846041 2.00515972 
2.08236688 2.97314391 
2.2112393 4.10257414 
2.79529357 3.14407301 
0.367482832 3.2295188 
-0.971022381 4.35151987 
3.14155 2.14136 
2.71678 2.25714 
2.67499 1.83911 
2.76836 1.76677 
2.83395 1.73069 
2.90373 1.38441 
2.9038 0.784588 
2.92796 1.05063 
2.90004 0.900372 
2.90378 0.755812 
2.91275 0.828099 
2.90746 0.775237 
2.90265 0.704725 
2.90529 0.952681 
2.91827 0.927857 
2.28981 2.06828 
2.27326 1.98629 
-0.475496 2.48127 
2.27068 1.88875 
2.28646 2.32522 
-0.0812123 2.21579 
0.236407 1.95046 
0.126432 2.12916 
0.0982031 2.24338 
0.126611 1.95784 
-0.716179 2.17436 
-0.723099 2.72953 
-0.715965 2.50306 
-0.803669 2.69132 
-0.658135 1.93471 
-3.14157 3.48476 
-1.33238 3.04295 
-1.38366 2.31164 
-1.41662 2.41349 
-1.51873 2.33714 
-2.99432 3.02006 
-3.14153 3.21672 
-3.14153 4.64718 
-2.79755 3.02362 
-2.89477 2.48501 
-3.14159 3.81566 
-3.14144 3.87323 
-3.14154 3.50575 
-2.90743 3.83853 
-2.89472 3.28448 
-3.14159 3.76395 
-3.14158 3.57012 
-3.14158 4.5122 
-3.14159 3.74954 
-3.14159 3.55158 
-2.89357 3.16424 
-2.93514 2.62147 
-2.90047 2.50592 
-3.14155 3.03453 
-2.89512 2.29207 
-2.8953 1.66616 
-2.89476 2.31932 
-2.2317 3.62332 
-2.89823 1.96807 
-2.89448 2.58595 
-2.8948 1.82586 
-2.87701 1.99786 
-3.14147 2.76606 
-2.89574 1.31692 
-2.89544 1.59884 
-2.89572 2.66452 
-2.89541 1.28603 
-2.89532 1.35368 
-0.0600739045 3.61714118 
-3.06559031 4.1007868 
2.37309918 3.13365304 
-1.07558884 4.22390228 
1.52421643 2.9741651 
0.0698029248 3.07013671 
-1.94726138 3.86485852 
-2.13853047 4.07006284 
-0.76623523 3.59214464 
-0.860050344 4.84108358 
-2.89805321 3.50983442 
2.02238339 3.46750554 
1.13759346 3.69222091 
0.252712796 3.8734529 
1.87957126 3.58866139 
-1.55612302 3.93166748 
0.712419148 3.54305046 
-1.35915632 4.27843144 
-0.364074665 4.38972082 
2.27960444 3.06294302 
2.91071159 1.98641787 
0.542649592 4.10504842 
-2.43345932 3.01501153 
0.834985514 3.70859816 
1.18186846 2.2660216 
1.62742129 3.41253124 
-2.34240761 4.02095655 
2.72632047 4.0652297 
3.12673545 2.56775828 
-1.73310857 3.17090327 
-0.441010807 4.24222261 
-2.67369387 4.01524269 
3.14156 1.57794 
3.14158 1.05187 
3.14158 1.0995 
3.14145 0.606139 
3.14145 0.68159 
3.14159 0.307582 
3.14159 0.480424 
3.14151 0.415654 
3.14152 0.375803 
3.10529 0.686625 
-3.14154 2.73693 
3.12352 0.569368 
3.1414 3.37427 
3.07531 0.935923 
3.14155 0.666197 
1.17299 1.83007 
1.0419 2.27707 
2.35073 3.14643 
1.173 2.1498 
1.21951 1.93005 
-2.95724 4.02349 
-2.4336 2.57923 
-1.81286 3.04185 
-3.14159 2.39212 
-3.14154 1.6766 
-3.14154 2.15025 
-3.14159 1.90027 
-3.14152 1.33029 
-3.14157 1.50704 
-2.88552 2.61926 
-3.14151 2.09972 
-3.14158 1.67108 
-3.14157 1.38915 
-3.13347 1.35081 
-3.14139 1.40619 
-3.14142 4.12009 
-3.14159 3.75017 
-3.14134 4.71311 
-3.14158 3.6362 
-3.14158 4.64127 
-3.10917 1.65289 
-3.14157 3.29748 
-3.14154 4.34903 
-3.03242 2.11373 
-3.14157 2.43611 
-3.14158 2.65952 
-3.14159 4.61011 
-3.14158 4.46797 
-3.14159 3.6927 
-3.14158 3.71654 
-3.14151 4.86426 
-3.14152 4.5181 
-3.14158 2.15829 
-3.14153 2.72739 
-3.14158 4.32646 
-3.14159 1.23107 
-1.71617 4.44121 
-3.14159 1.72658 
-3.13755 1.3368 
-2.30241 2.75088 
-3.14159 1.20051 
-1.38412 2.45335 
-1.72862 2.77457 
-2.15837 3.09042 
-3.14041 1.14544 
-0.0899028 4.50506 
-3.1404 1.84122 
-2.00423 2.98793 
0.0455205505 3.88415878 
-2.89580355 4.31328754 
-0.299792608 3.94008072 
0.620066032 3.95123344 
0.928274119 2.93668474 
-0.593436172 4.15756067 
2.12912244 2.52208858 
2.6411841 2.63890047 
2.84421504 2.22534615 
1.66982933 4.13100118 
-2.41765178 4.02143112 
-2.31132906 3.94866869 
2.26766662 3.02505738 
-0.0261113483 4.24962908 
-2.62461094 3.03247084 
-1.07509784 3.67386746 
1.05947139 3.72833175 
-1.9836278 4.70380755 
-1.92671534 2.63849823 
-0.902242073 3.08798707 
1.86056384 2.77630052 
-1.41272602 3.08327593 
-1.63522863 4.32722371 
0.528931897 3.560651 
3.05387835 3.14920723 
1.1918786 3.49999292 
-2.955475 4.59680397 
1.51837491 4.11055146 
0.220014191 2.66252 
-1.31160151 4.79639691 
-0.46867606 3.84688964 
2.40826279 3.18416747 
3.05394 1.17181 
3.14159 1.46686 
3.14151 0.66311 
3.14142 0.983342 
3.12636 0.459538 
3.14154 0.411941 
3.13107 0.464346 
3.11764 0.585951 
3.14157 1.10773 
2.84605 1.83773 
3.1264 1.79011 
3.14156 1.45367 
3.12627 1.05724 
3.08196 0.923845 
3.10062 0.697138 
2.12279 3.68377 
2.82694 1.96175 
3.14157 3.00639 
2.12914 1.76946 
2.13697 2.23811 
-1.41396 2.36802 
-0.504458 3.30856 
-1.46785 1.96283 
-1.65323 2.27198 
-1.46287 1.5316 
-1.43128 1.99024 
-1.40135 1.98294 
-1.46287 2.34828 
-1.48467 1.6896 
-1.47771 2.20074 
-1.98307 2.10189 
-2.02583 2.37169 
-1.92776 2.09582 
-1.95676 1.92732 
-3.05018 4.11287 
-2.51777 1.83489 
-2.63076 3.02943 
-2.42961 2.74477 
-2.5211 2.11069 
-2.50896 2.28911 
-3.14158 3.2204 
-3.1415 3.51533 
-2.86163 2.56796 
-3.14155 3.19426 
-3.14159 2.74297 
-3.14157 3.96076 
-3.14158 4.17798 
-3.14154 3.79091 
-3.14159 3.58714 
-3.14159 3.32129 
-3.07456 2.31193 
-2.99329 1.99962 
-2.97858 2.30455 
-3.14158 2.40073 
-2.93271 2.43442 
-2.30771 3.03253 
-2.51861 2.23037 
-2.51731 2.59154 
-2.51768 2.19448 
-2.535 1.575 
-2.53899 1.80551 
-2.5668 2.00508 
-1.95681 1.89296 
-2.53238 2.28776 
-1.77819 3.18123 
-2.51001 1.77663 
-2.53497 3.9505 
-2.535 1.54641 
0.151115005 3.34336113 
-2.52966725 3.6369141 
-0.580158051 4.76336326 
-2.94520229 4.46970363 
1.0950537 2.83163532 
-1.21127068 3.77485027 
1.93403401 3.4965172 
2.63872821 2.28391839 
-0.350045431 3.3857029 
0.336715509 2.80605387 
-1.48835005 3.80540461 
2.94050941 3.73266427 
1.27190785 3.54960586 
-1.77635776 4.18183491 
-0.980119598 3.94893614 
3.12802856 3.75105658 
0.703758438 3.42053891 
-2.17691668 4.78536662 
-0.611694577 3.69261991 
0.98065047 2.74036742 
-1.67974826 3.42183083 
2.3405323 4.17960361 
-2.11155186 4.01197494 
2.07789344 3.37742009 
0.468742684 4.21560445 
2.46090456 3.44134458 
1.71592949 4.08014564 
1.43001729 3.02326596 
-2.71813076 3.86352745 
-0.158204348 4.1912914 
-3.07486581 3.52909165 
-1.02663947 3.65632424 
3.14157 2.41343 
2.97373 3.08603 
2.6389 2.22858 
2.67384 1.35561 
2.67399 1.68217 
2.78202 1.15042 
2.94034 1.7076 
2.77453 1.37878 
2.78202 1.57216 
2.76625 1.18128 
2.73014 0.786 
2.70967 0.934486 
2.74383 1.16786 
2.73587 0.980312 
2.75154 0.932753 
2.6366 2.11206 
2.61692 1.60195 
-3.14124 2.76183 
0.624252 2.9206 
2.63606 1.79883 
-3.14158 2.57583 
-2.53395 2.64889 
-3.14159 2.40814 
-3.1414 2.28127 
-2.96743 2.41022 
-3.14159 2.90979 
-3.14145 1.82677 
-3.14156 1.62036 
-3.14158 1.88983 
-3.14155 1.45517 
-3.14158 1.1701 
-3.14132 1.3991 
-3.14155 2.06086 
-3.14154 1.29675 
-3.14137 1.15256 
-2.91748 2.53384 
-3.14158 2.50211 
-3.14159 3.69317 
-3.14154 1.27341 
-3.14153 4.83213 
-3.14156 3.07488 
-3.14114 3.04139 
-3.14153 4.42161 
-3.14157 3.7906 
-3.14158 2.77331 
-3.14159 3.81687 
-3.14159 3.47298 
-3.14155 4.57702 
-3.14158 4.23943 
-3.14155 4.12925 
-3.14136 1.56593 
-3.14139 4.16263 
-3.14158 1.64752 
-3.14158 4.7109 
-3.13944 2.45141 
-3.12324 1.54355 
-1.90757 3.07003 
-3.14159 2.1704 
-3.14137 1.41156 
-2.55232 3.2917 
-1.96817 2.82206 
-1.9685 4.44503 
-1.33598 4.09672 
-3.1414 1.52546 
-1.12137 3.26869 
0.120336 4.65814 
0.151478 2.72987 
0.244825 2.81352 
0.0603599196 3.50135266 
-2.16353095 3.33490278 
-0.664173952 4.02932186 
2.15591686 4.05720722 
1.10758624 3.16476521 
-1.19642023 3.85015628 
2.45846766 2.79507773 
2.91052971 3.07521863 
-2.9189917 3.22371054 
-2.71212564 3.83233999 
-3.06082902 3.63994483 
0.545270669 3.22166305 
-2.01751014 3.27791916 
1.68851147 3.56734246 
1.31671459 3.75859513 
-0.937849928 4.08933454 
-0.343292992 4.42702156 
2.65791546 2.93155377 
1.87985582 3.10087523 
-0.0165972016 4.43012733 
-1.16448358 3.95073511 
0.628740582 3.34031416 
-1.61059906 4.79997683 
3.03120647 2.73643994 
0.214386964 3.44207124 
2.22079319 3.62851165 
-1.82668015 3.29774943 
-2.46423001 4.22549549 
-0.462666769 3.77069576 
-1.39263723 4.11287538 
0.882632779 3.0182123 
1.51421837 2.97405446 
3.0312 2.43574 
3.14155 2.2832 
3.14149 1.97911 
3.14157 1.55226 
3.14157 0.762048 
3.14148 0.968231 
3.14153 0.564048 
3.14155 0.767312 
3.14153 0.390009 
3.08434 0.806717 
3.11666 1.03677 
3.10462 0.742134 
3.14152 0.805269 
3.12631 0.49967 
3.14151 0.606976 
2.95532 1.46434 
2.9908 1.63827 
3.01644 1.21935 
2.95797 2.06108 
2.84753 1.81235 
0.846631 3.2937 
-2.29256 3.04622 
-2.16676 2.82749 
-2.21619 3.23842 
-1.92321 3.34515 
-2.16669 3.42608 
-2.30241 2.55845 
-2.3707 2.40133 
-2.41639 2.1143 
-2.45357 2.83998 
-2.41639 2.70691 
-2.41796 2.13977 
-2.49575 2.61099 
-2.16706 2.40858 
-2.32024 2.4396 
-2.4178 1.60078 
-2.41796 3.84706 
-2.41538 1.93495 
-2.7149 3.02463 
-2.41395 3.35183 
-3.14159 3.99221 
-2.84422 2.63093 
-3.14159 1.8968 
-3.14159 2.5979 
-3.14159 3.08536 
-3.14149 2.47617 
-3.14159 4.04841 
-3.14155 4.60268 
-3.1415 3.69255 
-3.14158 4.32825 
-3.14158 1.52809 
-2.95935 2.40286 
-3.14157 2.03012 
-3.14156 2.22802 
-2.7915 3.86648 
-3.14158 4.72433 
-3.14158 1.5334 
-3.14159 1.37199 
-3.12955 1.32626 
-3.11893 1.5293 
-2.41817 2.73831 
-3.13231 1.33706 
-3.13441 1.16638 
-1.42117 3.54465 
-3.1344 1.37553 
-3.13441 2.06523 
-0.609347 3.09132 
-3.13569 1.23738 
0.165954374 4.36840153 
-1.79739465 4.41218438 
-1.14088894 3.21165432 
2.29428213 2.23026279 
-3.05625564 3.12963791 
-2.61536447 4.31612137 
2.72131504 3.25537143 
-0.0963901451 4.15386449 
1.09725322 3.15419607 
0.950400479 2.12157882 
2.49589366 2.4053886 
0.681466196 3.02818834 
1.75554682 3.91065757 
1.90126017 3.12955283 
-2.80522609 3.13018334 
-0.388946585 3.85274656 
-0.885356002 3.50241637 
-2.47142436 3.39938978 
-2.22566985 3.91877495 
-0.658203331 3.60756803 
-1.29308588 3.54132348 
2.86163008 3.43562659 
0.47997944 3.87778473 
1.42188802 4.25864624 
0.392186732 4.29146271 
2.00308704 3.53808692 
3.00325648 2.08782732 
-2.08810884 4.21999503 
-1.39990706 3.96304993 
1.35868998 3.13048764 
-0.515643444 3.95369519 
-1.59536023 3.81763229 
3.04157 3.11496 
3.14155 0.751046 
3.14157 1.08387 
3.14156 0.926582 
3.14151 0.333417 
3.11647 0.646157 
3.13414 0.493825 
2.92297 1.58298 
3.14151 0.363401 
3.13781 0.987115 
3.13804 0.730442 
3.07197 0.93782 
3.14151 0.781665 
3.0948 0.795427 
3.01174 1.24129 
2.38698 3.09561 
2.29439 2.83374 
-3.14158 3.69842 
1.05511 1.88495 
1.06302 1.64606 
-3.14157 1.73718 
-3.14158 1.99769 
-3.14158 1.60379 
-3.14156 1.50055 
-3.14158 1.35796 
-3.14158 1.27645 
-3.14157 1.49402 
-3.14157 1.24464 
-3.09366 1.80497 
-3.14159 1.94339 
-3.14158 2.34134 
-3.14159 2.40614 
-3.14152 4.86432 
-3.13888 1.32485 
-3.14154 2.54671 
-3.14157 2.76973 
-3.14157 4.3316 
-2.47187 3.47425 
-3.14155 2.02977 
-3.14158 2.23369 
-3.14153 4.45139 
-3.14159 4.32486 
-2.93063 2.49619 
-3.14156 3.8893 
-3.14159 2.17746 
-3.14157 3.81501 
-3.14153 4.71707 
-3.14155 4.20188 
-3.14159 3.33067 
-3.14145 4.67425 
-3.14156 1.59637 
-2.7681 3.48972 
-3.14157 3.84903 
-3.14158 3.4131 
-3.14159 2.77159 
-3.12837 1.48848 
-1.96887 3.14839 
-2.75523 3.06126 
-1.88478 2.52151 
-3.14156 2.24149 
-1.39261 2.16153 
-0.426008 3.24653 
-3.14157 1.33572 
-3.14156 1.75639 
-3.14158 1.1404 
-0.903974 3.02423 
-3.14157 1.30063 
-0.808578 4.94918 
0.271548829 3.06874796 
-1.62760789 3.72537639 
-1.22490484 3.69820902 
0.186913633 4.17835962 
-0.866446482 4.20358458 
2.39350681 4.08861674 
-2.95268262 3.87086323 
3.1405435 3.30445638 
2.63354377 2.55693169 
-0.719272051 4.54339311 
2.88640506 2.44301225 
1.45532801 4.04432862 
0.452841365 3.88712532 
-1.93582631 2.55000582 
-2.17907636 3.35584263 
1.67774268 3.98593098 
2.05498127 3.09378675 
1.14993846 3.12935098 
-2.72132912 3.63213572 
1.78820884 2.97867556 
0.702687721 3.59019001 
1.3338722 2.8261947 
-1.97017086 3.47336071 
-1.4624652 3.66963157 
-0.534890083 4.21183182 
-0.316400994 4.19684173 
-1.05453014 3.46494062 
2.20376084 3.48415195 
-0.00812301602 3.5561262 
-2.86905142 3.94259778 
0.848981806 3.16519161 
-2.46870282 4.80406973 
3.14154 2.67427 
2.58476 2.95586 
2.94475 2.66298 
2.88637 2.98064 
2.8864 2.13618 
2.88641 2.01783 
2.88642 1.38893 
2.88632 1.03607 
2.93388 1.30936 
2.88238 1.46126 
2.91354 1.13045 
2.85666 0.934479 
2.88835 1.26823 
2.863 0.755584 
2.8281 1.09543 
2.67171 1.97825 
-2.033 2.15825 
-2.0326 2.8381 
-2.59062 3.60549 
-2.03302 2.58488 
-1.835 2.46113 
-2.03201 1.9847 
-2.03109 2.10154 
-2.01005 2.22408 
-2.03202 1.74436 
-2.03202 1.64399 
-2.04422 1.76977 
-2.03202 2.02712 
-1.03094 3.23603 
-2.03199 3.02361 
-2.08493 2.21055 
-2.03201 1.43846 
-1.71252 4.16056 
-2.03975 1.99868 
-3.14158 1.83367 
-3.14157 2.29662 
-3.14154 2.64444 
-3.14158 2.23093 
-2.76206 3.042 
-3.09918 2.115 
-3.14157 4.10672 
-2.98507 2.46719 
-3.14159 4.17194 
-3.14154 4.3096 
-3.14159 3.69157 
-3.14159 3.69507 
-3.14159 3.56347 
-3.14159 3.49312 
-3.14159 4.00963 
-3.14159 3.21352 
-3.14159 1.37554 
-3.14156 1.61957 
-3.14149 4.86433 
-3.14153 1.51555 
-3.14153 2.74659 
-3.14159 1.21935 
-3.14159 1.32841 
-3.14159 1.28889 
-3.14151 2.64265 
-3.1279 1.49556 
-3.14159 1.72459 
-2.0417 4.01345 
-3.14159 1.45212 
-0.537811 2.97335 
-3.14159 2.27112 
-3.14159 1.41481 
0.0389968 4.10946 
0.842552 3.70727 
0.377143284 3.27379628 
-1.26147159 4.14371555 
-1.50527028 4.04032274 
1.25058124 4.06908514 
-0.698328547 2.60544429 
2.22868853 3.08326733 
-0.513572546 3.80134565 
0.14095559 4.15400524 
1.75313344 3.69657577 
1.79591786 3.10798931 
2.91477898 2.88917903 
-2.58770599 3.71046992 
1.42897423 3.57048034 
0.706622049 3.16003628 
0.577319862 3.83448354 
-1.64402244 4.34656479 
-2.49663239 4.84451694 
-3.07907128 3.5221425 
-0.271069951 3.97934865 
2.42370001 3.13509263 
2.62037353 2.05318375 
0.855006057 4.18203765 
1.074307 2.54521832 
-0.790326079 3.73787163 
-2.03835262 3.53184611 
-2.20416463 3.51425367 
-2.78277859 2.95564221 
2.10497021 2.4539381 
-1.88229155 4.46951635 
-1.1392666 3.93159934 
3.12130329 2.63825351 
-0.143233089 2.57421111 
2.58214 2.69845 
2.68122 2.35123 
3.01639 1.88435 
2.82218 1.02641 
2.75332 1.22985 
2.82226 1.27186 
2.82215 1.77981 
2.78364 1.02961 
2.8024 1.18867 
2.75334 1.41768 
2.67264 1.60932 
2.77679 1.34304 
2.78854 1.39408 
2.76117 1.00913 
2.75422 0.920276 
2.51166 2.86899 
2.07783 2.48751 
3.14149 1.79371 
-0.175916 2.80665 
3.14153 1.39678 
-0.144173 2.73854 
-0.698483 2.99185 
0.17351 2.53649 
-0.243828 3.21484 
-0.175837 2.67001 
-0.826632 2.5292 
-2.76528 4.54017 
-0.880293 2.9503 
-0.812381 1.929 
-0.780441 1.89686 
-2.66427 2.0725 
-2.54839 2.90464 
-2.70243 2.34394 
-2.32814 3.00259 
-2.90498 2.63996 
-2.67344 2.49048 
-2.67039 2.29933 
-2.65784 2.44393 
-2.67797 1.89056 
-2.69106 1.44232 
-3.14158 3.37642 
-3.14157 4.14851 
-3.14159 2.45962 
-3.14159 3.29821 
-3.14159 2.48262 
-3.14158 4.31508 
-3.14158 3.39036 
-3.14159 3.87741 
-3.14157 4.4816 
-3.14159 4.10636 
-2.9333 2.91649 
-3.14159 2.69672 
-3.14157 2.28558 
-3.14155 2.91212 
-3.14158 2.58229 
-2.69297 1.99939 
-2.6564 1.88124 
-2.71941 1.77187 
-2.69098 1.61993 
-2.69105 2.91897 
-2.69108 1.65451 
-2.69107 1.87924 
-2.69076 1.55344 
-2.69115 3.25906 
-2.69107 3.45386 
-2.69112 1.28819 
-2.69106 1.35943 
-2.6882 1.28361 
0.286388199 4.13348112 
-1.09168483 2.750604 
-1.58928618 3.92053163 
-2.51103662 4.87132133 
0.043383552 3.37125997 
-2.89140855 3.76867751 
-0.226572009 4.09864653 
0.424772797 3.86646434 
2.53518002 3.15555272 
1.639219 3.68553157 
2.74680337 2.46845991 
1.18530183 3.08528925 
3.08532521 3.14836339 
2.17041807 2.994287 
2.76266736 2.89442698 
-0.826294358 3.44101853 
-2.60373705 3.68774781 
-2.13594747 3.61706561 
-0.179474591 3.48934313 
-2.31285265 4.99403376 
1.87813449 4.07266634 
-1.36446294 4.51626026 
-1.49578922 4.25898922 
1.39983168 4.04526751 
2.13380027 2.68875049 
0.754792394 4.45261738 
-0.773276042 2.80939669 
-3.06293929 4.10733092 
-0.436055292 3.480335 
-1.87715947 4.07868864 
0.799346168 3.69009445 
1.01272655 4.09031164 
2.7468 1.98328 
2.74675 1.77284 
2.58583 2.25853 
2.90364 1.56623 
3.14155 1.33655 
3.14155 2.01485 
3.14153 1.23318 
3.14146 1.162 
3.14152 1.07721 
3.14155 1.07273 
3.14133 1.31266 
3.0933 1.16069 
3.05196 1.20965 
3.06352 1.23621 
3.02602 1.19088 
2.4844 2.08412 
2.72392 2.04149 
2.19238 2.13605 
-3.14154 2.72192 
2.06903 2.5255 
-3.14159 2.49904 
-3.14157 2.26394 
-3.14156 1.79674 
-3.1415 2.11632 
-3.14147 2.0343 
-3.14156 1.58809 
-3.14156 1.29551 
-2.98439 2.32377 
-3.14157 1.48957 
-3.14158 1.1782 
-3.14159 2.14957 
-3.14157 4.86435 
-3.14159 1.29591 
-3.14153 2.0213 
-3.13518 1.33346 
-3.14156 3.71712 
-3.14159 1.77247 
-3.14156 3.05459 
-3.14158 4.57012 
-2.34403 2.95001 
-3.14148 4.07216 
-3.14155 4.0758 
-3.14158 2.5166 
-3.14159 2.6052 
-3.14159 4.63075 
-3.14157 4.32905 
-3.14158 4.49383 
-3.14159 4.70692 
-3.14159 3.76814 
-3.14158 4.09234 
-2.75065 3.98633 
-3.14159 1.85658 
-3.14158 2.31041 
-3.14159 4.2037 
-3.14159 2.36664 
-2.50579 3.41888 
-1.86635 2.80687 
-3.14158 1.36881 
-1.97721 2.69079 
-3.09946 1.75664 
-1.65109 2.8589 
-3.14158 2.75802 
-1.33789 3.34921 
-1.60114 2.85679 
-3.14158 1.12519 
-0.594008 2.70247 
-0.732248 3.58293 
-3.14158 1.15171 
0.391982654 3.81535313 
-0.92189807 3.86962461 
-1.86965162 4.49163611 
0.0105308153 3.95731514 
1.01114677 3.67093093 
-0.0885514671 4.27881154 
-1.55621393 4.09026669 
-2.64082652 3.30913755 
-0.702759998 3.82289264 
0.497122269 3.66724242 
2.29855115 2.56138572 
2.11438648 2.83944453 
-0.297956973 4.26593503 
2.78810545 3.49445444 
-2.54379226 3.01765029 
-3.09544784 4.19940033 
3.0838534 3.25794256 
2.70343892 3.68450719 
-2.8998013 3.19384266 
-0.458055527 3.94770987 
-1.13527022 3.9583237 
1.45505573 4.12415577 
1.92743273 3.54249129 
2.44004883 3.4614116 
-1.9779705 3.58192552 
1.75120124 2.33724624 
0.905164641 2.73651465 
1.26772925 3.2129919 
-1.74474145 3.90118927 
-1.22868762 4.61886159 
0.671014859 4.4447596 
-2.201353 3.00646363 
1.75119 2.59449 
3.08321 2.42809 
2.05413 2.53499 
1.89693 2.11334 
2.45127 2.51158 
1.89721 1.78895 
1.87666 1.6287 
1.8651 1.36088 
1.92224 1.6495 
1.83256 1.53699 
1.86509 1.60602 
1.86511 1.48731 
1.86511 1.43455 
3.14128 3.22629 
1.86502 1.22058 
1.84592 1.27606 
1.85475 0.831175 
1.88827 1.0192 
1.85471 1.18599 
1.85139 0.954917 
1.11835 2.9523 
-2.20138 3.23518 
0.904862 3.16708 
0.905181 2.46519 
0.852845 2.38581 
-2.39052 2.01902 
-2.40877 2.82354 
-3.14158 3.06055 
-2.35342 2.53155 
-2.39051 2.22145 
-2.45946 2.12948 
-2.22822 2.83708 
-2.39071 2.38834 
-2.40281 2.28464 
-2.39049 2.14019 
-3.14155 3.40558 
-2.51276 2.10438 
-2.88938 3.25676 
-2.51134 3.90725 
-2.39209 3.61176 
-3.14158 3.93846 
-3.14159 3.74581 
-3.14159 2.62615 
-3.06753 2.51573 
-3.14158 4.48632 
-3.14159 4.18405 
-3.14159 3.39026 
-3.14158 4.30845 
-3.14155 4.56267 
-3.14158 4.14352 
-3.07399 1.41231 
-3.08216 2.4457 
-2.82607 2.71796 
-3.14156 3.74025 
-3.14152 1.34334 
-3.07429 1.94775 
-3.14145 1.80598 
-3.10622 1.62988 
-3.06368 1.9934 
-3.14156 2.23366 
-3.07548 1.79703 
-3.07399 1.59128 
-3.14159 2.7615 
-1.96296 3.59363 
-3.14157 1.76827 
-0.550117 4.16101 
-3.14158 4.86434 
-3.14159 1.8948 
