0.0455205505 3.88415878 
-2.89580355 4.31328754 
-0.299792608 3.94008072 
0.620066032 3.95123344 
0.928274119 2.93668474 
-0.593436172 4.15756067 
2.12912244 2.52208858 
2.6411841 2.63890047 
2.84421504 2.22534615 
1.66982933 4.13100118 
-2.41765178 4.02143112 
-2.31132906 3.94866869 
2.26766662 3.02505738 
-0.0261113483 4.24962908 
-2.62461094 3.03247084 
-1.07509784 3.67386746 
1.05947139 3.72833175 
-1.9836278 4.70380755 
-1.92671534 2.63849823 
-0.902242073 3.08798707 
1.86056384 2.77630052 
-1.41272602 3.08327593 
-1.63522863 4.32722371 
0.528931897 3.560651 
3.05387835 3.14920723 
1.1918786 3.49999292 
-2.955475 4.59680397 
1.51837491 4.11055146 
0.220014191 2.66252 
-1.31160151 4.79639691 
-0.46867606 3.84688964 
2.40826279 3.18416747 
3.05394 1.17181 
3.14159 1.46686 
3.14151 0.66311 
3.14142 0.983342 
3.12636 0.459538 
3.14154 0.411941 
3.13107 0.464346 
3.11764 0.585951 
3.14157 1.10773 
2.84605 1.83773 
3.1264 1.79011 
3.14156 1.45367 
3.12627 1.05724 
3.08196 0.923845 
3.10062 0.697138 
2.12279 3.68377 
2.82694 1.96175 
3.14157 3.00639 
2.12914 1.76946 
2.13697 2.23811 
-1.41396 2.36802 
-0.504458 3.30856 
-1.46785 1.96283 
-1.65323 2.27198 
-1.46287 1.5316 
-1.43128 1.99024 
-1.40135 1.98294 
-1.46287 2.34828 
-1.48467 1.6896 
-1.47771 2.20074 
-1.98307 2.10189 
-2.02583 2.37169 
-1.92776 2.09582 
-1.95676 1.92732 
-3.05018 4.11287 
-2.51777 1.83489 
-2.63076 3.02943 
-2.42961 2.74477 
-2.5211 2.11069 
-2.50896 2.28911 
-3.14158 3.2204 
-3.1415 3.51533 
-2.86163 2.56796 
-3.14155 3.19426 
-3.14159 2.74297 
-3.14157 3.96076 
-3.14158 4.17798 
-3.14154 3.79091 
-3.14159 3.58714 
-3.14159 3.32129 
-3.07456 2.31193 
-2.99329 1.99962 
-2.97858 2.30455 
-3.14158 2.40073 
-2.93271 2.43442 
-2.30771 3.03253 
-2.51861 2.23037 
-2.51731 2.59154 
-2.51768 2.19448 
-2.535 1.575 
-2.53899 1.80551 
-2.5668 2.00508 
-1.95681 1.89296 
-2.53238 2.28776 
-1.77819 3.18123 
-2.51001 1.77663 
-2.53497 3.9505 
-2.535 1.54641 
-2.535 1.71866 
-1.95679 2.8712 
-1.46288 1.72195 
-2.535 1.37409 
0.927825 3.25601 
1.02589 3.9268 
-1.46283 2.88124 
2.68366 1.67574 
2.84126 3.7528 
-2.535 1.52965 
2.22515 1.70226 
3.14154 3.10343 
3.12458 1.87516 
3.05391 2.40662 
3.0559 2.13257 
3.138 0.786207 
3.1278 1.02348 
3.14155 0.427911 
-3.14154 4.86434 
3.14159 0.51279 
3.13772 0.772726 
3.12394 0.516108 
1.383 2.13035 
3.14159 0.558592 
3.12635 0.580628 
2.12874 2.64694 
2.05308 3.01828 
3.12101 0.303989 
3.13598 0.143026 
3.13877 0.309056 
1.94505 3.6556 
3.12124 3.34212 
3.08316 1.93702 
2.50035 2.55859 
1.67616 1.95278 
2.69435 2.4762 
1.91881 2.34208 
1.3831 2.242 
3.14152 3.66584 
0.929662 2.70157 
0.413232 3.07675 
-1.46313 3.00479 
-1.46284 1.69473 
-1.46287 2.90506 
-1.96071 3.47921 
0.0568364 2.55987 
0.0674491 3.54535 
-2.53498 2.02797 
-2.53494 2.3237 
-1.48485 2.41503 
-2.53489 1.29883 
-2.53445 1.26101 
-2.53436 2.59154 
-2.74438 2.76131 
-1.69281 3.46602 
-2.5317 1.45136 
-2.99398 3.16715 
-2.70241 4.53774 
-2.53462 3.1352 
-2.48355 2.11484 
-2.53459 1.40212 
-2.54071 2.28562 
-3.01784 2.36588 
-3.14156 2.36835 
-3.14159 2.08199 
-2.89986 2.96078 
-3.14154 1.90503 
-3.14155 4.0497 
-3.14157 3.72952 
-3.14159 4.51565 
-3.14158 4.19425 
-3.14159 4.66423 
-3.14158 1.86481 
-3.12085 1.87409 
-3.14159 2.17593 
-3.14158 1.94878 
-3.14159 1.81584 
-2.52488 1.65152 
-2.55259 2.16034 
-2.53449 1.63105 
-2.5347 2.64283 
-2.53445 1.66137 
-2.53445 2.35714 
-2.53451 3.62775 
-1.92669 3.27291 
-2.53451 1.97002 
-0.890173 3.90806 
-2.53445 1.46672 
-0.901709 4.24571 
-0.329718 3.90347 
-2.16594 2.69625 
-2.53484 3.05675 
0.947194 2.14463 
0.705733 2.61485 
0.723862 2.71877 
-0.166712 1.89187 
-0.0313931 2.31864 
1.55132 2.09549 
1.63408 2.68093 
2.94748 2.47265 
-0.137244 2.75355 
0.614452 3.60341 
1.55137 2.09231 
3.14153 1.57657 
1.3557 2.95458 
1.55131 2.47108 
3.13597 1.25744 
3.01914 1.16055 
3.13403 0.35558 
3.13751 0.291445 
3.12149 0.507196 
3.13634 0.391033 
3.13405 0.49531 
2.94801 3.38587 
1.1559 2.55746 
0.940017 4.35386 
1.39964 4.28551 
3.14012 0.289368 
3.14158 0.601105 
3.13586 0.258175 
3.13524 0.294774 
3.11241 0.45751 
3.01925 2.44944 
-0.569091 3.12538 
1.55142 2.11924 
1.68305 2.67218 
2.22722 1.90794 
2.15867 1.81864 
2.9141 4.04615 
-0.069538 1.92321 
2.07923 3.06507 
-1.46286 4.11607 
1.14813 2.44538 
-0.11905 2.52235 
-0.220472 2.11133 
-0.165487 2.64747 
1.24013 3.99619 
-2.53635 1.25659 
-2.53623 1.76909 
-1.20388 2.49581 
-2.9934 2.56491 
-0.765364 2.39754 
-0.755114 4.33098 
-1.86307 2.1937 
-2.33489 4.33561 
-1.84344 3.44488 
-2.53698 1.33112 
-2.5544 2.04832 
-2.53436 1.85141 
-2.53856 3.15282 
