0.0603599196 3.50135266 
-2.16353095 3.33490278 
-0.664173952 4.02932186 
2.15591686 4.05720722 
1.10758624 3.16476521 
-1.19642023 3.85015628 
2.45846766 2.79507773 
2.91052971 3.07521863 
-2.9189917 3.22371054 
-2.71212564 3.83233999 
-3.06082902 3.63994483 
0.545270669 3.22166305 
-2.01751014 3.27791916 
1.68851147 3.56734246 
1.31671459 3.75859513 
-0.937849928 4.08933454 
-0.343292992 4.42702156 
2.65791546 2.93155377 
1.87985582 3.10087523 
-0.0165972016 4.43012733 
-1.16448358 3.95073511 
0.628740582 3.34031416 
-1.61059906 4.79997683 
3.03120647 2.73643994 
0.214386964 3.44207124 
2.22079319 3.62851165 
-1.82668015 3.29774943 
-2.46423001 4.22549549 
-0.462666769 3.77069576 
-1.39263723 4.11287538 
0.882632779 3.0182123 
1.51421837 2.97405446 
3.0312 2.43574 
3.14155 2.2832 
3.14149 1.97911 
3.14157 1.55226 
3.14157 0.762048 
3.14148 0.968231 
3.14153 0.564048 
3.14155 0.767312 
3.14153 0.390009 
3.08434 0.806717 
3.11666 1.03677 
3.10462 0.742134 
3.14152 0.805269 
3.12631 0.49967 
3.14151 0.606976 
2.95532 1.46434 
2.9908 1.63827 
3.01644 1.21935 
2.95797 2.06108 
2.84753 1.81235 
0.846631 3.2937 
-2.29256 3.04622 
-2.16676 2.82749 
-2.21619 3.23842 
-1.92321 3.34515 
-2.16669 3.42608 
-2.30241 2.55845 
-2.3707 2.40133 
-2.41639 2.1143 
-2.45357 2.83998 
-2.41639 2.70691 
-2.41796 2.13977 
-2.49575 2.61099 
-2.16706 2.40858 
-2.32024 2.4396 
-2.4178 1.60078 
-2.41796 3.84706 
-2.41538 1.93495 
-2.7149 3.02463 
-2.41395 3.35183 
-3.14159 3.99221 
-2.84422 2.63093 
-3.14159 1.8968 
-3.14159 2.5979 
-3.14159 3.08536 
-3.14149 2.47617 
-3.14159 4.04841 
-3.14155 4.60268 
-3.1415 3.69255 
-3.14158 4.32825 
-3.14158 1.52809 
-2.95935 2.40286 
-3.14157 2.03012 
-3.14156 2.22802 
-2.7915 3.86648 
-3.14158 4.72433 
-3.14158 1.5334 
-3.14159 1.37199 
-3.12955 1.32626 
-3.11893 1.5293 
-2.41817 2.73831 
-3.13231 1.33706 
-3.13441 1.16638 
-1.42117 3.54465 
-3.1344 1.37553 
-3.13441 2.06523 
-0.609347 3.09132 
-3.13569 1.23738 
-3.13441 1.40322 
0.450886 4.20401 
0.947272 2.39264 
3.14141 3.86436 
0.985148 4.50057 
-1.8018 4.21272 
-0.989962 3.42127 
0.334163 3.41939 
-0.149538 2.29702 
3.14148 2.9902 
3.13709 1.50937 
2.1818 2.00004 
2.62443 2.57853 
2.08068 2.99054 
-0.478567 2.99433 
3.11657 1.08786 
1.72902 3.12108 
3.1402 0.365753 
3.12855 0.656478 
3.13628 0.481074 
3.14157 1.73119 
3.13448 0.650695 
0.897229 4.11568 
3.13633 0.428817 
3.14018 1.28686 
3.14155 0.44262 
3.13995 0.221793 
3.14155 0.13383 
3.13899 0.592613 
3.13225 0.478813 
3.1381 0.510186 
3.13407 0.374059 
3.1415 1.63769 
3.14159 2.59892 
3.05959 1.36537 
3.02742 1.63765 
3.05963 2.04807 
2.26837 1.83738 
2.20837 3.3002 
-3.13441 1.73784 
-3.13441 1.47837 
0.150467 2.42047 
-2.41617 3.1833 
0.258517 3.65166 
-3.13431 4.15836 
-3.13438 2.5056 
-0.13613 2.6213 
-3.1344 2.19354 
-0.741209 2.9858 
-1.82662 3.55438 
-3.13418 1.12925 
-0.467639 4.51721 
-3.13412 4.02707 
-2.13406 4.57269 
-2.41779 2.62323 
-2.86605 4.47437 
-1.68693 1.92941 
-2.40937 3.71113 
-3.13415 2.32328 
-2.84422 4.15255 
-2.29266 4.09814 
-2.84402 3.46406 
-2.76566 4.878 
-3.03841 4.45405 
-2.67113 4.60095 
-2.8655 4.02602 
-3.13406 3.65259 
-3.14158 3.81341 
-3.14159 4.2147 
-3.14159 3.00931 
-3.14158 4.33608 
-3.14157 3.80136 
-2.98076 3.61788 
-3.13395 3.08822 
-3.13398 4.08096 
-3.13404 2.20298 
-3.08297 1.93689 
-2.03351 3.4799 
-3.13378 1.20474 
-3.13418 1.80201 
-3.13418 1.50953 
-3.06792 1.92991 
-1.52296 1.84141 
-1.68619 3.39283 
-1.11541 3.06324 
-1.85887 1.74052 
-1.57349 2.8671 
-1.85915 2.75389 
-0.322514 2.84086 
-0.348594 3.84646 
-2.06227 2.78584 
-1.46492 2.84936 
0.765697 3.76877 
1.54301 3.48866 
-1.83728 2.36405 
3.14132 3.86463 
1.02149 2.31796 
2.72345 3.51162 
2.86664 2.37536 
-0.0431089 2.26841 
1.98137 2.30258 
2.52776 1.70438 
2.3319 1.6445 
1.64438 2.06823 
3.14151 2.42576 
2.2093 0.952114 
2.49681 2.13104 
3.13121 0.532171 
3.13821 0.558055 
3.13827 0.436133 
3.14153 0.856701 
2.18179 2.053 
3.14155 0.112913 
3.14153 2.09327 
1.95407 2.37684 
1.63342 2.2419 
0.935238 3.58099 
3.13905 0.574374 
3.14155 0.536966 
3.14155 0.808642 
3.13904 0.541601 
3.14155 0.243279 
2.21864 2.43964 
2.20925 1.66256 
3.14149 2.98407 
2.29448 2.35686 
2.20944 1.71699 
0.887134 2.40271 
0.599346 1.97958 
-0.129079 3.32567 
0.744619 2.5073 
2.25278 2.92596 
0.12985 2.58645 
-2.41785 2.34538 
0.0121711 1.91435 
1.21593 2.95841 
1.06998 2.46352 
-1.20408 3.5147 
-1.71893 2.67706 
-1.68704 3.60488 
-1.66583 2.25008 
-3.13425 2.62918 
-1.27919 2.97422 
-3.13425 1.6058 
-3.13421 1.58881 
-1.52138 4.2227 
-2.19228 2.31437 
-2.61849 3.21548 
-3.13418 1.40641 
-2.84124 3.02802 
