-0.0600739045 3.61714118 
-3.06559031 4.1007868 
2.37309918 3.13365304 
-1.07558884 4.22390228 
1.52421643 2.9741651 
0.0698029248 3.07013671 
-1.94726138 3.86485852 
-2.13853047 4.07006284 
-0.76623523 3.59214464 
-0.860050344 4.84108358 
-2.89805321 3.50983442 
2.02238339 3.46750554 
1.13759346 3.69222091 
0.252712796 3.8734529 
1.87957126 3.58866139 
-1.55612302 3.93166748 
0.712419148 3.54305046 
-1.35915632 4.27843144 
-0.364074665 4.38972082 
2.27960444 3.06294302 
2.91071159 1.98641787 
0.542649592 4.10504842 
-2.43345932 3.01501153 
0.834985514 3.70859816 
1.18186846 2.2660216 
1.62742129 3.41253124 
-2.34240761 4.02095655 
2.72632047 4.0652297 
3.12673545 2.56775828 
-1.73310857 3.17090327 
-0.441010807 4.24222261 
-2.67369387 4.01524269 
3.14156 1.57794 
3.14158 1.05187 
3.14158 1.0995 
3.14145 0.606139 
3.14145 0.68159 
3.14159 0.307582 
3.14159 0.480424 
3.14151 0.415654 
3.14152 0.375803 
3.10529 0.686625 
-3.14154 2.73693 
3.12352 0.569368 
3.1414 3.37427 
3.07531 0.935923 
3.14155 0.666197 
1.17299 1.83007 
1.0419 2.27707 
2.35073 3.14643 
1.173 2.1498 
1.21951 1.93005 
-2.95724 4.02349 
-2.4336 2.57923 
-1.81286 3.04185 
-3.14159 2.39212 
-3.14154 1.6766 
-3.14154 2.15025 
-3.14159 1.90027 
-3.14152 1.33029 
-3.14157 1.50704 
-2.88552 2.61926 
-3.14151 2.09972 
-3.14158 1.67108 
-3.14157 1.38915 
-3.13347 1.35081 
-3.14139 1.40619 
-3.14142 4.12009 
-3.14159 3.75017 
-3.14134 4.71311 
-3.14158 3.6362 
-3.14158 4.64127 
-3.10917 1.65289 
-3.14157 3.29748 
-3.14154 4.34903 
-3.03242 2.11373 
-3.14157 2.43611 
-3.14158 2.65952 
-3.14159 4.61011 
-3.14158 4.46797 
-3.14159 3.6927 
-3.14158 3.71654 
-3.14151 4.86426 
-3.14152 4.5181 
-3.14158 2.15829 
-3.14153 2.72739 
-3.14158 4.32646 
-3.14159 1.23107 
-1.71617 4.44121 
-3.14159 1.72658 
-3.13755 1.3368 
-2.30241 2.75088 
-3.14159 1.20051 
-1.38412 2.45335 
-1.72862 2.77457 
-2.15837 3.09042 
-3.14041 1.14544 
-0.0899028 4.50506 
-3.1404 1.84122 
-2.00423 2.98793 
-0.999984 2.68258 
-0.422302 4.00389 
-3.14037 1.1551 
0.477583 2.01851 
1.09662 3.16333 
3.14156 2.94245 
-0.578519 3.65953 
3.14135 1.6324 
3.14155 1.7608 
0.889498 2.94751 
0.477841 3.28149 
3.14149 2.47021 
3.14154 1.24267 
3.14153 2.69843 
3.14128 1.73577 
3.14142 2.08752 
3.14153 3.17561 
3.13961 0.537577 
3.13565 0.73974 
3.13798 0.310015 
3.14154 0.495868 
2.65862 2.30314 
1.5783 4.29582 
3.14159 0.238646 
3.14158 3.36293 
3.14158 0.286105 
3.14159 1.59206 
3.13076 0.442526 
3.14154 0.530474 
3.13491 0.472071 
3.13449 0.493371 
3.14156 0.840741 
3.07531 1.7212 
3.14153 1.32676 
3.08874 2.67468 
-3.1396 1.20671 
3.1415 1.00396 
0.46347 2.79327 
-1.24393 3.05338 
1.17343 2.80665 
-0.806719 2.65683 
0.0749354 2.64413 
-0.166952 3.03614 
-2.24094 3.79276 
0.481866 3.23823 
-1.28736 2.77706 
-1.47055 2.11596 
-1.24443 3.22924 
-3.14041 1.20395 
-1.4811 2.84017 
-1.12896 3.42599 
-1.47057 3.18727 
-3.14044 1.48603 
-3.14037 1.37906 
-2.59415 3.1457 
-3.14039 2.42811 
-1.64052 3.84556 
-2.39877 2.90971 
-2.47024 3.09282 
-3.14037 4.31542 
-2.04171 4.54542 
-3.14041 1.67375 
-3.14042 2.10777 
-3.14039 2.84138 
-3.14044 2.62289 
-2.80601 4.58018 
-3.14041 2.49681 
-3.14159 4.42736 
-3.14155 3.33704 
-3.09178 4.49408 
-3.14159 4.44724 
-3.14149 3.74533 
-2.74915 4.36301 
-2.66945 3.55257 
-2.93999 4.20284 
-3.14044 2.29056 
-2.9668 3.56709 
-2.28291 3.92555 
-3.14039 1.62239 
-2.43362 3.53965 
-2.0425 2.98524 
-1.89207 3.46888 
-1.86835 2.60443 
-3.14042 1.82406 
-3.12909 1.45795 
-1.82188 2.94523 
-1.86879 3.16136 
-3.14039 1.76468 
-0.785958 3.9432 
-0.86553 3.12842 
0.323322 4.3369 
-0.377052 3.03289 
1.02833 3.53476 
2.51228 3.82255 
-0.355175 2.48253 
0.0772838 2.95193 
-1.61697 2.10779 
2.65429 2.83032 
2.46614 2.31718 
2.19062 1.62458 
2.16108 2.66337 
2.37319 1.7865 
3.14154 2.4875 
2.27961 2.6913 
0.0388858 2.82041 
2.44027 3.07659 
2.19261 2.27986 
3.14159 0.647911 
3.13963 0.432262 
3.12517 0.456493 
3.11791 0.410942 
3.12012 0.372278 
2.90691 1.78858 
3.1415 0.522183 
3.12006 0.817221 
2.97826 1.39148 
1.95972 2.43844 
3.11999 0.856636 
3.13798 0.425543 
3.14158 0.464367 
3.14157 0.463687 
3.13232 0.354353 
3.03128 2.01681 
2.98634 2.61669 
2.18927 2.36806 
2.9783 1.49771 
3.01801 0.771158 
0.651699 1.54074 
2.62425 2.25226 
0.65175 2.4356 
1.33501 2.02331 
2.80275 3.09498 
0.20644 1.47896 
-0.314754 2.74504 
0.826061 2.89122 
-0.121623 3.22361 
1.30768 3.03288 
0.180748 3.83567 
-1.39262 2.52627 
-0.978859 2.67502 
-1.34059 2.21049 
-0.945265 3.73132 
-1.79699 4.58891 
-1.51355 4.58615 
-0.678181 4.30137 
-3.14037 1.09013 
-2.40769 3.96765 
-3.13809 1.59691 
-3.14038 3.50235 
-3.14028 2.06421 
