-0.526969832 3.06950289 
0.537979688 3.14684378 
1.99882909 3.68131102 
-2.76983274 3.80759302 
1.06651802 4.0729703 
2.63012667 3.24996934 
2.2386455 3.08210588 
-1.78545983 2.60848192 
0.0856188463 3.29762917 
-1.66215178 3.72591464 
-1.26984512 4.76899937 
-2.35478723 3.93736384 
-1.01597768 4.13640112 
-3.08804172 4.12813703 
-2.48494844 3.56470217 
-0.30844009 3.86970577 
2.76625087 4.09787446 
-1.98154888 4.35693353 
3.00030981 3.32364724 
0.741406078 3.25895885 
1.86902101 3.11352951 
-2.7111992 3.58485079 
1.31549434 4.27484423 
0.93206189 2.70296008 
1.51287299 3.25882057 
-1.44281815 3.48974812 
2.41283875 3.34474441 
0.360596268 3.32305035 
1.71687694 3.90519945 
-0.133256649 3.54442875 
-0.752566758 4.84869326 
-0.976524936 3.77865969 
-1.78546 1.99842 
-1.7855 2.60198 
-1.75378 1.83429 
-1.70133 1.9775 
-1.88652 2.4087 
-1.75301 1.97889 
-1.75379 1.94834 
-1.75802 1.51579 
-1.76429 1.72515 
-0.423655 4.00937 
-1.75801 3.12064 
3.14157 3.09359 
-1.75801 1.54296 
-1.75792 2.9912 
-1.75802 1.46512 
-1.75726 1.69093 
-3.1415 4.86445 
-1.75802 1.32591 
2.69959 1.68502 
-1.75738 2.1024 
-3.14148 3.83013 
-1.74698 1.46679 
-1.75802 1.80847 
-1.75802 1.33605 
0.815759 3.5177 
-1.22126 4.1068 
-1.75802 1.91613 
-1.75802 1.14624 
-1.75802 1.25685 
-1.75801 2.51421 
-1.78473 2.37553 
-1.76184 1.78467 
-1.79134 1.82536 
-1.78557 2.40934 
-2.1977 3.04475 
-2.28138 2.57228 
-2.39029 2.82009 
-2.28232 3.22308 
-2.28128 2.48714 
-2.19167 2.27074 
-3.14158 3.86401 
-3.14158 4.01761 
-3.14154 2.84347 
-2.92652 2.78665 
-2.90984 3.10582 
-3.14154 3.68585 
-3.14158 4.39664 
-3.14159 3.58999 
-3.14156 3.48369 
-3.14158 3.28405 
-3.14159 2.62201 
-3.14155 2.27457 
-3.14159 2.15919 
-3.14151 2.68849 
-3.14159 1.71423 
-3.14159 1.60782 
-3.14156 2.77088 
-3.14159 1.49348 
-3.06976 1.88186 
-3.14157 1.37437 
-3.14156 1.24049 
-3.14155 1.31463 
-2.64879 3.1659 
-3.13429 1.35455 
-3.14159 1.15542 
-3.14158 1.48425 
-0.666204 2.59406 
-3.14159 1.5475 
0.0815836 2.96508 
-0.976513 2.42473 
0.375475 2.85852 
3.14112 1.79226 
1.90562 2.63649 
0.996288 3.50301 
-3.14159 2.06278 
3.14156 1.78449 
3.14141 1.08637 
3.14152 2.52555 
2.69881 2.98714 
2.50835 2.54001 
3.14157 2.05536 
2.96896 1.42546 
2.80096 2.38098 
1.83632 2.47673 
3.04372 1.95108 
3.14154 1.86104 
3.1414 0.921394 
3.14156 1.58467 
3.14146 0.959893 
2.29955 3.07542 
3.14139 0.787524 
3.14136 0.943731 
3.14157 0.675923 
3.14154 0.576758 
3.14154 0.499059 
3.14144 0.580565 
3.14154 0.654271 
3.14154 0.561736 
3.14154 0.183244 
3.14154 0.716583 
2.0683 4.01023 
3.0257 1.4737 
3.09368 1.56131 
2.97481 2.93478 
-3.14149 4.73765 
-1.60759 3.13035 
1.39664 1.27308 
0.38574 3.07575 
1.11241 2.16231 
-0.66722 3.64404 
-0.942572 3.10402 
-0.160422 2.77997 
-1.33721 3.79901 
-0.142156 3.30123 
0.249876 3.63467 
-3.14158 2.54991 
-3.14159 1.2725 
-3.14149 2.25618 
-2.99045 2.29315 
-1.75728 3.52145 
-3.14158 1.80988 
-3.14157 3.69016 
-3.14155 4.60195 
-1.80628 4.06075 
-3.11533 1.62724 
-3.14157 2.46729 
-2.22518 4.26953 
-2.48495 4.47439 
-3.14159 4.53475 
-2.12456 3.48682 
-2.92134 4.10928 
-2.9164 4.32006 
-3.14159 1.66072 
-2.76948 4.24254 
-3.14158 4.04897 
-3.14159 4.52869 
-3.14159 4.48329 
-3.14157 3.88735 
-3.14159 3.53108 
-3.14159 4.34485 
-3.0684 3.74096 
-2.83728 3.61078 
-2.85934 3.05024 
-2.79267 3.08393 
-3.14159 3.43666 
-2.24284 3.81568 
-2.08675 2.46597 
-2.45619 3.21487 
-3.14154 2.65897 
-3.14159 1.74766 
-1.11114 3.49883 
-3.14012 1.22494 
-1.50652 4.65479 
-1.25731 2.08205 
-1.50871 2.30677 
-0.825863 2.84905 
-0.70574 2.37948 
0.201267 3.9885 
-0.878167 3.87668 
0.346268 4.70141 
1.21263 2.61747 
0.424115 3.77503 
3.14052 3.86409 
1.73764 2.64261 
3.14154 3.5858 
1.39664 3.18442 
2.80868 2.0768 
2.73141 3.23822 
3.1413 3.19744 
1.62046 1.39508 
2.96896 2.35157 
2.96588 1.37023 
3.04448 1.16741 
3.14152 2.24246 
0.678871 2.41123 
3.12031 0.578387 
3.13719 0.637982 
3.13648 0.526448 
3.13222 0.465291 
3.13602 0.736771 
3.13447 0.390757 
3.14157 0.274488 
1.91948 1.43055 
3.14154 1.64142 
3.14154 0.288679 
3.13825 0.762695 
3.1269 0.361914 
3.1246 0.722685 
3.10342 0.70216 
3.12037 0.516291 
-1.39986 2.37576 
1.41222 2.0986 
1.69603 1.65884 
3.03163 0.84533 
2.1438 2.48881 
2.1438 3.01564 
1.64701 2.4211 
-0.100143 2.94542 
2.4818 3.16486 
3.14156 3.05475 
-0.544118 3.40746 
-0.684506 2.896 
-1.17904 2.94904 
-1.75802 1.48865 
-1.24588 2.49182 
-0.866846 2.65145 
0.10493 3.4096 
-0.719049 3.66429 
0.285422 3.93482 
-3.14157 1.1914 
-3.14159 1.13118 
-3.14158 1.90488 
-3.14159 1.45795 
-3.14159 1.10235 
-2.35937 2.83483 
-1.86844 3.8584 
-3.14159 2.337 
-2.29919 3.96521 
