-0.421375377 3.81958608 
0.707766448 3.26010016 
1.91481319 3.37921751 
1.4035656 2.47492988 
-0.966284452 2.36754875 
-2.3860163 4.11525477 
-1.48465514 2.45060154 
0.394242482 4.18767573 
-2.05762009 3.98061326 
-1.88036994 3.51690809 
-1.24147119 3.7588221 
2.89705124 3.08739841 
-2.31868314 4.76382559 
-0.249243816 4.03076167 
-1.70317094 4.09514492 
-2.69431627 3.91992512 
-3.00907664 2.53483732 
2.38913355 3.06450185 
0.0532332159 3.42030741 
-0.0244667257 3.84639253 
-1.07022781 4.08514352 
2.01561691 2.99780202 
2.18621498 2.50588596 
3.02251619 3.22696519 
0.328791485 2.7345496 
-0.597151139 4.08348296 
-2.9428471 4.09156098 
1.69534336 3.28481043 
1.14537824 2.61076388 
0.973573574 3.11080884 
1.37068003 3.94868795 
2.5908101 2.57625269 
-1.48416 2.0602 
-1.01078 2.9288 
-1.87273 2.92087 
-1.34559 1.98496 
-1.23233 2.38199 
-1.47042 2.19275 
-1.36878 1.69599 
-1.38033 1.70373 
-1.36886 2.12012 
-1.38033 2.048 
3.14151 1.56249 
2.95256 1.95925 
3.14155 1.35977 
3.14155 2.21302 
3.14137 0.991819 
-1.38038 1.81097 
-1.3681 1.84901 
2.57485 4.24237 
0.250223 3.89663 
1.736 2.38762 
-3.14155 2.75115 
-1.36964 1.75247 
-3.01448 4.17872 
-1.3688 2.58119 
-1.37042 1.62925 
-1.39984 1.74257 
-1.37285 1.78894 
-1.41322 1.82455 
-1.39164 1.67179 
-1.39653 1.86088 
-3.14159 2.21103 
-3.09354 2.48381 
-3.14154 1.71202 
-3.14155 2.29445 
-3.14157 1.91571 
-3.14158 1.5664 
-2.56652 3.2924 
-3.14156 2.60743 
-3.14156 1.85065 
-3.14156 1.29339 
-3.14159 4.40202 
-3.14157 2.56418 
-3.14158 1.34031 
-3.14158 3.32359 
-3.14157 3.87312 
-3.1415 3.9103 
-3.14157 3.66917 
-3.14156 3.00929 
-3.14155 3.73564 
-3.14159 3.71711 
-3.14153 1.65872 
-3.14159 1.52661 
-3.14147 4.72211 
-3.10863 1.66783 
-3.14159 4.74001 
-3.13966 1.1872 
-3.13954 1.88592 
-3.13725 1.28826 
-3.13965 2.7876 
-3.14026 2.74592 
-1.48459 3.28527 
-3.14159 1.17924 
-1.97199 3.49772 
-1.62565 4.10424 
-3.14158 2.59202 
-0.678386 3.03284 
-0.880949 4.95459 
-3.14 1.30657 
-3.14156 1.19617 
-0.493562 3.12865 
0.91748 2.9595 
1.42164 3.69202 
2.09434 3.76803 
1.22782 3.5708 
0.806344 2.81508 
3.14159 3.31299 
2.18634 3.1626 
3.14159 3.55675 
2.31405 2.02321 
3.14153 2.53194 
3.14132 1.04911 
2.52106 1.82145 
3.14113 1.43759 
3.14135 2.80542 
2.79416 2.3673 
3.14155 1.50818 
3.14132 1.10461 
3.1413 0.206853 
3.14153 0.705107 
3.09946 0.772556 
2.99432 2.07361 
3.14141 0.529812 
3.14147 0.496063 
3.14115 0.476634 
1.84924 1.97845 
3.13393 0.708837 
3.14149 0.683091 
3.04649 1.08914 
3.14146 0.63065 
3.14145 0.601984 
3.14145 2.36411 
1.88552 2.06657 
0.675717 3.61392 
2.06655 2.42122 
3.06593 1.36611 
1.62096 1.77233 
0.479455 2.81962 
-0.164859 2.45788 
1.67821 2.41396 
2.72047 2.39507 
1.14543 3.67232 
1.97735 3.82562 
1.19928 2.52219 
0.744783 4.70414 
-3.13969 4.86547 
-2.91004 2.55594 
-3.13966 1.24891 
-1.36965 3.05423 
-3.13967 2.09582 
-0.779167 3.36267 
-1.56301 2.31819 
-2.09689 3.36348 
-3.14159 1.41767 
-3.13966 1.74508 
-1.65997 2.86898 
-3.05563 2.01636 
-2.18084 2.88903 
-3.12929 1.44529 
-2.27532 3.76718 
-3.14159 1.81707 
-3.14027 3.64146 
-3.1397 2.37379 
-3.14159 3.11106 
-2.71556 3.65576 
-2.81558 4.38875 
-3.14157 4.23287 
-3.14157 4.64654 
-3.14159 3.26069 
-3.13933 4.58038 
-3.14157 4.47949 
-2.71562 3.1772 
-3.13964 4.08905 
-2.98717 2.89411 
-2.97646 3.63394 
-2.80058 2.70996 
-2.04011 4.1497 
-2.4027 2.67155 
-2.40141 3.70862 
-2.48448 3.50371 
-2.33872 3.25041 
-1.78458 3.09732 
-3.13916 1.22707 
-1.46894 3.55642 
-1.29503 3.55754 
-2.17598 4.15831 
-0.966254 4.14653 
-1.56304 4.01782 
-3.13968 2.00629 
-1.39438 3.11199 
-0.170845 2.70087 
0.136486 2.75011 
-0.335931 2.51539 
0.453899 3.78034 
0.620052 2.79955 
0.374278 2.85802 
2.21989 2.15123 
1.96683 2.54087 
2.78738 2.89262 
1.84923 2.95726 
1.78001 2.71932 
-3.13967 2.95115 
3.0601 1.87694 
3.12966 1.47791 
2.51999 3.5906 
1.61693 1.76292 
3.14147 0.581462 
3.1413 0.855144 
3.14155 0.389621 
3.14157 0.369876 
3.13909 0.335183 
3.14143 3.38261 
3.14132 1.89142 
3.1415 2.66597 
3.14019 0.238107 
3.14129 0.893785 
3.14157 0.627055 
3.14154 0.583705 
3.14157 0.659385 
3.14151 0.240267 
3.13426 0.717884 
1.97296 1.52348 
2.50236 2.86046 
1.62837 2.56599 
-0.0615339 2.24269 
2.92273 2.74024 
1.55354 2.33175 
2.48576 2.88344 
2.81735 2.99925 
2.74615 1.97218 
-1.39153 2.90713 
-0.0481105 3.04468 
-0.59719 2.78887 
0.900255 3.80129 
-0.966173 2.82819 
0.70907 2.45941 
-0.317324 4.15469 
-3.13966 1.73279 
-2.18081 2.51889 
-0.558954 3.99815 
-3.14159 1.25249 
-1.82845 3.71803 
-1.6584 2.71198 
-2.19553 2.78652 
-1.36964 4.3932 
-3.14155 1.44767 
-3.13961 2.47398 
-3.14095 1.13189 
-3.00905 4.32041 
