4.05155939 2.05660747 
4.41796254 2.6150714 
2.44221692 4.13718917 
0.242109829 3.58868388 
5.10613599 3.00905382 
3.34776388 4.13529085 
4.53592322 3.10049844 
2.6649948 4.54461301 
6.57202034 3.51134707 
3.35710594 2.59115562 
6.78676576 2.509625 
6.27190216 2.9797411 
2.64242826 3.43127241 
2.05025537 3.47622673 
1.35368511 3.54968992 
5.3191759 2.03829556 
2.09364719 2.51205618 
7.20340582 3.03310183 
1.98351247 3.51605743 
3.41930206 4.29365009 
5.70885938 2.05569279 
6.24919 2.43916 
5.36667 1.72188 
5.44685 1.92308 
5.26277 1.37307 
5.22472 0.932161 
5.20852 1.28206 
5.1078 1.6269 
5.24164 0.568911 
5.23671 0.659765 
5.233 0.808547 
5.25244 0.782668 
5.23426 0.966449 
5.25601 1.09701 
5.18373 1.25773 
6.56049 1.89089 
5.24578 0.766066 
4.05554 2.06473 
4.2452 2.87497 
4.00036 1.73213 
3.82372 2.4492 
3.91856 1.39995 
2.40633 2.25214 
2.51606 2.3945 
2.34741 2.08716 
2.32047 1.97613 
2.37784 1.41125 
1.14431 4.15548 
2.01985 2.42401 
1.9881 2.30022 
1.7988 2.01016 
1.74319 1.91442 
0.919004 3.0073 
0.960255 3.34941 
0.565317 3.45851 
0.963034 2.57249 
0.962629 2.42901 
9.79301e-05 2.54057 
0.0135343 3.12817 
0.113177 2.90446 
0.811791 4.16437 
0.289053 3.93805 
0.0517863 3.42731 
7.51908e-05 2.58683 
4.86065e-05 2.58225 
7.4447e-05 2.60813 
0.000118653 2.62172 
0.29455 3.1491 
0.6492 4.1394 
0.212368 3.84262 
0.0318787 2.75992 
0.375957 4.01476 
1.16942 3.01418 
0.914527 2.73495 
0.967428 2.44671 
1.061 2.66372 
1.03612 2.66314 
1.57642 2.98528 
1.65018 2.32874 
1.83016 2.50678 
1.64416 1.82125 
1.59737 1.91176 
2.43874 1.78911 
2.85534 2.84332 
2.4089 1.51135 
2.56072 2.2887 
1.62617 1.91485 
2.37898 1.46835 
2.3853 1.48962 
2.35376 1.68759 
2.39173 1.41932 
2.38792 1.31411 
3.78239 2.23493 
4.52474 2.66958 
2.51598 2.02009 
5.77791 2.59 
7.43029 2.50047 
4.86521 3.00563 
5.23598 0.832681 
5.24435 0.533187 
2.76540805 4.20697977 
2.93168876 3.78148774 
4.55628728 2.81605247 
5.80259345 2.67192868 
2.29185241 3.22808784 
4.85279325 2.5815148 
0.973101833 3.28640217 
6.18167599 2.25651765 
6.80100898 3.18618374 
5.09708226 3.01603488 
6.25096263 1.50408448 
5.35778074 2.96163968 
3.708706 2.59149709 
3.83925218 3.18909492 
1.22046923 4.04788225 
2.8748503 3.17986747 
6.08496324 3.35616359 
2.80706077 4.44236202 
1.68870163 3.95066932 
4.62719817 2.46335667 
1.03995069 3.84251747 
5.86229 2.53283 
6.4778 1.71147 
6.33898 1.1655 
6.28598 0.436807 
6.26213 0.862844 
6.28968 0.577249 
6.21321 1.30422 
6.27695 0.572268 
6.25741 0.395189 
6.28557 0.904179 
6.26762 0.228013 
6.06249 0.498955 
5.60085 1.71821 
5.44157 2.20233 
5.65995 1.59119 
5.62492 1.66016 
4.3662 2.85505 
4.53214 2.0969 
4.42797 1.82397 
4.39605 1.39164 
4.41419 1.39565 
3.29862 2.57495 
3.08681 2.65231 
3.24651 2.5845 
0.139409 3.71125 
3.3761 2.57193 
2.25368 2.60758 
2.36624 2.42197 
2.18565 2.7029 
2.12748 2.6855 
2.01294 2.56956 
0.596893 3.12414 
0.736438 2.9828 
0.926727 3.07432 
0.820703 2.69171 
0.790728 2.00963 
0.328969 3.19132 
0.407735 3.24256 
0.43604 2.34851 
0.458967 2.55863 
0.358496 2.5965 
8.35492e-05 2.53889 
0.0147316 3.14355 
0.0377641 2.77276 
0.000153387 2.63451 
0.0028348 2.89189 
0.0953986 3.59692 
0.459698 2.501 
0.404776 2.78154 
0.430088 2.49916 
0.949474 3.64743 
0.612408 3.10275 
0.72896 3.33561 
1.43056 3.09115 
1.14412 3.53175 
0.888999 2.8034 
1.72615 3.18913 
1.71071 3.53968 
0.759697 2.50024 
1.58697 3.11796 
0.799011 2.16453 
2.6317 1.99112 
2.85286 2.11455 
2.75924 1.67864 
2.70463 2.23576 
2.60822 1.3648 
2.66229 1.73646 
3.81041 1.76261 
2.60013 1.22492 
2.5617 1.79172 
2.59542 1.38648 
4.73739 3.00803 
7.15863 2.42802 
3.79038 2.68197 
4.29762 2.06899 
2.60544 1.37175 
6.14352 1.10748 
5.99375 0.791964 
6.0419 0.694486 
3.58783593 3.21475628 
1.44541499 2.08559978 
7.02212281 2.95145708 
4.79585762 3.36975596 
2.32773101 3.30164899 
2.44964565 1.76027478 
6.61962262 3.38788568 
4.19213226 2.47693655 
2.19071161 4.19003944 
2.2486144 3.7438907 
6.26352716 3.63090105 
1.03682261 4.09309203 
6.38392493 1.45315496 
3.57741051 2.77552462 
4.45261123 3.33937075 
3.8931627 3.98565534 
3.64894398 3.85282064 
3.89764721 4.17257555 
1.19591808 3.49909305 
6.47828473 3.09157885 
4.23923727 2.21481879 
2.59843 3.14212 
6.6349 2.01346 
6.20262 1.36917 
6.18306 0.674089 
5.76265 2.60105 
6.08585 0.604593 
5.98735 0.939678 
5.90097 1.08194 
6.05076 0.677799 
6.14207 0.606315 
5.95951 0.800205 
2.20659 2.32487 
2.56018 1.48005 
2.63428 1.47921 
2.68478 2.02961 
2.61553 1.82623 
2.55651 1.84884 
2.58426 1.92992 
2.59643 1.54809 
2.26694 2.57511 
2.60004 1.55055 
2.43096 1.48567 
1.15113 2.58909 
2.39975 1.75603 
2.40797 1.59864 
2.41958 1.77731 
1.50488 2.32889 
1.61915 2.37958 
1.37826 1.97087 
1.35456 1.67793 
1.3171 1.9854 
0.616411 3.51182 
1.05885 2.43072 
0.918098 2.09823 
0.300732 3.95001 
0.90753 2.40683 
0.458067 3.34174 
0.217839 3.05101 
0.267419 2.40431 
0.330162 2.9817 
0.0478497 3.40652 
0.000101741 2.57966 
0.026879 2.74712 
0.0117119 3.1016 
0.00181123 2.84211 
9.81904e-06 2.53103 
0.346176 2.79292 
0.274169 2.53576 
0.409166 3.33014 
0.0319227 3.30774 
0.293217 2.76984 
0.958977 2.30522 
1.02702 2.86598 
1.09941 2.69709 
0.670582 3.6679 
0.842856 2.47137 
1.78772 2.76613 
1.25256 2.76952 
1.28249 2.15398 
1.57995 3.05179 
1.49779 2.25435 
2.15356 2.80811 
3.57159 2.61654 
2.77262 2.62852 
1.3494 1.51139 
1.34941 1.74713 
2.49888 1.97808 
2.49226 1.89358 
4.91817 3.00903 
5.5037 2.58188 
3.48157 2.18409 
2.3839 1.75322 
7.06522 2.38803 
2.74748 2.11054 
4.8006 3.39819 
2.61032 1.71236 
6.01956 1.1452 
5.70769 1.47031 
5.90877 1.48029 
2.67231246 4.54402257 
5.82143291 2.01139111 
3.00828927 2.48359384 
2.94130626 3.35338762 
2.96496774 3.87442545 
2.81925308 2.90047986 
1.22247624 3.91741379 
6.41026518 3.4510468 
4.41754528 3.45571868 
4.78883275 1.6980891 
4.55449238 2.58570378 
5.19605679 2.70458132 
2.10617881 3.39929784 
6.63529525 2.24300338 
4.92313961 3.13727117 
1.56620917 3.57752325 
4.89141201 2.50601805 
2.11684463 2.61753836 
3.80718157 4.00553801 
2.51780415 4.49287442 
6.62242214 2.82199539 
5.5436 2.41911 
4.87488 1.55688 
5.03014 2.43552 
4.79649 1.03156 
4.70969 1.67167 
4.78119 1.37916 
4.80851 0.773675 
5.13022 2.12194 
4.81286 0.827105 
4.81349 0.739426 
4.81023 0.509956 
4.82089 1.18981 
4.82846 1.0388 
4.77855 1.50967 
6.40039 1.47097 
4.84223 1.51219 
5.11818 2.92875 
4.75116 1.41682 
2.56182 1.98354 
2.52916 1.70102 
2.53576 1.71152 
2.56213 1.48852 
2.49749 1.66775 
2.46514 1.43973 
2.47739 1.83229 
2.45052 1.32228 
2.04853 2.43639 
2.00597 2.16196 
2.03898 2.13215 
1.95595 2.37583 
1.92609 2.38406 
0.711037 2.59527 
0.410947 3.28811 
0.784195 2.36824 
0.597757 3.31068 
0.87182 2.8677 
0.150476 3.73476 
0.399419 2.93441 
0.353958 3.23462 
0.422738 2.59783 
0.407991 2.34893 
9.68612e-05 2.54144 
0.0134458 2.70438 
0.0139647 3.13398 
0.00183789 2.61945 
0.00256206 2.87983 
0.272992 3.04164 
0.381592 2.69643 
0.933436 3.52661 
0.543882 3.11766 
0.110173 2.89995 
0.611984 3.15131 
0.929364 2.77812 
1.19484 3.56685 
0.762635 1.82789 
1.49285 3.1333 
1.71791 3.16573 
0.751548 2.2524 
1.57137 2.7662 
1.99449 2.43288 
1.92098 4.0492 
2.62905 2.50414 
2.31752 2.35653 
4.3005 3.08436 
2.73873 2.29385 
2.41425 1.92641 
2.55884 2.08466 
5.54078 2.7828 
2.44642 1.47165 
2.21418 2.46341 
2.50967 1.93802 
2.50323 1.82847 
7.40516 2.49582 
3.50753 2.22733 
3.20881 1.77421 
7.78307 2.53927 
4.81198 0.721587 
6.00472 2.68522 
6.08092 1.76966 
3.58621146 3.62381627 
4.33515914 3.25270093 
4.91186432 3.0782506 
4.79475071 3.07030036 
4.13743958 1.95280969 
1.10251463 2.61065948 
2.17533623 3.07269715 
2.51980166 3.63045678 
5.39333861 2.88292131 
6.15121668 3.19800468 
7.49816693 2.6499883 
5.60165744 1.95916135 
2.76774847 3.59232756 
3.78775806 3.96594915 
4.05090697 4.0068328 
2.17591077 3.64226188 
2.56668761 4.42135191 
3.2907516 3.11973375 
6.188946 2.88888501 
2.5417728 2.19418282 
1.70481537 4.01440302 
6.58554 1.93549 
6.12931 2.18304 
6.37776 1.67726 
6.31745 1.80298 
6.38255 1.39785 
6.34875 1.2269 
6.30852 0.903475 
6.25552 0.946773 
6.28087 0.408985 
6.2476 0.678608 
6.16875 1.55159 
4.62251 3.16442 
5.57318 1.45268 
5.71603 1.64433 
5.57324 1.14508 
5.63799 1.64481 
9.93871e-05 2.61718 
4.22947 1.29426 
4.08903 1.87232 
4.13792 1.6303 
4.16318 1.67124 
2.74514 1.6275 
2.76952 2.13144 
2.80404 2.14608 
2.63288 1.67833 
2.56048 2.00174 
0.547065 3.47775 
1.4665 2.38791 
0.618878 3.51433 
1.54191 2.90171 
0.672558 4.1447 
0.0527221 3.43185 
0.0901221 2.86874 
1.12158 2.37162 
1.21781 2.78032 
1.00071 2.69777 
0.35244 3.99664 
0.258662 3.10402 
0.00322463 2.90781 
0.242958 3.88462 
0.130075 3.68973 
4.36929e-05 2.54451 
0.0160317 3.16045 
0.000244219 2.62894 
0.000146215 2.59739 
0.0113453 2.69496 
0.590531 4.12313 
0.28789 3.9367 
0.0440721 2.78664 
0.416438 4.04284 
0.0319595 3.30803 
1.09472 2.45549 
1.1794 4.1516 
1.16435 2.18889 
1.05835 2.42532 
1.10004 2.29046 
1.40909 2.40368 
1.76821 2.67947 
1.43481 2.42747 
1.99329 2.8113 
1.50593 2.50865 
2.52925 1.41026 
2.47713 1.59068 
2.46759 2.12393 
2.58102 1.92604 
2.77759 2.45387 
2.61684 2.03472 
2.49826 1.77291 
2.50757 1.52995 
2.55331 1.492 
3.90869 1.31003 
3.81227 2.38725 
3.62066 2.17484 
4.36612 2.3899 
4.44394 2.08459 
3.98038 1.94393 
5.45888 1.78509 
6.28291 0.688455 
6.26417 0.73991 
4.1294826 1.62150201 
2.84888537 4.12391116 
5.54827737 1.57134918 
5.33828062 2.91937427 
4.45247494 3.11052714 
5.29697099 3.41094478 
2.05269496 4.42641275 
5.44516438 2.48877988 
1.85123379 3.03349713 
7.60401101 2.60644535 
5.4932267 2.62368224 
3.17670328 4.29990721 
5.96535952 3.44258783 
0.871003849 4.02292043 
1.73452584 2.78569707 
2.06735343 4.06494042 
2.75964682 3.63554147 
2.49389979 2.9143069 
5.79497715 2.80306947 
2.33058807 3.43179806 
4.58153375 2.50972002 
6.56489 1.89906 
5.70967 1.85787 
5.47359 1.01874 
5.45577 1.38917 
5.42874 1.26754 
5.52218 0.624583 
5.5186 0.799272 
5.54201 0.95466 
5.51874 0.679909 
5.53376 1.02531 
5.50745 0.63407 
4.09309 1.76383 
4.1277 1.58092 
4.08241 1.59324 
4.10025 0.891504 
3.9631 1.84189 
4.00819 1.74896 
3.88255 2.06006 
4.43053 3.17353 
3.98185 1.78062 
4.05205 1.47227 
2.24639 2.11846 
2.2371 2.38528 
2.25418 1.79978 
1.9399 3.07092 
2.18591 1.6544 
1.97378 2.30758 
2.0114 2.30513 
1.94658 2.35492 
1.9241 2.3605 
1.89048 2.26253 
0.708504 3.34441 
0.98412 2.55986 
0.942962 2.33563 
0.924509 2.80643 
0.787852 3.15353 
0.000205789 2.55463 
0.178816 2.99852 
0.143516 3.72021 
0.0274223 3.27307 
0.405685 3.2821 
1.68504e-05 2.57392 
0.00602063 2.99289 
0.000139995 2.58003 
0.000261295 2.60084 
0.00205504 2.85228 
0.600622 4.12589 
0.048681 2.79605 
0.0799676 3.54589 
0.269342 3.91363 
0.483403 4.08034 
1.04689 2.69669 
0.898799 1.79773 
0.889881 2.02481 
0.894064 1.76709 
0.910037 2.23208 
0.885411 2.21143 
1.63226 4.08325 
2.01268 1.77165 
1.21159 3.34433 
1.36863 1.93403 
2.57229 2.60143 
2.21181 1.35975 
2.10705 2.05499 
2.15122 2.00458 
2.27235 1.98968 
4.59745 3.68286 
4.10496 1.97902 
3.45145 2.881 
2.20728 1.49694 
6.75758 2.92076 
6.09797 2.353 
4.14163 1.34573 
4.23718 2.34514 
4.10973 1.01436 
4.11744 1.09369 
6.16772 1.75335 
5.35957 2.13542 
5.56919 1.07419 
2.93480238 4.22223112 
2.72981234 2.70664061 
2.56465541 2.57973784 
1.1498794 3.79694529 
1.40024169 2.77822713 
3.92587922 4.06618586 
5.01236578 3.01808615 
5.88585567 1.4869454 
2.7788834 3.53757805 
2.18951391 4.44584898 
5.40444879 3.55236355 
5.22541211 2.08000361 
3.16775797 1.60021841 
4.81480284 2.81714298 
5.29831488 2.61816192 
3.85292469 3.39402645 
2.87830992 4.01352472 
6.52708999 2.90159645 
5.95453892 3.43449674 
7.04624961 2.53385991 
1.17668252 2.91417094 
6.23142 1.55828 
6.0957 1.73994 
6.25459 0.95774 
6.29561 0.715385 
6.30939 0.913068 
6.28826 0.532559 
6.24226 0.44617 
6.25934 0.421588 
6.19297 1.24653 
6.27303 0.674604 
6.2225 0.460569 
3.39868 2.57345 
3.33961 1.8321 
6.66641 2.10912 
3.1053 2.04508 
3.52226 1.46539 
3.26431 1.56213 
3.05798 1.46157 
3.03552 1.27862 
2.99463 1.2923 
2.94804 1.58133 
2.89559 1.80341 
2.84735 1.66854 
2.82598 1.45431 
2.78964 1.36122 
2.75939 1.54587 
1.67388 2.94948 
1.7382 2.64747 
1.7534 2.36804 
1.73309 2.19611 
1.71968 1.97213 
0.584415 3.31094 
1.00827 2.12385 
0.992226 2.47221 
1.02692 2.3082 
0.91463 2.86066 
0.0361837 3.33744 
0.31933 3.17961 
0.290146 2.86452 
0.185841 3.00802 
0.337753 3.37597 
0.000135601 2.62083 
0.00545544 2.97724 
0.00601789 2.66576 
4.90283e-05 2.57011 
0.000160932 2.66231 
0.10512 3.62551 
0.530753 4.10149 
0.0668976 3.49564 
0.254902 3.89943 
1.23837 4.14418 
1.13432 2.80074 
0.98677 1.82896 
0.915189 2.44131 
0.996034 1.96831 
1.06987 2.39504 
1.99055 2.90851 
2.08671 3.04509 
0.983596 1.72034 
0.982009 1.90112 
1.91622 2.28742 
0.978701 1.98079 
2.42853 2.75347 
4.16403 2.70242 
2.99362 2.54267 
0.990159 2.04777 
2.83579 1.87026 
5.75452 2.62054 
3.10779 1.65551 
3.09888 1.37902 
2.96022 1.84028 
3.06371 1.33763 
7.78309 2.53928 
3.00141 1.4571 
3.02896 1.11605 
5.51986 1.94218 
6.17552 0.851388 
6.28388 1.16214 
6.165 0.132831 
3.84870139 2.87081537 
5.92631514 1.80740639 
3.15886213 3.94736632 
5.24570259 3.06908003 
0.839831216 3.36773849 
3.74777833 2.2603595 
1.76599515 3.69771111 
4.49632404 2.8476292 
3.4924051 1.77086257 
5.71685834 1.44035781 
2.34769368 2.46427981 
5.47010804 0.929568211 
4.48042732 2.39846677 
3.22001644 2.57644306 
6.37507649 2.26460101 
4.31168509 3.74105895 
5.4421734 2.28942826 
5.34841859 2.50941015 
3.64742616 3.89875057 
1.48365531 4.10382329 
1.54406695 3.58478393 
5.5236 0.510617 
5.5677 0.92134 
5.39633 2.00757 
5.89937 1.66534 
5.60614 1.6888 
5.443 1.25332 
5.57616 1.3982 
5.40537 1.2787 
7.20265 3.14238 
5.86198 2.53308 
5.67631 1.33943 
5.44327 1.09584 
3.25791 2.35934 
6.28387 0.274072 
5.50633 0.899103 
5.40851 1.39205 
3.51748 1.41018 
3.51335 1.2526 
3.76212 2.71267 
3.01721 1.63022 
3.12684 1.78144 
2.71547 2.79327 
2.69487 2.16242 
2.73307 1.85749 
2.80369 2.02523 
2.71078 1.93567 
1.65299 3.05934 
2.07786 1.95122 
2.08161 2.27739 
2.0678 2.13034 
2.0905 2.07838 
0.705025 4.15102 
1.06332 3.13919 
1.01117 2.1561 
0.972841 2.6652 
1.00174 2.22206 
0.0001439 2.55909 
0.139802 3.71211 
0.33075 3.19338 
0.0153832 3.15243 
0.0222588 2.73452 
2.0834e-05 2.57657 
3.71791e-05 2.54368 
0.000895588 2.75508 
0.000398094 2.67544 
0.0803531 2.85265 
0.60292 4.12698 
0.237153 3.87709 
0.0611475 3.47127 
0.883503 4.16806 
0.356834 4.00019 
1.28894 3.29158 
1.10256 2.26876 
1.59872 3.09357 
0.978178 2.40355 
1.24402 2.56988 
1.08078 2.12486 
1.96153 2.93771 
1.14264 2.36781 
1.44636 2.52685 
1.07592 1.83468 
2.58985 2.80529 
1.08874 2.23724 
1.98334 1.55273 
1.98587 2.05198 
1.91609 2.24223 
3.05188 1.77754 
2.5629 3.02553 
1.99365 1.32486 
7.05319 2.38221 
1.99969 1.40863 
3.46254 1.45835 
7.5389 2.51679 
3.57304 1.35788 
3.75104 1.81559 
3.55368 1.71324 
6.37254 1.63669 
5.50058 0.949073 
5.96285 2.84271 
4.39197252 3.05340071 
4.44004137 3.62356421 
5.71616879 3.43025319 
3.95981002 3.65893356 
0.811141659 3.65424563 
2.09906239 3.6027293 
6.7030265 3.27505435 
2.66870499 2.94050789 
1.90643112 3.85693499 
3.85561922 3.11727316 
1.40718221 3.6370997 
1.14349163 3.74414394 
4.52741742 2.41328721 
2.23996404 4.43612366 
5.83300735 2.15859788 
3.42209737 3.23075174 
6.7694309 2.22527096 
6.58196896 2.81760191 
5.45049064 1.69008182 
2.15188055 4.13945677 
5.29165553 3.1790345 
5.58644 2.2841 
5.5105 1.7935 
5.42338 1.48026 
5.39439 1.11784 
5.37491 0.76938 
5.36517 0.73263 
5.34608 1.25974 
6.51149 1.79135 
5.29114 1.31231 
5.36743 0.756205 
5.37122 0.468852 
5.32866 1.10633 
5.35093 0.8967 
5.2371 1.55715 
5.26213 1.45999 
5.36282 1.0141 
4.30162 1.88103 
4.19011 1.37861 
4.11851 1.41848 
4.0895 1.45501 
4.02081 1.82949 
2.59851 2.55004 
2.67175 2.26511 
2.71964 2.05285 
2.80363 2.05426 
2.63375 1.70341 
2.14098 1.55205 
1.89824 2.86617 
2.15569 1.94881 
2.05388 1.91477 
2.02056 2.06597 
0.967331 2.90031 
0.471865 4.07446 
1.09939 2.87349 
1.06911 2.72254 
1.06229 2.48009 
0.228573 3.06518 
0.119486 2.91373 
0.0342556 3.32431 
0.0899099 2.86815 
0.0738815 2.84167 
9.94636e-05 2.55025 
0.00673419 2.67053 
2.6818e-05 2.58539 
0.000260345 2.53304 
0.00322638 2.90626 
0.0347769 2.76662 
0.208461 3.83508 
0.0191068 2.72316 
0.16793 2.98346 
0.743747 4.15637 
0.876249 2.52338 
0.970315 1.96329 
1.03264 2.55178 
0.945462 2.0015 
0.940333 2.14263 
0.961053 1.89384 
1.64178 2.92712 
0.95088 2.21992 
0.955764 1.77091 
1.69329 2.81876 
2.4186 2.45204 
3.01811 2.69866 
2.2565 2.33585 
3.37694 1.61299 
2.14539 1.52891 
3.49829 2.21408 
2.74841 2.03633 
3.39323 1.67846 
3.27348 2.15235 
3.46104 1.87007 
4.29122 2.32905 
4.13355 1.07871 
4.09706 1.75807 
4.14486 1.17747 
4.13545 0.705092 
5.71233 2.63906 
5.21962 2.21416 
7.29876 2.47218 
3.66413467 3.70842432 
2.70974399 2.93916793 
4.61615901 2.44935085 
2.41846042 2.19219497 
2.40064356 4.32519149 
5.66660887 1.83531554 
4.22653552 2.36194409 
1.67445407 3.84745599 
4.79430434 2.74121233 
6.63099765 2.42375865 
4.12039829 2.64091213 
3.09293977 3.12621619 
4.50529524 0.830403446 
5.22598982 2.9067099 
6.29608469 3.42022945 
4.64582397 3.09966303 
2.03077311 3.57791275 
0.878044615 2.92216032 
1.56458672 4.16063096 
5.9743898 2.85600785 
4.38443126 2.4146964 
4.6782 2.4516 
4.40002 1.69487 
4.79837 2.17818 
4.48925 1.30292 
4.51859 1.30605 
5.21838 3.5817 
2.10567 2.32916 
6.40787 1.49883 
6.18366 2.21558 
6.14093 1.5853 
4.52188 1.14282 
4.50245 0.964079 
4.48986 1.10507 
4.50493 0.997549 
3.87827 2.78358 
4.47763 1.19154 
2.65426 1.57119 
2.76516 1.51076 
2.72344 1.24862 
2.76417 1.77109 
2.7246 1.42639 
2.62193 1.75904 
2.61273 1.39834 
2.5875 1.46001 
2.58899 1.30338 
2.54234 1.77316 
1.97839 2.06934 
1.81337 2.25228 
1.69956 2.46214 
1.83307 2.12336 
1.81877 2.35103 
0.584547 4.12126 
0.889519 2.84271 
0.972032 2.69737 
1.02836 2.85393 
0.970662 2.3954 
0.10093 3.61351 
0.243241 3.88498 
0.381744 3.25412 
0.350984 2.39981 
0.372716 2.95335 
0.000126293 2.59151 
0.00768259 3.03009 
7.38059e-05 2.55806 
0.0261202 3.26212 
9.01712e-05 2.61513 
0.171055 2.98801 
0.0690789 3.50479 
0.456664 3.1438 
0.357936 2.49111 
0.769067 3.5735 
0.648616 3.47601 
1.03327 1.91786 
1.15593 2.32689 
1.01655 2.16515 
1.36622 2.68893 
1.05233 1.9045 
1.0404 1.59589 
1.24315 3.08446 
1.51518 2.7771 
1.75315 2.89595 
2.32037 2.73096 
2.83949 2.54819 
2.74231 2.40669 
1.02681 2.17093 
2.40766 2.66457 
2.64542 1.85873 
2.66813 1.91774 
7.78301 2.53923 
3.34383 2.36325 
5.63049 2.70518 
3.0283 2.69101 
2.86299 1.95984 
7.46315 2.50596 
3.22221 2.17288 
2.55182 1.78859 
6.51409 2.84212 
5.62109 1.53264 
3.69011 4.32746 
4.29887693 2.01789109 
1.46749382 4.15029177 
3.51443918 2.20615584 
4.87952871 2.20173269 
6.45783092 3.52977656 
0.488417728 3.84431949 
6.48824844 2.15273233 
5.84436973 3.5908502 
2.64466169 4.11013115 
1.09017868 3.74621913 
6.08094764 2.73503902 
4.54196748 3.49357748 
1.87476995 3.17088527 
6.51423726 3.3747525 
1.56670264 2.66274236 
3.05403457 4.3092988 
3.15805623 3.89687006 
4.65853238 1.83453637 
1.92249345 3.6495144 
6.4425613 2.41868651 
4.68671414 2.61139555 
4.07446 2.48416 
4.1024 1.72958 
4.50795 3.22449 
3.87953 1.772 
4.00985 1.24013 
3.99361 1.56449 
3.99246 1.37911 
4.01893 1.04484 
4.03013 0.788042 
7.35589 2.48584 
4.11763 2.10635 
4.02287 1.07241 
2.97553 2.62387 
4.05106 1.1031 
4.04146 1.05334 
4.03102 0.945036 
3.78488 2.07858 
3.90893 1.71714 
4.04268 1.34626 
3.91951 1.12334 
3.87297 1.87158 
2.08983 2.91269 
2.77351 2.27113 
2.63667 2.43685 
2.6465 1.91487 
2.40846 2.34629 
1.00274 4.16654 
1.65219 1.8438 
1.63947 2.272 
1.92101 4.04911 
1.78251 2.70992 
1.07159 2.54373 
1.03075 2.83379 
1.07617 1.94342 
1.0301 2.30693 
1.08266 2.54453 
0.4153 4.04212 
0.336183 3.40694 
0.435377 3.41796 
0.304635 3.60411 
0.280645 3.13169 
0.000101566 2.57897 
0.000103915 2.61495 
5.51235e-05 2.6158 
0.000346818 2.61518 
0.000209322 2.64789 
0.0600831 3.46666 
0.274103 3.92185 
0.0153969 3.15266 
0.00422394 2.94175 
0.742259 4.15691 
1.14851 2.98821 
0.956157 2.60406 
1.09294 1.72416 
1.0612 1.99507 
1.18777 2.3719 
1.08636 1.8771 
1.09661 1.62155 
1.09846 1.68146 
1.91285 2.2554 
1.43296 2.6332 
2.36172 2.76997 
1.16509 2.60602 
3.77844 4.28078 
2.93392 2.46039 
2.45686 2.72494 
5.57333 2.89673 
5.72671 0.913844 
1.41645 3.12407 
3.82109 2.40465 
3.85195 2.12572 
4.0591 1.74991 
5.46872 0.905588 
4.38195 2.69816 
6.08256 1.90372 
5.03471 3.00031 
6.04238 1.7988 
5.33611 2.01712 
5.86455 1.82542 
3.29188234 4.24852861 
1.90211365 4.029924 
4.15085223 3.43871275 
5.09001154 3.16455876 
6.68556562 2.88840821 
3.21750897 4.16613164 
4.63378201 3.40303837 
4.82383308 3.3220765 
3.20626029 3.56801141 
1.962002 3.34510302 
1.89648516 2.54324182 
4.89121677 3.20065534 
3.52079826 3.0786482 
6.25582899 1.95540385 
3.27151167 2.01094027 
5.69835613 3.35884043 
3.2760477 2.73270666 
5.76683704 2.39920138 
1.83126228 3.71354046 
4.90999754 2.26470248 
1.4407089 1.81717094 
0.943867 3.83556 
6.66525 2.05597 
1.51417 2.10576 
6.26677 2.21279 
3.05111 2.67517 
6.34459 1.57027 
6.34103 1.17928 
6.21576 1.28683 
0.687196 3.58329 
6.2983 0.905063 
6.29112 0.617043 
1.44676 2.25419 
6.08438 1.00604 
3.55384 2.60984 
1.41881 2.19865 
6.72997 2.43002 
1.90182 2.56772 
3.07614 1.99867 
3.06741 2.41874 
3.08714 1.70744 
3.03495 1.64316 
1.44591 1.76955 
1.45231 1.76752 
1.45876 1.86262 
1.44721 1.71594 
1.43906 1.56699 
1.36765 2.07815 
1.44135 1.59552 
1.44008 1.3794 
1.68568 3.06489 
1.67314 2.32626 
1.10755 2.60171 
1.02377 2.05773 
0.958633 2.52241 
1.0569 2.17067 
0.962344 2.24159 
4.68175e-05 2.60325 
0.186954 3.00956 
0.109208 3.63697 
0.388012 4.02365 
0.0418001 2.78194 
0.0114286 3.09701 
0.0070242 2.67287 
0.000603683 2.58552 
0.000116465 2.60139 
0.0390158 3.35513 
0.101815 2.88687 
0.588008 4.12106 
0.00118867 2.6035 
0.377114 3.2488 
0.237366 3.87557 
0.930581 2.42823 
1.09691 2.41924 
1.03176 2.21637 
0.99356 2.03985 
1.00743 2.17954 
1.33924 2.72091 
2.30609 2.86655 
1.44368 1.60586 
1.76936 2.42984 
1.47895 1.90639 
7.78313 2.5392 
2.60967 2.73927 
3.75675 4.29259 
2.72669 3.31499 
4.28661 2.99753 
5.6304 3.67652 
3.71958 2.01607 
5.73599 2.9387 
2.9532 1.45088 
3.10114 1.41354 
6.76205 3.24504 
5.94782 2.08485 
5.83316 1.6655 
2.89101 1.77741 
3.06185 1.5308 
6.26475 0.82245 
5.81 1.33603 
6.15188 0.351235 
3.9266246 2.99908221 
6.27813158 3.54059772 
6.70815889 3.15491542 
3.49549719 3.62859552 
4.80118667 2.41154695 
0.130551117 3.34433851 
4.24866861 3.5702806 
6.80602922 2.62668545 
2.12946535 2.82449459 
6.22219042 3.17941857 
5.65685288 2.24033911 
2.28418047 3.63371164 
5.82254285 3.29590497 
5.04014156 3.24392468 
2.92343401 4.13667951 
0.952869125 2.68867594 
3.2725555 2.9371434 
3.11713254 2.55974718 
3.31049451 4.40368592 
1.00863049 3.37807367 
3.05196759 3.68207983 
6.40689 2.05712 
6.08185 2.15329 
6.47447 1.70275 
6.40844 1.50123 
6.36746 1.32797 
6.29358 0.674068 
6.24468 1.05966 
6.2535 0.681208 
6.26675 0.661743 
6.26198 0.865276 
6.2457 0.464119 
6.18808 0.42021 
1.92089 4.04931 
6.0686 1.67279 
6.15806 0.422019 
5.81982 2.56074 
5.0842 2.04581 
4.31768 3.09635 
4.87842 2.2729 
4.82505 2.39815 
2.85988 2.83892 
2.83297 1.85731 
2.73489 2.10423 
2.67462 2.17643 
2.81452 2.25219 
2.74874 1.96785 
0.738569 3.6335 
0.589064 3.40307 
1.6129 2.54921 
1.75246 2.73862 
1.58917 2.11459 
0.417317 4.04339 
0.802974 2.96793 
0.994662 2.57426 
1.09112 2.1893 
1.1261 2.20118 
0.281234 3.1325 
0.356594 2.74175 
0.353089 2.96748 
0.393772 2.13489 
0.423202 2.16107 
9.64514e-05 2.62632 
8.42657e-06 2.54977 
0.0108288 3.08777 
0.00195888 2.84967 
0.0290984 3.28221 
0.0954285 3.59685 
0.475485 2.81725 
0.480711 2.8587 
0.414567 2.38508 
0.411033 2.52043 
0.408607 2.5104 
1.07567 3.59351 
0.993439 2.51576 
1.63823 3.59951 
0.850871 3.48434 
1.36695 3.24051 
1.51211 2.574 
1.73605 2.2977 
1.37378 2.05863 
1.34015 1.81945 
2.41677 2.9294 
1.35159 1.95225 
1.32502 1.82249 
2.2074 2.57246 
2.45164 2.88795 
2.68994 1.50541 
2.6505 1.71201 
2.71384 1.75752 
2.71518 1.26649 
2.72309 1.38254 
5.48513 2.28437 
2.71108 1.27573 
6.08938 2.73135 
2.71234 1.3589 
2.71278 1.19839 
6.20437 1.05342 
6.0311 0.562329 
6.07258 0.603834 
4.8405236 3.32060055 
5.07101455 3.32092928 
1.76143699 3.49028582 
3.35737496 3.34612315 
2.60045409 3.64657969 
6.25430947 2.22297516 
5.91859715 3.41056162 
2.67793175 3.47144856 
6.1505542 3.2309452 
2.56086516 4.57140871 
5.16128319 3.15866566 
1.95558381 3.20216535 
4.51676879 3.24889125 
1.31285462 4.02622275 
6.2403343 1.03645874 
0.792052528 3.0961431 
4.42576809 3.04526336 
2.31260631 3.22795743 
5.15504708 2.74496238 
5.35459175 2.60159866 
3.34542912 2.9363275 
5.94826 2.31381 
6.29588 0.720363 
6.35224 1.24716 
6.28879 0.550178 
6.22242 0.655141 
6.28467 0.354085 
6.23197 0.578425 
6.18533 0.608347 
6.19674 0.756064 
6.1668 0.348196 
6.1402 0.342507 
6.08277 0.51408 
6.03809 0.654501 
6.05537 0.61301 
6.17595 1.73299 
5.99428 0.792974 
3.16308 2.61274 
2.96535 1.65842 
2.91728 2.03835 
3.21059 1.81534 
2.91367 1.3959 
2.80071 1.80116 
2.7092 1.8963 
2.65894 2.14971 
2.66218 1.50271 
2.62488 1.22712 
1.94259 2.5889 
1.84833 2.06954 
1.80628 2.04029 
1.88072 2.1169 
1.73783 2.33838 
0.671474 3.89264 
0.958892 3.12588 
0.765373 3.49432 
1.01468 2.1972 
1.02499 2.5136 
0.000116418 2.59099 
0.077172 3.53579 
0.254497 3.09844 
0.0364746 2.76982 
0.00374541 2.92504 
4.48447e-05 2.58979 
5.47015e-05 2.61225 
0.000160999 2.54236 
0.000228294 2.67794 
5.42114e-05 2.6119 
0.039992 3.36168 
0.322858 3.97115 
0.0181696 3.18532 
0.205773 3.83265 
0.480137 4.07851 
1.19552 3.05961 
1.29221 2.67967 
1.35066 2.85128 
1.00748 2.37885 
0.953571 2.52509 
1.69445 2.8304 
1.71521 1.66801 
1.60387 2.53233 
1.74773 1.70671 
1.60494 2.73627 
2.37898 2.76661 
2.19007 2.29963 
2.03235 2.37691 
1.72094 1.76419 
1.75176 1.86638 
2.71528 2.06836 
2.81885 2.13229 
3.64931 2.08497 
7.78318 2.53916 
2.6047 1.57926 
6.86575 2.26376 
2.59326 1.68597 
2.64178 1.57185 
2.6337 1.32066 
3.80324 1.88113 
6.04249 1.37874 
5.87746 1.13645 
5.99028 0.88108 
3.55437226 3.79413075 
3.49326965 2.25154273 
5.30423672 1.68606277 
5.12800717 3.2565065 
0.402456679 3.69534291 
6.2831569 2.56141379 
4.96487289 2.44151709 
1.81315993 4.21071412 
6.47519599 2.9781145 
3.16657108 4.51302843 
4.03564706 2.68535536 
2.07538587 3.14508357 
6.32120883 3.59348525 
1.68955081 3.47441164 
2.75094284 2.63672512 
2.52380986 4.38536317 
6.31796301 1.46153043 
5.16411792 2.33633627 
3.46265449 3.64221364 
1.73630171 2.86783964 
5.28581821 2.32112143 
6.20313 1.36701 
5.80692 2.56956 
6.49727 1.759 
6.25184 0.629664 
6.26353 0.488435 
6.29343 0.672698 
6.28524 0.900056 
6.2688 0.404762 
6.24047 0.394157 
6.16695 0.167025 
6.11593 0.440893 
5.20668 1.1874 
5.16096 1.40013 
5.12221 1.86753 
5.31582 1.35848 
5.22591 0.741 
3.26828 2.96783 
3.19827 2.38244 
3.60416 2.09003 
3.68197 1.94889 
3.80122 1.61579 
3.04872 2.26018 
3.04361 2.10103 
3.11391 2.09802 
2.99463 2.19436 
2.95283 2.15842 
1.09654 4.1602 
1.89725 2.40061 
1.99908 2.11531 
1.91234 2.32896 
2.00258 2.45225 
1.00718 2.04278 
1.00736 2.40171 
1.02093 2.54448 
0.899382 2.90844 
0.585567 3.4798 
0.36756 3.23743 
0.408081 4.03738 
0.467241 3.13266 
0.274066 2.45619 
0.251019 2.88677 
9.07102e-06 2.56513 
0.00711104 3.01826 
0.000554676 2.58529 
1.72235e-05 2.58014 
0.000258933 2.66175 
0.0434253 3.38149 
0.245505 2.67649 
0.229807 3.06677 
0.40377 2.91685 
0.341342 2.77781 
1.34063 2.75016 
1.09574 2.3872 
1.18859 2.80599 
1.19427 2.61797 
1.13248 2.52311 
1.5434 2.69484 
1.03348 2.18813 
1.75955 1.74802 
1.65251 2.50951 
1.89535 2.4713 
2.68079 3.03978 
2.69533 2.42539 
1.7846 1.94253 
1.75849 1.88199 
2.37586 3.37169 
3.8069 1.49826 
4.01248 2.00932 
3.91247 2.09819 
2.75721 1.20747 
2.73768 1.35673 
0.655324 3.62692 
2.36789 2.77157 
2.7664 1.57425 
5.63526 2.3327 
2.76353 1.28481 
6.02537 0.660169 
6.1939 1.26917 
6.34998 2.13306 
4.74742801 2.66506612 
2.00699588 3.15778414 
5.23431345 1.62519161 
2.11702659 4.39832791 
1.25132452 3.70057713 
3.5770489 3.50666315 
4.83293965 1.57857661 
5.3320603 2.79317618 
5.91714108 2.18179315 
2.14854374 3.74115005 
4.23555109 1.0358658 
4.36567556 3.83012124 
1.03760367 3.14427582 
6.13552922 0.918327409 
3.97193908 3.72131415 
7.21842103 3.08085716 
6.58140533 3.44410807 
1.16073424 4.0694216 
4.08587556 2.38337119 
2.17050793 3.27664212 
3.50997071 1.98070088 
6.45717 1.65618 
5.98815 1.3978 
3.50683 2.79143 
6.78609 2.42172 
6.22095 0.610341 
6.2877 0.511692 
4.78481 3.3897 
4.20972 1.65567 
5.89178 0.933745 
6.12836 0.848083 
5.97367 0.859627 
4.39872 2.43236 
5.60854 2.61373 
4.32542 1.58739 
4.21659 1.17404 
4.18732 1.49694 
3.25294 2.04709 
3.42241 1.99403 
3.32911 2.16307 
3.53665 1.72497 
3.54488 1.6467 
3.16103 2.61357 
2.98295 2.13664 
2.90648 2.02445 
7.1715e-05 2.6223 
2.75143 2.58245 
0.0734669 3.52112 
0.523358 3.41363 
0.371671 4.01173 
1.81246 4.05954 
0.00228733 2.866 
0.788532 4.1624 
0.269502 3.91665 
0.140027 3.71219 
0.0393177 2.77415 
0.0230559 3.23465 
0.551062 4.10951 
0.000143176 2.51907 
0.322657 3.97079 
0.451644 4.06378 
0.218611 3.05207 
0.0037448 2.64215 
0.000715584 2.59125 
0.000243449 2.64574 
0.000408456 2.60601 
6.6218e-05 2.57238 
0.109566 2.8991 
0.191746 3.81009 
0.899502 4.16819 
0.351451 3.21839 
0.652448 4.13992 
1.38193 2.85427 
1.27828 3.25115 
1.35547 4.12704 
1.61857 3.38723 
1.69084 4.07484 
2.05679 1.9953 
2.3464 2.54628 
1.61705 2.37594 
1.80857 1.83893 
1.93471 2.39056 
2.52332 2.84269 
2.30663 2.43175 
1.93533 1.75674 
1.93177 2.16358 
1.90829 1.78855 
3.53401 1.45322 
5.42478 3.36957 
3.99503 2.76293 
3.61528 1.86565 
3.56959 1.04125 
3.5922 1.24817 
3.56379 1.01438 
6.87636 2.81776 
4.62133 2.78327 
6.05454 1.99914 
5.73161 1.43838 
5.98954 1.18461 
5.31358 2.1981 
3.36980554 4.3165346 
6.75364168 3.03551716 
1.92932841 3.57806351 
3.03118437 3.37440373 
3.14000995 3.78009575 
6.85794122 2.63373377 
3.42805225 4.01621465 
1.51747329 3.54360062 
0.552909273 3.39387613 
3.22168173 2.36845898 
6.14487169 2.16932988 
3.02835556 3.60904232 
4.99207489 3.27966929 
4.21892887 3.20505636 
6.07800314 3.55249514 
2.11975296 2.79578456 
5.06105188 2.78181767 
5.67316082 2.6373619 
4.77939282 2.65130585 
4.31214221 2.60468086 
1.65217544 4.12281484 
6.53941 1.85016 
6.40766 1.49821 
6.31504 0.973292 
6.28694 0.482033 
6.26728 0.784727 
6.28481 0.366373 
6.20461 0.469488 
6.23768 0.384003 
6.14865 0.437901 
6.07873 1.42117 
6.16581 0.858635 
6.09331 0.398245 
6.04498 0.614197 
6.01448 1.28816 
5.99247 0.845852 
6.01124 0.760082 
3.67888 2.66585 
2.98919 1.78653 
2.91036 2.30772 
2.98625 1.36433 
2.93982 1.54724 
2.72104 2.36922 
3.06591 1.53845 
2.83289 2.1145 
2.68223 1.53762 
2.63276 1.60339 
1.71417 2.48246 
1.59146 2.51226 
1.76481 2.59093 
0.826778 4.16549 
1.73394 2.05065 
0.883584 2.75478 
0.647163 3.54318 
0.946611 2.59258 
0.944856 2.32739 
0.981236 2.67244 
2.48808e-05 2.52711 
0.0828373 3.5558 
0.0492448 2.79723 
0.2939 3.94306 
0.278235 3.12865 
0.0150705 3.14826 
1.40914e-05 2.54389 
0.000582304 2.61665 
0.000438815 2.65455 
0.000512221 2.64779 
0.206093 3.83322 
0.152621 2.96221 
0.846724 3.74003 
0.53678 4.10406 
0.0942764 2.87435 
0.829743 2.89099 
0.996854 1.95688 
0.996335 2.10791 
0.993241 2.20914 
1.02659 2.08849 
1.58545 2.84948 
1.13283 2.92109 
2.00636 2.418 
1.87858 2.55294 
1.94732 2.9511 
2.81472 2.45852 
2.30977 2.6208 
3.12633 2.18892 
0.406824 4.03637 
1.51808 2.13333 
2.77438 2.00194 
2.99669 1.19424 
3.00713 1.68282 
3.04193 1.44361 
3.11 1.32946 
3.86398 2.14794 
3.01099 1.21472 
3.00255 1.36556 
3.09584 1.46133 
3.0081 0.9874 
5.64939 1.66061 
6.08423 1.25146 
5.9463 0.767191 
4.37517568 2.39830297 
5.2673679 3.03483537 
2.75342709 4.08947006 
1.83676293 3.99996662 
3.78651254 2.82437247 
1.6767793 3.11805577 
1.94635134 4.32622303 
4.88590357 3.36763043 
3.31295624 3.61557608 
5.08970685 1.24616968 
1.24816391 3.31580827 
5.35969066 3.57860554 
6.17059268 3.43801802 
6.90336261 2.77828619 
1.90956806 3.8080393 
5.02804271 1.09743515 
1.51004224 2.88036849 
7.51290248 2.71287391 
0.491748852 3.41566722 
6.6362008 3.10564879 
4.61083856 2.78057225 
6.1821 2.44868 
4.92665 1.97347 
5.17895 1.76779 
4.90471 1.78291 
5.2575 2.52968 
5.36396 1.80376 
4.96738 1.75389 
6.46909 1.68883 
6.25759 0.921955 
6.31906 1.01145 
6.12303 0.580933 
4.79797 1.94649 
5.00392 1.0319 
5.00448 1.14292 
5.16911 1.09205 
1.92094 4.04925 
4.24256 2.59136 
4.22645 3.04641 
4.93778 1.52613 
4.54076 1.49211 
4.53284 1.58349 
1.60898 2.54086 
1.76749 2.24569 
2.02814 1.95123 
2.15497 2.12413 
2.17332 2.41902 
1.75792 2.08285 
1.75728 1.85003 
1.73376 1.67145 
1.71593 1.7521 
1.70705 1.99149 
0.683582 4.14695 
0.844405 3.16784 
0.820733 2.52471 
0.975786 2.52062 
0.821639 2.50378 
0.136073 3.70362 
0.227323 3.86384 
0.30998 3.16814 
0.405609 2.4384 
0.43446 2.7401 
2.12182e-05 2.58427 
0.0133567 3.12516 
0.0234018 2.73654 
0.00154729 2.82588 
0.00022481 2.67972 
0.0822824 3.554 
0.822728 3.46568 
0.433956 2.44242 
0.490611 2.91625 
0.423397 2.25147 
0.615769 3.12516 
0.628997 3.24523 
1.16436 2.73407 
0.928056 2.446 
0.449585 2.60462 
1.55366 2.56151 
1.69542 2.48037 
2.23451 2.67632 
1.35265 3.49626 
1.68841 1.69932 
2.02989 2.34087 
1.70385 1.8664 
1.81797 2.1348 
1.94722 2.32975 
3.37333 1.82895 
3.5568 1.26157 
3.06815 1.6548 
3.243 1.95997 
3.24027 2.58607 
2.44104 2.84569 
3.65729 1.91681 
3.47457 1.31624 
3.524 0.9629 
3.19499 2.98023 
4.76689 3.00412 
6.03729 1.76776 
5.10302 1.92929 
5.97326 1.06389 
5.00991794 3.38433548 
3.78109413 2.62234504 
5.68136162 3.41107216 
1.86857203 4.17660389 
6.24819109 3.23537405 
6.14313311 2.64238119 
4.44139496 3.14581673 
0.901240836 3.46054727 
1.25657435 3.74380261 
2.21424993 3.44881908 
6.4642483 1.74770973 
0.800139198 3.57353673 
5.66978741 2.79548165 
7.22690888 2.82892761 
2.87985066 4.55445629 
4.3460628 3.17345017 
2.73637319 3.89633426 
4.74011845 2.05816123 
1.4444401 3.6359329 
4.83825302 2.94596875 
3.20819147 2.92945821 
6.39403 1.446 
6.25276 0.978278 
5.86229 2.5329 
6.21875 1.26668 
6.2792 0.490638 
6.2877 0.512371 
6.19221 0.682049 
6.26969 0.741882 
6.22718 0.437229 
6.23143 0.903609 
6.12421 0.211349 
6.03284 0.732181 
6.07514 0.596113 
5.97607 0.89256 
5.92914 0.992082 
5.82092 1.80967 
4.61213 1.8154 
4.37493 1.62617 
1.9209 4.04929 
4.26614 2.07291 
4.24216 2.26353 
2.88647 2.66365 
2.81614 2.36468 
2.75591 1.85518 
2.68325 1.81342 
2.5965 1.95186 
1.61366 2.6921 
1.54282 2.57736 
1.4924 2.53238 
1.47194 2.60656 
1.45414 2.21564 
0.752766 4.13175 
1.19235 2.56279 
1.13811 2.45615 
1.08148 2.38295 
1.05158 1.89927 
0.110255 3.63966 
0.400632 3.04191 
0.321182 3.18187 
0.417722 3.29394 
0.317498 2.63446 
8.3594e-05 2.5735 
2.92649e-05 2.58284 
0.0110584 2.69311 
8.11868e-05 2.61827 
0.000482838 2.5595 
0.184558 2.62032 
0.0954142 2.87667 
0.0259049 3.2526 
0.22219 2.9032 
0.388269 4.02227 
1.0454 2.29225 
1.01177 1.73552 
1.01938 2.07145 
0.884548 2.6601 
0.974203 2.48786 
1.0259 2.16962 
1.03737 2.12014 
1.8715 2.89178 
1.22258 2.49576 
2.35135 3.12307 
3.67214 3.95549 
2.15979 2.84581 
3.74736 1.13028 
2.14194 2.63067 
6.89233 3.36771 
4.35656 2.45841 
3.28363 1.92187 
7.10215 2.40503 
5.06624 1.02039 
3.75215 3.19235 
6.51524 2.17408 
3.78472 1.56488 
5.10781 3.02104 
3.65123 1.6554 
3.83137 1.50084 
6.04762 1.11512 
5.0606 1.24681 
5.92058 1.19234 
3.91145221 3.69087057 
2.29482036 2.67038884 
7.15868327 2.73112645 
5.1349857 2.32939778 
1.05114978 3.36722799 
3.46503153 2.07225246 
2.57924421 2.81164304 
4.51164326 3.12449801 
2.43976205 3.12440852 
3.19545515 4.30786751 
3.27925813 1.87987775 
3.11123441 3.86108456 
4.36079005 2.79127202 
5.73162485 1.95010575 
5.43233133 2.15457851 
4.02599897 4.12026116 
1.12213037 3.98375927 
6.212671 3.20524745 
2.0739347 4.38102539 
4.96270307 2.22815425 
5.25684013 2.27759178 
6.358 2.04841 
5.97884 1.79949 
5.94978 1.32172 
6.36022 1.29101 
6.17177 1.26275 
6.10096 1.34249 
6.32226 1.0406 
6.30747 0.890724 
6.25263 1.01761 
6.28269 0.975276 
6.24991 0.816717 
5.8224 1.11523 
6.32729 2.53894 
7.78312 2.53923 
3.57266 2.61695 
5.90594 1.07559 
3.15513 2.50523 
3.46235 1.55533 
3.45443 1.33435 
3.5247 1.2874 
3.46685 1.38783 
3.11736 2.4114 
3.07571 2.40271 
2.60638 1.49956 
2.58241 1.53925 
2.54992 1.63882 
2.07917 1.44894 
1.98482 2.22253 
1.84191 1.93697 
1.71007 2.15467 
1.65384 2.34222 
0.880514 3.36909 
1.12341 2.3994 
1.0762 2.45378 
1.11544 2.61646 
1.05231 2.42734 
0.122425 3.67136 
0.194324 3.8147 
0.322226 3.18303 
0.222627 3.05741 
0.233148 2.69391 
1.94279e-05 2.54448 
0.0167808 2.71667 
0.00205528 2.85558 
0.00102482 2.53132 
7.91595e-05 2.57099 
0.034277 3.32441 
0.0244194 3.24709 
0.151341 2.96035 
0.33022 3.97779 
0.206436 3.03531 
1.15128 2.21269 
0.50789 4.08993 
1.02539 2.42197 
0.97034 2.37735 
1.18939 2.47826 
1.44033 2.49321 
1.53388 2.70761 
1.40094 3.10512 
1.79801 2.70125 
1.73563 1.9185 
2.38909 2.45963 
1.88116 2.30867 
2.06744 2.00996 
2.88293 2.1623 
2.22454 2.12567 
2.70326 2.02508 
1.87512 2.83242 
5.33491 3.3738 
2.64159 1.56053 
3.82046 2.00107 
3.48237 1.30244 
3.53453 1.68069 
3.47038 1.01505 
3.4251 1.31132 
3.58783 2.2657 
5.95791 0.331185 
5.98601 0.583261 
5.91141 0.858918 
4.05156 2.05661 
4.41796 2.61507 
2.44222 4.13719 
0.24211 3.58868 
5.10614 3.00905 
3.34776 4.13529 
4.53592 3.1005 
2.66499 4.54461 
6.57202 3.51135 
3.35711 2.59116 
6.78677 2.50962 
6.2719 2.97974 
2.64243 3.43127 
2.05026 3.47623 
1.35369 3.54969 
5.31918 2.0383 
2.09365 2.51206 
7.20341 3.0331 
1.98351 3.51606 
3.4193 4.29365 
5.70886 2.05569 
6.249189 2.439157 
5.366673 1.721877 
5.446850 1.923082 
5.262766 1.373069 
5.224725 0.932161 
5.208521 1.282061 
5.107800 1.626901 
5.241644 0.568911 
5.236713 0.659765 
5.233000 0.808547 
5.252442 0.782668 
5.234261 0.966449 
5.256014 1.097007 
5.183726 1.257725 
6.560488 1.890886 
5.245782 0.766066 
4.372465 3.134234 
3.853867 2.444749 
4.243327 2.377680 
3.940618 1.791056 
3.878839 1.168159 
2.416108 2.301618 
2.552563 2.492789 
2.370574 2.222881 
2.314613 2.329063 
2.331161 2.057853 
1.106047 4.159332 
1.988621 2.385925 
1.958123 2.278405 
1.896677 2.332021 
1.859749 2.288457 
0.766692 2.597234 
0.793163 2.552575 
1.002137 2.940410 
0.835603 2.717378 
0.684745 2.768589 
0.236316 3.875902 
0.389101 3.183167 
0.453075 2.600345 
0.431347 2.853396 
0.467562 2.457258 
0.000137 2.557050 
0.032951 3.314608 
0.008125 2.678718 
0.003769 2.927769 
0.000031 2.595106 
0.509405 2.890191 
0.338849 3.012007 
0.507853 2.591053 
0.461529 1.967721 
0.451640 2.278135 
0.996365 3.466678 
1.248464 3.515300 
1.317797 3.945688 
0.735215 3.298337 
0.798176 3.373362 
1.690759 3.053453 
1.841028 2.308140 
1.948790 2.406935 
2.635830 2.912982 
1.718609 1.652068 
1.923858 2.842145 
1.670320 1.795783 
2.599123 2.285521 
1.703013 1.497345 
1.709251 1.868485 
5.569190 2.757661 
3.740260 1.517939 
1.706503 1.473924 
1.704444 1.437847 
4.672092 2.843015 
3.802101 1.683168 
3.744264 1.707377 
3.891891 1.482202 
3.871189 0.730850 
3.658136 1.953152 
3.868539 0.998380 
7.430899 2.500546 
4.011816 2.381787 
2.76541 4.20698 
2.93169 3.78149 
4.55629 2.81605 
5.80259 2.67193 
2.29185 3.22809 
4.85279 2.58151 
0.973102 3.2864 
6.18168 2.25652 
6.80101 3.18618 
5.09708 3.01603 
6.25096 1.50408 
5.35778 2.96164 
3.70871 2.5915 
3.83925 3.18909 
1.22047 4.04788 
2.87485 3.17987 
6.08496 3.35616 
2.80706 4.44236 
1.6887 3.95067 
4.6272 2.46336 
1.03995 3.84252 
0.049756 3.416684 
6.104271 1.824732 
6.485341 1.969827 
6.156520 1.059742 
6.093758 0.678379 
6.046791 0.783465 
6.290956 0.612594 
6.286541 0.466396 
6.229254 0.585601 
6.279012 0.425121 
6.248070 1.027451 
6.284446 0.340194 
6.285641 0.418364 
6.284902 0.377520 
6.283234 0.119106 
6.283658 0.249568 
6.114039 0.465567 
6.082889 0.518998 
6.080287 0.885619 
6.014233 0.716075 
6.041955 0.617364 
5.907531 1.700855 
5.596963 2.733622 
6.204420 1.868832 
5.934337 1.790503 
5.989154 1.492261 
4.778503 3.386250 
4.458172 0.902275 
4.461028 1.393302 
4.427153 1.456529 
4.528605 1.433628 
3.205873 2.479194 
3.110200 2.638830 
3.141792 2.185185 
3.035685 1.541995 
2.980807 1.810675 
0.490057 3.145866 
0.187706 3.803820 
0.392259 2.913605 
0.293460 3.147733 
1.406472 2.726148 
0.964048 3.165275 
0.443974 2.781305 
0.564710 3.065143 
1.090846 3.448838 
0.356748 2.456103 
0.319034 2.885058 
0.371732 2.703434 
0.353958 2.168917 
0.354143 2.325089 
0.343040 2.427719 
0.000271 2.605579 
0.010395 3.080516 
0.000133 2.626877 
0.001535 2.822338 
0.000150 2.625394 
0.188673 3.199565 
0.405719 2.691274 
0.426250 3.002375 
0.635014 3.444233 
0.486940 2.973103 
1.733156 2.342760 
1.189156 3.665380 
0.354911 2.245919 
1.223637 2.172169 
1.095483 1.789998 
1.295789 3.062059 
1.963001 2.900134 
1.113710 1.982463 
1.112821 2.315503 
1.097647 1.970703 
2.772267 2.337519 
2.299555 3.169405 
1.250776 2.462511 
3.793265 1.490610 
2.615269 1.754412 
3.197062 0.953129 
3.741689 1.997143 
3.114393 1.302406 
3.58784 3.21476 
1.44541 2.0856 
7.02212 2.95146 
4.79586 3.36976 
2.32773 3.30165 
2.44965 1.76027 
6.61962 3.38789 
4.19213 2.47694 
2.19071 4.19004 
2.24861 3.74389 
6.26353 3.6309 
1.03682 4.09309 
6.38392 1.45315 
3.57741 2.77552 
4.45261 3.33937 
3.89316 3.98566 
3.64894 3.85282 
3.89765 4.17258 
1.19592 3.49909 
6.47828 3.09158 
4.23924 2.21482 
0.412489 4.040189 
2.633430 3.098084 
2.219317 1.628016 
2.149311 2.276157 
2.203733 2.230148 
2.354247 2.079916 
6.630209 2.006408 
6.306704 0.881505 
6.217693 1.274271 
6.172135 0.583896 
6.276622 0.582105 
6.190500 0.503084 
6.089053 0.663918 
6.220577 0.406255 
6.209891 0.236642 
6.204958 0.639634 
6.209091 0.339523 
6.194703 0.228619 
6.186862 0.247730 
6.202404 0.169873 
5.895385 1.092443 
6.198185 0.335636 
5.806422 2.569905 
6.234882 0.312958 
6.190301 0.237823 
6.227819 0.147248 
6.026361 0.571540 
5.979252 1.151231 
6.045281 0.683054 
2.841012 1.995124 
6.147867 1.194102 
6.663121 2.736396 
2.643024 1.006455 
2.602844 1.792882 
2.789310 2.122710 
5.075737 3.528424 
2.401907 2.524491 
2.556271 1.987181 
4.406594 2.264453 
2.688529 1.816524 
2.664867 1.542702 
2.282765 1.779552 
2.313612 1.932592 
1.642746 2.896605 
2.067926 2.737413 
2.207384 1.729568 
1.601385 2.216430 
0.660899 3.557051 
1.320362 1.937087 
1.248220 2.151355 
1.347274 2.027136 
1.139107 1.935977 
1.080805 1.999715 
1.019116 1.958183 
0.969441 2.224562 
0.989205 2.262849 
0.307518 3.164958 
0.243201 3.171172 
0.019206 3.196372 
0.143673 2.827130 
0.109216 2.898366 
0.000057 2.611288 
0.003209 2.907127 
0.000023 2.531578 
0.000929 2.777960 
0.000127 2.641589 
0.186503 3.801895 
0.051553 3.426016 
0.031172 3.302235 
0.281852 3.930292 
0.116657 3.656665 
1.038069 2.203250 
1.073462 2.784721 
1.110115 2.632488 
0.974651 2.511032 
1.009017 2.352477 
1.303401 2.621540 
1.812115 2.680581 
1.254705 2.292292 
2.67231 4.54402 
5.82143 2.01139 
3.00829 2.48359 
2.94131 3.35339 
2.96497 3.87443 
2.81925 2.90048 
1.22248 3.91741 
6.41027 3.45105 
4.41755 3.45572 
4.78883 1.69809 
4.55449 2.5857 
5.19606 2.70458 
2.10618 3.3993 
6.6353 2.243 
4.92314 3.13727 
1.56621 3.57752 
4.89141 2.50602 
2.11684 2.61754 
3.80718 4.00554 
2.5178 4.49287 
6.62242 2.822 
0.486804 4.082025 
2.569374 1.479250 
2.561213 1.956658 
2.506337 1.551174 
2.434051 2.069264 
2.466054 1.801355 
2.607912 1.836107 
2.520182 1.769423 
2.552895 1.702840 
2.758111 2.164824 
5.449633 2.599580 
2.541307 1.562384 
5.844738 2.555612 
5.862297 2.532850 
2.564140 1.373649 
6.426098 1.561998 
6.517486 1.804522 
6.138494 1.768629 
6.264775 1.220119 
6.210405 1.349931 
6.317347 0.995250 
6.291269 0.880084 
6.273695 0.544628 
6.272775 0.676141 
6.249010 0.505046 
6.183075 0.524408 
6.225718 0.576436 
6.284211 0.313247 
6.066775 0.440311 
6.283098 0.108550 
5.866607 1.134795 
6.097917 0.262569 
6.080963 0.399504 
6.121785 0.313924 
6.111550 0.313255 
6.070689 0.538944 
6.047259 0.626765 
6.046351 0.600056 
6.069464 0.681069 
1.554016 4.095594 
6.001869 1.392166 
5.157928 2.823687 
7.415581 2.497857 
4.713630 2.220527 
2.562453 1.341708 
4.524119 2.283199 
2.559539 1.366751 
2.565984 1.192490 
2.569044 1.190644 
2.935891 2.766255 
2.567109 1.041384 
2.474946 1.628126 
2.464735 1.712559 
2.444453 1.882641 
2.430067 1.976702 
2.449782 1.844825 
2.010970 2.510788 
1.983433 2.408116 
1.974849 2.239631 
1.671769 1.927321 
1.610066 2.011280 
1.155794 2.926049 
0.737034 3.631977 
0.991198 3.079106 
1.056837 2.705010 
1.068675 1.988222 
0.000057 2.547801 
0.168667 2.984726 
0.026475 2.745833 
0.385201 3.258275 
0.026144 3.261871 
0.004538 2.951520 
0.000018 2.571484 
0.000036 2.563981 
0.000340 2.698589 
0.000082 2.575940 
0.647535 4.139009 
0.179371 3.789565 
0.079065 3.541875 
3.58621 3.62382 
4.33516 3.2527 
4.91186 3.07825 
4.79475 3.0703 
4.13744 1.95281 
1.10251 2.61066 
2.17534 3.0727 
2.5198 3.63046 
5.39334 2.88292 
6.15122 3.198 
7.49817 2.64999 
5.60166 1.95916 
2.76775 3.59233 
3.78776 3.96595 
4.05091 4.00683 
2.17591 3.64226 
2.56669 4.42135 
3.29075 3.11973 
6.18895 2.88889 
2.54177 2.19418 
1.70482 4.0144 
0.275552 3.923481 
1.024468 3.550779 
0.530874 4.101654 
0.818837 3.264960 
0.972538 2.028004 
1.168262 3.127572 
0.915169 2.573143 
1.572515 2.901436 
0.994002 2.051687 
0.989679 2.057978 
0.946172 2.178362 
3.175532 2.607487 
2.806472 2.541368 
1.964439 3.003244 
0.980942 2.056556 
0.979335 1.783647 
6.259116 0.903286 
4.724629 3.356321 
2.805367 2.260714 
5.319627 2.915883 
4.064768 1.214476 
3.991273 1.659758 
6.454064 2.069857 
4.062217 1.581529 
4.114017 1.748822 
3.953210 2.307302 
4.283321 1.976205 
6.364690 1.314234 
6.298795 0.772091 
6.249638 0.433249 
5.995686 0.961213 
6.184906 0.508065 
6.222681 0.587219 
6.068880 0.458485 
6.111716 0.361253 
5.712377 1.484932 
6.101366 0.495820 
6.128431 0.434539 
6.121020 0.675981 
6.095734 0.104839 
6.092446 0.214667 
6.033165 0.630634 
6.157097 0.475104 
6.080661 0.455123 
6.144757 0.467985 
6.088337 0.654981 
6.087334 1.096946 
5.993511 0.738624 
5.933254 0.945267 
6.093703 1.753625 
5.960017 0.869950 
1.832025 3.930807 
4.138207 1.440153 
4.073277 1.153099 
4.080899 0.955052 
4.072757 1.241281 
3.824013 2.077502 
4.002042 1.676243 
3.948984 1.709036 
2.582449 1.857623 
3.248323 2.293566 
2.537131 2.381090 
0.977544 1.860942 
2.751762 1.804006 
1.038316 2.303754 
2.592222 1.688036 
0.890493 2.548278 
1.755872 2.932348 
1.029792 2.537462 
0.582503 3.476605 
1.370572 2.786677 
0.975147 1.822111 
0.968693 1.670425 
0.963721 1.893921 
0.966180 1.809295 
0.965040 1.886744 
0.331440 2.339031 
0.305345 2.816421 
0.337472 2.747494 
4.12948 1.6215 
2.84889 4.12391 
5.54828 1.57135 
5.33828 2.91937 
4.45247 3.11053 
5.29697 3.41094 
2.05269 4.42641 
5.44516 2.48878 
1.85123 3.0335 
7.60401 2.60645 
5.49323 2.62368 
3.1767 4.29991 
5.96536 3.44259 
0.871004 4.02292 
1.73453 2.7857 
2.06735 4.06494 
2.75965 3.63554 
2.4939 2.91431 
5.79498 2.80307 
2.33059 3.4318 
4.58153 2.50972 
0.070031 3.507664 
0.133185 3.697201 
0.000079 2.597789 
0.015009 3.147511 
0.091976 2.871572 
0.011212 2.695134 
0.476997 4.077237 
0.640969 4.137361 
1.458448 4.110885 
0.393262 3.267686 
0.290448 3.939493 
1.042479 4.164384 
1.659553 4.079461 
2.322259 2.700180 
0.000787 2.751216 
1.198197 4.149256 
2.209163 1.813079 
2.062048 2.411796 
2.028296 2.644565 
2.257519 2.180632 
2.004941 2.191197 
2.247035 1.818130 
2.259516 1.566944 
2.297868 1.528673 
2.278437 1.597874 
2.259757 1.719162 
2.303853 1.686735 
2.358742 2.010526 
3.770119 2.427489 
2.373788 2.033743 
2.289856 1.676194 
6.517106 1.803766 
6.000004 2.237586 
4.563750 3.260065 
7.259122 2.461444 
4.040269 1.922889 
2.287494 1.314256 
5.498916 1.473771 
5.331644 2.153061 
5.642781 1.441118 
6.470311 3.180006 
5.536424 0.581274 
5.159254 2.087539 
5.527203 0.476637 
5.518715 0.909841 
6.126129 1.733651 
5.527082 0.624902 
4.953662 3.349158 
5.509245 0.822984 
5.839885 2.472266 
5.530560 0.539688 
5.537797 0.923490 
5.569237 0.967604 
5.394601 1.460217 
6.919912 2.453306 
3.597077 1.735564 
5.515167 0.797884 
5.543145 0.534335 
5.544415 0.797564 
5.528711 0.666590 
5.558714 0.991939 
4.320698 2.369746 
3.386115 1.073445 
3.399915 1.434328 
3.362651 1.621027 
3.277974 2.236207 
3.658479 2.068170 
2.602227 2.556798 
2.998415 2.891469 
2.285524 1.263671 
2.283969 1.312619 
2.266842 1.499794 
2.248744 1.650080 
2.252244 1.587828 
2.252072 1.648888 
2.274950 1.327195 
2.001570 2.332111 
1.924412 1.995393 
1.922184 2.174461 
2.9348 4.22223 
2.72981 2.70664 
2.56466 2.57974 
1.14988 3.79695 
1.40024 2.77823 
3.92588 4.06619 
5.01237 3.01809 
5.88586 1.48695 
2.77888 3.53758 
2.18951 4.44585 
5.40445 3.55236 
5.22541 2.08 
3.16776 1.60022 
4.8148 2.81714 
5.29831 2.61816 
3.85292 3.39403 
2.87831 4.01352 
6.52709 2.9016 
5.95454 3.4345 
7.04625 2.53386 
1.17668 2.91417 
0.176548 3.784720 
1.071214 2.306011 
0.969534 3.182216 
0.951233 3.051423 
1.146634 1.896125 
1.033169 1.904757 
0.421737 3.594299 
0.306752 3.955875 
0.388457 3.530025 
0.259515 3.105107 
0.342224 3.207333 
0.000066 2.605813 
0.009590 3.066940 
0.046592 3.399860 
0.001963 2.617991 
0.000055 2.604594 
0.001147 2.793922 
0.104300 3.623260 
0.068393 2.832539 
1.178314 4.151711 
0.144443 2.950451 
1.139230 2.667709 
1.162277 2.490691 
1.012563 2.044132 
1.030628 2.108982 
1.003295 2.237605 
1.470321 3.291818 
2.123273 2.942598 
1.117210 2.377807 
1.062855 2.323405 
1.344188 2.469809 
3.816957 2.746507 
4.241245 2.648838 
5.861571 2.533259 
3.390708 2.945385 
1.921164 4.048962 
3.086607 1.811080 
6.644886 2.027743 
3.192855 2.244432 
3.316822 2.410560 
3.420231 1.519333 
6.541553 2.465259 
7.783159 2.539164 
6.337304 1.440958 
5.732112 1.698085 
5.984204 1.733785 
6.116004 0.851532 
6.269882 0.738764 
6.054557 1.586931 
5.641317 1.591638 
6.034403 0.777563 
6.120887 0.734801 
6.077756 0.766555 
6.177059 0.450591 
6.194934 0.133214 
6.187963 0.446427 
6.210230 0.183965 
6.180878 0.883466 
6.197300 0.135988 
6.851598 3.392674 
6.195756 0.224490 
6.178557 0.264014 
6.250228 0.428718 
6.280216 0.443910 
6.264207 0.396544 
6.182190 0.322785 
1.843661 2.312250 
6.101009 0.491937 
3.271341 4.063803 
6.070001 0.506474 
1.651348 1.797618 
3.255991 1.308989 
2.438910 2.902618 
3.246299 1.388975 
3.292291 1.769554 
3.246706 0.991063 
5.394939 2.197647 
4.854246 3.426275 
5.159448 2.822230 
3.8487 2.87082 
5.92632 1.80741 
3.15886 3.94737 
5.2457 3.06908 
0.839831 3.36774 
3.74778 2.26036 
1.766 3.69771 
4.49632 2.84763 
3.49241 1.77086 
5.71686 1.44036 
2.34769 2.46428 
5.47011 0.929568 
4.48043 2.39847 
3.22002 2.57644 
6.37508 2.2646 
4.31169 3.74106 
5.44217 2.28943 
5.34842 2.50941 
3.64743 3.89875 
1.48366 4.10382 
1.54407 3.58478 
0.068775 3.503253 
2.704380 2.749059 
2.743436 2.325228 
2.961876 2.743545 
2.635027 2.103021 
2.586465 2.157105 
1.577708 3.021489 
2.233732 2.242402 
2.149959 1.567379 
2.089699 2.007750 
1.927160 1.864298 
0.648222 4.139155 
0.320127 3.180437 
0.455978 3.041271 
0.727161 2.982377 
0.638463 2.827366 
0.411076 3.064539 
0.484369 2.177106 
0.471385 2.185968 
0.470732 2.405760 
0.463711 2.330071 
0.000009 2.562037 
0.007861 2.668160 
0.002486 2.875541 
0.000003 2.529239 
0.000512 2.702642 
0.109871 3.638637 
0.435187 4.054321 
0.536939 2.822261 
0.491509 2.537982 
0.452283 2.535502 
1.244519 3.478387 
1.144068 3.390383 
0.902317 3.380350 
0.522243 2.634465 
0.641934 3.058367 
1.884655 2.538074 
2.046269 2.321301 
2.241192 3.093757 
2.138530 2.396665 
0.630479 3.094230 
7.783142 2.539175 
2.655131 2.813687 
2.518004 2.570196 
2.405234 2.370502 
3.437076 2.987610 
3.227578 2.103709 
6.395615 3.004716 
5.457195 3.647648 
6.362508 3.370795 
4.786276 1.851540 
6.446709 1.626203 
5.972672 1.934918 
5.337725 2.341260 
6.990053 2.348262 
5.612873 2.521375 
5.405908 1.539184 
5.476637 0.800646 
5.569090 1.803530 
5.385376 1.221687 
5.677431 1.590357 
5.492435 0.978466 
6.156783 0.958793 
5.463541 0.525950 
5.458961 0.805521 
5.328772 2.071425 
6.274912 0.629449 
6.159181 0.699602 
6.228380 0.508641 
6.286577 0.466115 
6.259697 0.541931 
6.203650 0.591266 
6.276878 0.360886 
6.280024 0.629811 
6.282488 0.275045 
6.284494 0.356309 
5.467869 0.836856 
6.053992 0.691491 
5.452656 0.934525 
4.39197 3.0534 
4.44004 3.62356 
5.71617 3.43025 
3.95981 3.65893 
0.811142 3.65425 
2.09906 3.60273 
6.70303 3.27505 
2.6687 2.94051 
1.90643 3.85693 
3.85562 3.11727 
1.40718 3.6371 
1.14349 3.74414 
4.52742 2.41329 
2.23996 4.43612 
5.83301 2.1586 
3.4221 3.23075 
6.76943 2.22527 
6.58197 2.8176 
5.45049 1.69008 
2.15188 4.13946 
5.29166 3.17903 
0.000080 2.589563 
5.619609 2.310746 
5.414838 1.397032 
6.548616 1.868191 
5.387683 1.392260 
5.415604 1.503219 
4.396067 2.093596 
4.335918 1.785131 
4.428250 2.352820 
4.198892 0.923377 
4.127973 1.499429 
0.103177 3.620035 
1.403004 4.119678 
3.078977 1.989606 
3.102603 2.233069 
3.224235 1.779853 
2.645221 3.083425 
0.048881 2.796453 
2.132386 2.825501 
1.896408 3.243686 
2.081550 1.938495 
0.589817 4.122926 
0.000144 2.554979 
0.298185 3.153634 
0.142489 2.947726 
0.010037 2.685348 
0.089049 2.866504 
0.025785 3.259382 
0.410343 4.038834 
0.228551 3.865570 
0.210742 3.041763 
0.000004 2.550391 
0.000026 2.524952 
0.000237 2.562614 
0.000284 2.683032 
0.000283 2.647200 
0.010081 3.074294 
0.290713 3.939783 
0.682575 4.146771 
0.162307 3.758392 
0.060449 3.468112 
0.998527 4.166732 
1.186469 4.150757 
0.778913 4.161260 
1.157734 2.090212 
1.363664 2.440304 
1.979660 2.818318 
1.323068 2.930423 
1.709552 2.653520 
1.077669 1.942921 
1.093804 2.393120 
2.472388 2.478796 
1.088053 2.412639 
1.933286 2.639308 
2.513138 1.830108 
5.862133 2.532967 
3.671330 1.906540 
7.783119 2.539186 
3.352330 2.397346 
2.861593 1.932832 
2.441153 1.704710 
4.174471 1.353038 
6.251065 0.996556 
4.173090 1.240474 
5.201435 2.291840 
4.224841 1.233286 
6.028493 1.278242 
7.265082 2.463104 
6.187082 1.457691 
6.183739 0.209801 
6.140318 0.937191 
6.218518 0.539777 
6.276553 0.583917 
6.234124 0.235203 
6.203094 0.357261 
6.214901 0.887913 
6.131187 0.368370 
5.926368 1.013709 
6.243966 0.296346 
3.66413 3.70842 
2.70974 2.93917 
4.61616 2.44935 
2.41846 2.19219 
2.40064 4.32519 
5.66661 1.83532 
4.22654 2.36194 
1.67445 3.84746 
4.7943 2.74121 
6.631 2.42376 
4.1204 2.64091 
3.09294 3.12622 
4.5053 0.830403 
5.22599 2.90671 
6.29608 3.42023 
4.64582 3.09966 
2.03077 3.57791 
0.878045 2.92216 
1.56459 4.16063 
5.97439 2.85601 
4.38443 2.4147 
0.095672 3.597773 
4.681769 2.465179 
4.793958 2.169925 
4.359692 1.853575 
4.490333 1.279054 
4.515596 1.242443 
4.518496 1.099755 
6.408197 1.500056 
5.214425 3.580359 
6.162723 1.580524 
6.626376 2.000742 
4.500698 0.990303 
4.484788 1.158002 
4.500359 0.841184 
4.496197 0.990256 
4.463954 1.606555 
2.200253 2.630171 
2.666026 1.449679 
2.790833 1.724824 
2.636291 1.367638 
2.692379 1.846355 
2.592032 1.783486 
2.595083 1.518871 
2.556290 1.430715 
2.527880 1.743386 
2.499416 1.920759 
2.002141 1.786318 
1.723050 2.461775 
1.828669 2.292479 
1.853159 2.124083 
1.848929 2.269811 
0.590181 4.122949 
0.768459 2.550936 
0.783288 3.203932 
0.706019 2.735904 
0.814865 2.197399 
0.381352 3.335238 
0.391979 3.266152 
0.260499 3.906129 
0.471108 2.640056 
0.449360 2.372430 
0.000125 2.635967 
0.013615 3.129232 
0.000002 2.537569 
0.000023 2.583768 
0.000151 2.646651 
0.432137 2.668305 
0.123168 2.919087 
0.398544 2.736743 
0.671510 3.288398 
0.486027 2.625841 
1.205519 3.517351 
1.028368 2.776273 
0.646621 3.147131 
1.190073 2.926502 
0.804509 2.307207 
1.624361 3.070327 
1.983612 2.472196 
1.728906 2.022801 
1.826498 2.413705 
1.666736 1.615950 
2.276426 2.440221 
1.724269 2.337526 
3.000634 2.433900 
2.441101 2.843189 
1.939075 2.337904 
2.584853 1.752446 
2.608177 1.748387 
3.751223 4.295560 
7.783047 2.539239 
5.283200 2.173358 
6.623517 2.839853 
6.123073 1.941581 
2.922285 2.324276 
3.687092 2.980890 
5.877965 2.153078 
5.244514 2.716182 
3.573067 2.026879 
5.525973 2.146311 
4.29888 2.01789 
1.46749 4.15029 
3.51444 2.20616 
4.87953 2.20173 
6.45783 3.52978 
0.488418 3.84432 
6.48825 2.15273 
5.84437 3.59085 
2.64466 4.11013 
1.09018 3.74622 
6.08095 2.73504 
4.54197 3.49358 
1.87477 3.17089 
6.51424 3.37475 
1.5667 2.66274 
3.05403 4.3093 
3.15806 3.89687 
4.65853 1.83454 
1.92249 3.64951 
6.44256 2.41869 
4.68671 2.6114 
0.135251 3.701922 
4.046512 2.554739 
4.728691 2.212750 
7.067134 2.389159 
4.552377 1.715209 
4.466309 2.307150 
4.570702 1.514510 
4.583402 1.302554 
4.560419 1.448812 
4.618953 0.726987 
4.635490 1.042195 
4.628456 1.127427 
2.958071 2.746827 
4.617066 0.891445 
5.862180 2.532950 
1.716093 4.071483 
6.328769 1.092804 
6.426419 1.563049 
6.215309 0.787382 
5.901067 0.777406 
6.084063 0.721334 
4.611520 0.822249 
4.616557 0.699802 
4.467701 3.198244 
4.626007 0.994415 
4.602660 1.079018 
3.226215 2.682765 
3.686470 1.990720 
3.779902 1.776442 
3.722272 2.125032 
3.900077 1.180916 
2.149064 2.819811 
3.245165 1.864194 
3.103116 1.778865 
2.998800 1.960122 
2.937494 1.954169 
1.704600 1.834445 
1.793253 1.629678 
1.743429 2.029100 
1.724591 1.908102 
1.711391 1.610628 
1.243675 2.609706 
1.013285 3.485376 
0.896563 2.620257 
0.838999 2.859219 
0.588141 3.482426 
0.000208 2.545068 
0.010191 3.077286 
0.270062 3.917282 
0.117120 2.910499 
0.013834 2.705952 
0.000128 2.630138 
0.040030 3.362005 
0.000093 2.607003 
0.000082 2.602152 
0.000313 2.686874 
0.458162 4.067376 
0.775546 4.161044 
0.198574 3.821530 
0.704526 4.150510 
0.282435 3.134032 
1.186529 2.393954 
1.406788 2.145197 
1.424314 2.754087 
1.153696 2.948880 
1.115176 2.349666 
1.482645 2.336611 
1.681709 2.483335 
1.426502 2.050887 
1.480024 2.462042 
1.886918 2.475183 
2.271308 2.662415 
1.793408 1.991070 
1.924646 2.593627 
1.705504 1.524142 
2.616712 3.467796 
1.715751 1.925110 
4.599054 2.904257 
2.975865 1.872935 
3.29188 4.24853 
1.90211 4.02992 
4.15085 3.43871 
5.09001 3.16456 
6.68557 2.88841 
3.21751 4.16613 
4.63378 3.40304 
4.82383 3.32208 
3.20626 3.56801 
1.962 3.3451 
1.89649 2.54324 
4.89122 3.20066 
3.5208 3.07865 
6.25583 1.9554 
3.27151 2.01094 
5.69836 3.35884 
3.27605 2.73271 
5.76684 2.3992 
1.83126 3.71354 
4.91 2.2647 
1.44071 1.81717 
0.583866 4.120919 
6.615669 1.984380 
1.499297 2.067089 
1.536416 2.593087 
6.562072 2.354126 
1.854426 2.529750 
0.687305 3.583365 
6.215733 2.185504 
1.380443 2.205415 
3.541313 2.605343 
6.337862 1.296364 
6.207395 1.175445 
6.220586 0.576065 
6.180513 0.576052 
6.206306 0.147464 
5.985702 2.023476 
6.213512 0.628363 
6.103727 0.488087 
6.280072 0.441767 
7.709497 2.630357 
6.202642 0.171553 
6.144774 0.317929 
6.041957 0.694511 
6.167267 0.198028 
6.125900 0.404477 
6.239988 0.286220 
6.051589 0.972038 
6.091543 0.979591 
6.061549 0.640704 
6.101716 0.830560 
5.983752 0.879963 
2.919056 2.266293 
3.013692 2.092943 
5.906929 1.707794 
5.877534 1.598853 
1.313002 2.865358 
2.868243 2.865185 
2.390189 2.946373 
3.143835 2.117992 
1.376033 1.977131 
1.431939 1.740955 
1.432812 1.594877 
1.433314 1.787033 
2.568076 1.501125 
2.339871 2.652902 
3.938076 2.586597 
1.432888 1.594963 
1.436468 1.641543 
1.441376 1.896682 
1.427595 1.558808 
1.427589 1.616752 
1.077597 2.640205 
0.975768 2.393797 
0.897607 1.928070 
0.827352 2.072292 
0.903514 2.353452 
0.000166 2.629975 
0.169161 2.985419 
0.096094 3.598286 
0.019261 2.724022 
0.376336 3.247884 
0.000153 2.657078 
0.003171 2.634308 
0.024599 3.248844 
0.000074 2.553598 
0.007012 3.016095 
0.455622 4.065821 
0.055306 3.444567 
0.038489 3.351946 
0.374427 4.013841 
0.075381 2.844495 
0.812388 2.596965 
0.858432 2.313413 
0.845213 2.508442 
0.873842 2.423413 
0.900853 2.029769 
1.624387 2.281122 
1.750834 2.425881 
1.301826 2.300717 
3.92662 2.99908 
6.27813 3.5406 
6.70816 3.15492 
3.4955 3.6286 
4.80119 2.41155 
0.130551 3.34434 
4.24867 3.57028 
6.80603 2.62669 
2.12947 2.82449 
6.22219 3.17942 
5.65685 2.24034 
2.28418 3.63371 
5.82254 3.2959 
5.04014 3.24392 
2.92343 4.13668 
0.952869 2.68868 
3.27256 2.93714 
3.11713 2.55975 
3.31049 4.40369 
1.00863 3.37807 
3.05197 3.68208 
0.240764 3.881639 
2.256923 2.959230 
2.768394 1.570550 
2.648187 2.214127 
3.050511 2.675593 
2.831165 1.699818 
2.971229 1.857129 
2.805867 1.888026 
2.806064 1.039342 
2.812276 1.092297 
2.814409 1.281933 
2.807904 1.124816 
5.394677 0.831753 
5.955651 2.077044 
5.834499 2.485312 
6.459325 1.662271 
5.184754 2.218772 
5.430181 1.114702 
5.468293 1.693616 
5.373220 1.101663 
5.214274 1.653976 
5.401983 1.037684 
6.204939 1.957955 
5.380297 0.446485 
5.862371 2.532640 
5.371788 0.716631 
5.375954 0.767085 
5.327940 1.564994 
1.767748 4.064760 
7.593420 2.523124 
6.193268 1.424350 
6.872860 2.269409 
3.964595 2.082635 
5.018753 2.906523 
5.673617 1.738379 
5.833609 2.819388 
5.385287 0.584463 
5.355658 0.928414 
5.356912 1.059453 
5.375033 0.709387 
1.016332 3.882116 
2.808146 1.273917 
2.803587 1.091859 
2.817657 1.456817 
3.760048 2.215335 
2.892885 2.030993 
2.808735 1.120544 
2.804372 1.057319 
3.337298 1.945652 
2.800464 1.193679 
2.805873 1.101833 
2.700645 1.862356 
2.690395 1.705843 
2.663912 1.675501 
2.651758 1.786102 
2.661927 1.773216 
1.778030 2.672142 
1.717737 1.701471 
1.697295 2.167306 
1.659960 1.756795 
1.616641 1.866731 
0.608120 3.503232 
1.000849 2.579653 
0.948701 2.383239 
0.688490 3.489206 
1.008955 2.559550 
0.281842 3.133298 
0.280224 3.103088 
0.322840 2.736300 
0.378135 2.499647 
0.410523 2.707714 
0.000031 2.588195 
0.000008 2.531546 
0.013061 3.121331 
0.000259 2.683387 
0.000021 2.579680 
0.125020 3.677831 
0.536892 4.104030 
0.079138 3.542550 
4.84052 3.3206 
5.07101 3.32093 
1.76144 3.49029 
3.35737 3.34612 
2.60045 3.64658 
6.25431 2.22298 
5.9186 3.41056 
2.67793 3.47145 
6.15055 3.23095 
2.56087 4.57141 
5.16128 3.15867 
1.95558 3.20217 
4.51677 3.24889 
1.31285 4.02622 
6.24033 1.03646 
0.792053 3.09614 
4.42577 3.04526 
2.31261 3.22796 
5.15505 2.74496 
5.35459 2.6016 
3.34543 2.93633 
0.159459 3.752814 
0.931698 2.855264 
0.935909 2.803506 
0.935841 2.172073 
1.123487 3.041999 
1.221369 2.798002 
0.910960 1.787154 
0.894109 2.180517 
0.709284 3.241150 
0.918286 2.096900 
1.548123 2.954277 
3.780816 2.723939 
2.847742 2.227734 
2.491715 1.895698 
2.625850 2.458592 
2.926933 2.774254 
2.493442 1.810091 
2.561693 1.430596 
7.783075 2.539201 
2.608099 1.871724 
2.594389 1.602590 
6.892618 2.284244 
7.217243 2.724923 
5.909172 1.539374 
2.566894 1.151987 
5.707090 1.777244 
6.405744 1.491025 
6.112581 1.334943 
5.855675 2.537112 
6.232216 0.376771 
6.062200 0.670241 
6.233379 0.655634 
6.146533 0.415242 
6.194280 0.333825 
6.121718 0.486432 
6.207096 0.535718 
6.185010 0.338162 
6.189690 0.332037 
6.165265 0.368227 
6.175150 0.341732 
6.193488 0.270759 
6.135752 0.385870 
6.280148 0.447346 
6.253524 0.373043 
6.214651 0.190396 
6.159535 0.417942 
6.073403 0.961461 
5.992880 0.824066 
2.109645 3.120624 
6.059823 1.005427 
6.035718 0.710679 
2.559936 1.375534 
3.911666 2.395406 
2.558472 1.395426 
2.710473 2.242810 
2.569158 1.177016 
2.567368 1.128717 
2.537996 1.705360 
2.565502 1.205679 
2.576120 1.433273 
2.570257 1.314608 
2.284040 2.355046 
2.388010 1.987632 
3.020609 2.437378 
2.353370 1.921849 
2.444944 1.677935 
0.881679 2.264471 
0.910604 1.718589 
0.912499 1.848568 
1.061750 2.619406 
1.745682 3.930214 
0.909792 1.857529 
0.559497 3.451984 
0.909457 1.715401 
0.908585 1.785793 
0.909321 1.712059 
0.008138 3.039446 
0.286815 3.071068 
0.361152 3.229748 
3.55437 3.79413 
3.49327 2.25154 
5.30424 1.68606 
5.12801 3.25651 
0.402457 3.69534 
6.28316 2.56141 
4.96487 2.44152 
1.81316 4.21071 
6.4752 2.97811 
3.16657 4.51303 
4.03565 2.68536 
2.07539 3.14508 
6.32121 3.59349 
1.68955 3.47441 
2.75094 2.63673 
2.52381 4.38536 
6.31796 1.46153 
5.16412 2.33634 
3.46265 3.64221 
1.7363 2.86784 
5.28582 2.32112 
0.000062 2.620888 
0.092532 2.872362 
0.041637 3.371659 
0.007468 2.665851 
0.004563 2.948033 
0.113722 3.649165 
1.925381 4.042933 
0.723482 4.154089 
0.400947 4.032684 
1.288996 4.136722 
0.944894 4.168315 
1.692509 4.074761 
0.750819 3.645300 
0.955284 3.249362 
0.573728 4.117672 
1.277596 3.200341 
2.068557 2.838401 
2.197044 1.862070 
2.047616 2.797951 
2.068030 2.213530 
2.083335 2.458292 
2.212930 1.487758 
2.434665 2.591506 
2.201874 1.626169 
2.205645 1.525365 
2.623379 2.670793 
3.161515 3.002530 
2.338850 2.084490 
2.215923 1.627861 
5.862292 2.532899 
2.212366 1.394012 
5.239166 1.709443 
4.916075 2.572772 
6.396863 2.049141 
5.516008 1.921621 
4.737592 2.335336 
6.472558 1.697827 
6.067931 1.349724 
6.022775 1.480484 
6.338711 1.163612 
6.294787 0.964083 
6.183446 1.022650 
6.261624 0.820808 
6.203350 1.097862 
6.290867 0.611289 
6.286394 0.458931 
6.065251 0.391886 
6.083247 0.307084 
6.086701 0.475382 
6.082542 0.415352 
6.035285 0.605602 
6.097017 0.399649 
6.087716 0.313104 
6.072967 0.477155 
6.072292 0.156482 
6.117298 0.504251 
6.111166 1.133060 
6.093297 0.919603 
5.981997 1.540919 
5.839271 2.152561 
6.081998 0.722870 
5.463776 2.144185 
5.230274 1.336729 
5.767868 1.841169 
2.164368 2.031899 
2.215926 1.249448 
2.216585 1.216616 
2.216864 1.328069 
2.217296 1.266600 
2.236312 1.616589 
5.322946 2.982395 
2.222841 1.428916 
2.185510 1.710533 
2.192607 1.650551 
2.176045 1.777800 
2.184321 1.613586 
1.545072 3.499731 
1.972519 2.101679 
1.944857 2.252898 
4.74743 2.66507 
2.007 3.15778 
5.23431 1.62519 
2.11703 4.39833 
1.25132 3.70058 
3.57705 3.50666 
4.83294 1.57858 
5.33206 2.79318 
5.91714 2.18179 
2.14854 3.74115 
4.23555 1.03587 
4.36568 3.83012 
1.0376 3.14428 
6.13553 0.918327 
3.97194 3.72131 
7.21842 3.08086 
6.58141 3.44411 
1.16073 4.06942 
4.08588 2.38337 
2.17051 3.27664 
3.50997 1.9807 
0.264570 3.910929 
0.989439 2.004629 
0.920763 2.903793 
1.164955 2.520435 
0.987802 2.336054 
0.585870 3.480070 
0.000147 2.522438 
0.102066 2.887420 
0.029841 3.291971 
0.471954 4.074656 
0.006865 2.670330 
0.081249 3.550184 
0.007337 3.022616 
0.000035 2.564872 
0.000125 2.636588 
0.000032 2.570962 
0.776105 4.160327 
0.456716 3.020424 
0.302691 3.159199 
0.046813 2.792259 
0.560410 2.397258 
0.815941 3.119224 
1.248548 2.656744 
1.451154 2.792729 
1.065120 2.589488 
1.089105 2.389320 
2.509590 3.257034 
1.825102 2.932812 
1.602524 2.859736 
0.938133 2.399969 
1.737754 4.068445 
3.571589 2.616439 
3.039357 3.062385 
2.965360 1.768633 
2.574451 1.959679 
2.712589 2.086584 
7.392755 2.493438 
3.873843 2.456700 
4.523178 2.757858 
2.758971 1.860420 
3.071189 2.074323 
6.502077 1.770235 
5.679353 2.700048 
5.156966 2.911598 
4.031335 2.681307 
4.170630 1.439037 
6.006522 2.148944 
5.839484 1.354070 
6.089596 1.091041 
6.299290 0.779520 
6.121139 0.723121 
6.225431 0.780179 
4.888766 1.941984 
6.159578 0.867630 
6.285955 0.436117 
6.271889 0.234976 
6.269282 0.401141 
6.256692 0.342336 
6.270260 0.322596 
5.354442 2.162810 
6.276579 0.139807 
6.265904 0.481327 
6.272471 0.611378 
6.281678 0.352748 
6.284426 0.334130 
6.244723 0.502005 
6.228652 1.565211 
6.200001 1.026682 
4.236553 1.201213 
7.670176 2.530535 
6.009338 0.737780 
3.750961 2.561561 
4.245819 1.125820 
4.261094 1.492726 
4.215624 1.207696 
4.239413 0.760278 
2.934187 1.433921 
2.964609 1.634213 
3.286529 1.586275 
3.36981 4.31653 
6.75364 3.03552 
1.92933 3.57806 
3.03118 3.3744 
3.14001 3.7801 
6.85794 2.63373 
3.42805 4.01621 
1.51747 3.5436 
0.552909 3.39388 
3.22168 2.36846 
6.14487 2.16933 
3.02836 3.60904 
4.99207 3.27967 
4.21893 3.20506 
6.078 3.5525 
2.11975 2.79578 
5.06105 2.78182 
5.67316 2.63736 
4.77939 2.65131 
4.31214 2.60468 
1.65218 4.12281 
0.115679 3.654294 
3.093245 2.648487 
2.865593 2.279712 
2.716255 2.533501 
2.919329 2.105898 
2.960673 1.758872 
1.727525 2.528139 
1.564619 2.739519 
1.801318 2.153347 
1.877491 1.607016 
1.774450 1.952630 
0.798332 4.163198 
0.709386 3.276476 
0.894887 2.207716 
0.956458 2.714946 
0.924013 1.766723 
0.314403 3.173351 
0.362521 2.122673 
0.302922 2.634876 
0.407924 2.551922 
0.894308 3.613494 
0.000094 2.598665 
0.006904 3.013381 
0.000963 2.780730 
0.010601 2.690805 
0.001206 2.602570 
0.073357 3.521382 
0.370664 2.645418 
0.340386 2.699378 
0.456919 3.075396 
0.131971 2.932443 
0.659531 3.449940 
1.274003 2.819268 
0.888214 2.303262 
1.124180 3.103505 
0.918896 1.957257 
1.782369 3.000123 
2.003607 2.871301 
1.600724 2.954223 
2.057189 2.438222 
1.606522 2.040890 
1.862161 2.150490 
2.537457 2.836442 
1.891959 1.893215 
1.844569 2.125222 
1.807277 1.879705 
3.228460 1.925465 
1.952917 1.975782 
5.195467 3.573834 
3.103476 1.640090 
6.221579 1.245165 
6.486723 1.733714 
6.743742 2.151182 
5.870761 2.323407 
7.783015 2.539364 
7.519688 2.514218 
6.137477 0.950613 
5.978470 1.808463 
6.267438 1.136376 
6.164269 0.751685 
5.954491 0.927217 
6.040975 0.919773 
6.157505 0.306870 
5.203773 2.409605 
6.152800 0.517845 
6.150333 0.400270 
4.108973 2.948034 
6.281349 0.378028 
6.248797 0.124837 
6.237980 0.215278 
6.252685 0.273897 
6.202383 0.210148 
6.216578 0.330227 
6.191653 0.400190 
6.263992 0.422612 
5.317878 2.589606 
6.057484 1.348704 
6.034305 0.705977 
5.996378 0.910968 
4.37518 2.3983 
5.26737 3.03484 
2.75343 4.08947 
1.83676 3.99997 
3.78651 2.82437 
1.67678 3.11806 
1.94635 4.32622 
4.8859 3.36763 
3.31296 3.61558 
5.08971 1.24617 
1.24816 3.31581 
5.35969 3.57861 
6.17059 3.43802 
6.90336 2.77829 
1.90957 3.80804 
5.02804 1.09744 
1.51004 2.88037 
7.5129 2.71287 
0.491749 3.41567 
6.6362 3.10565 
4.61084 2.78057 
0.116708 3.656843 
4.909801 2.086575 
5.252002 1.922372 
5.043326 1.140918 
5.149001 1.653527 
5.125124 1.191925 
4.195299 2.819110 
4.833816 2.157821 
4.352993 2.678048 
5.138442 2.306037 
4.763274 2.306346 
1.510841 2.191186 
0.787589 4.162275 
1.750683 2.056783 
2.382721 2.814174 
1.694823 2.010496 
1.615930 1.850388 
1.603803 1.827736 
1.572974 1.521585 
1.551821 2.069803 
1.570550 1.726459 
0.555272 3.447866 
0.802744 2.469174 
0.834128 1.829051 
0.841279 1.988193 
0.933732 2.824006 
0.270985 3.918274 
0.404672 2.554055 
0.428038 2.672137 
0.422112 2.386738 
0.440205 2.636014 
0.000120 2.627568 
0.010387 2.691300 
0.010250 3.078252 
0.038898 3.345851 
0.000099 2.585452 
0.163369 2.977358 
0.513079 2.956454 
0.777310 3.435249 
0.444537 2.173653 
0.481553 2.576819 
0.642282 3.222545 
1.111157 2.859028 
0.945020 2.646751 
0.636263 3.108376 
1.254367 2.959716 
1.881300 3.128874 
2.064073 2.551923 
1.589877 2.325051 
1.464727 3.032325 
0.815640 2.309362 
3.743791 2.701854 
1.921023 4.049130 
3.167427 2.671887 
1.577970 1.615281 
6.163736 1.575103 
4.166896 3.603083 
6.102172 2.266070 
1.802298 2.284773 
3.861394 2.169592 
4.402640 2.929288 
6.719809 2.123954 
7.025078 2.367783 
5.061639 1.187060 
5.120831 1.715141 
5.512268 2.060636 
4.993107 1.353840 
6.136441 1.147526 
5.508356 2.240410 
4.991149 1.553254 
6.352329 1.368745 
6.262994 1.635475 
6.209798 0.793013 
6.213738 1.014330 
6.196420 0.768494 
6.222163 0.611700 
6.239079 0.413834 
6.248542 0.187046 
6.256908 0.648878 
5.00992 3.38434 
3.78109 2.62235 
5.68136 3.41107 
1.86857 4.1766 
6.24819 3.23537 
6.14313 2.64238 
4.44139 3.14582 
0.901241 3.46055 
1.25657 3.7438 
2.21425 3.44882 
6.46425 1.74771 
0.800139 3.57354 
5.66979 2.79548 
7.22691 2.82893 
2.87985 4.55446 
4.34606 3.17345 
2.73637 3.89633 
4.74012 2.05816 
1.44444 3.63593 
4.83825 2.94597 
3.20819 2.92946 
0.101872 3.616241 
6.218737 1.267153 
5.995059 2.182595 
6.289355 0.568387 
6.204619 0.698623 
6.308259 0.900082 
6.244493 0.802017 
6.136810 0.746188 
6.152395 0.315808 
6.131438 0.688322 
6.090273 0.540313 
6.190856 1.485093 
6.006900 0.773444 
6.008415 1.161019 
5.953703 0.976875 
7.081517 2.395719 
4.560792 1.500519 
4.322090 1.941889 
4.234240 2.293513 
4.356916 1.665236 
4.369749 1.748712 
2.815861 2.560882 
2.831315 1.707703 
2.619920 2.490801 
2.905764 1.816168 
2.769977 1.693048 
1.602314 2.742005 
1.556493 2.588652 
1.541987 2.281646 
1.527675 1.688225 
1.611073 2.386566 
0.939364 2.840930 
0.851093 2.537642 
0.738282 2.557245 
0.282097 3.930575 
0.751976 2.580679 
0.301020 3.157139 
0.365864 2.905439 
0.341476 3.156266 
0.413877 2.360951 
0.422317 2.539167 
0.000061 2.606664 
0.015500 2.711354 
0.000024 2.553461 
0.003039 2.628961 
0.000054 2.600881 
0.288968 2.453784 
0.030182 3.294573 
0.304900 2.734716 
0.337264 2.873455 
0.394593 2.821995 
1.155996 2.968935 
1.155694 3.215604 
0.609842 3.100165 
0.516042 3.030098 
0.786900 3.155976 
1.975511 2.570389 
1.526281 2.246158 
1.404609 2.806073 
2.125542 2.668085 
1.814293 2.318680 
2.626436 3.106829 
3.704400 1.835453 
1.579899 2.310263 
2.302349 2.819823 
1.520635 1.588095 
4.369401 2.588359 
2.920771 2.147792 
3.750818 1.639103 
3.193746 2.151636 
2.816673 1.562389 
4.589380 1.802629 
4.496229 0.833727 
4.361299 2.389918 
6.545240 2.188153 
4.485780 0.944271 
5.775031 1.356250 
4.485384 1.183442 
4.475926 1.195618 
3.91145 3.69087 
2.29482 2.67039 
7.15868 2.73113 
5.13499 2.3294 
1.05115 3.36723 
3.46503 2.07225 
2.57924 2.81164 
4.51164 3.1245 
2.43976 3.12441 
3.19546 4.30787 
3.27926 1.87988 
3.11123 3.86108 
4.36079 2.79127 
5.73162 1.95011 
5.43233 2.15458 
4.026 4.12026 
1.12213 3.98376 
6.21267 3.20525 
2.07393 4.38103 
4.9627 2.22815 
5.25684 2.27759 
0.337492 3.984158 
6.339184 2.030589 
5.935210 1.470089 
5.946923 1.780093 
6.058867 1.362875 
6.366052 1.321011 
6.263270 1.260015 
6.275493 1.066307 
6.271018 0.887090 
6.297157 0.743392 
6.291672 0.630583 
6.287174 0.491239 
6.280616 0.422528 
6.283842 0.272173 
6.282431 0.276581 
6.272974 0.675811 
6.237962 0.424852 
6.265193 0.324061 
6.149958 0.449130 
6.123238 0.384474 
6.151631 1.025334 
5.788950 1.319617 
6.282483 2.535076 
7.783137 2.539169 
5.883974 1.092055 
5.820901 1.244756 
3.202830 2.028910 
3.373480 1.705496 
3.623166 2.638470 
3.329019 2.067627 
3.542879 1.006217 
2.946664 1.880973 
2.749785 1.462052 
2.675266 1.659164 
2.621647 1.295666 
2.593629 1.519798 
2.023002 2.200960 
1.948306 2.676914 
1.991173 1.925274 
1.938852 1.802797 
1.906280 1.432664 
0.810500 3.338001 
1.096059 2.138231 
1.172348 2.782058 
1.065367 2.621862 
1.097940 1.980557 
0.112340 2.902927 
0.123908 3.675038 
0.296624 3.151628 
0.136340 2.938747 
0.087644 2.864706 
0.000051 2.614049 
0.023878 3.242562 
0.000019 2.574359 
0.000218 2.596510 
0.005735 2.985745 
0.022967 2.735912 
0.218987 3.849725 
0.771406 4.159940 
0.002303 2.628410 
0.573614 4.117235 
1.391562 3.244999 
1.028456 2.153469 
1.006473 2.331719 
1.037420 1.836673 
1.005960 1.878112 
1.499102 2.806370 
1.031769 2.066839 
2.041760 2.982823 
1.691886 2.844120 
1.051628 2.220911 
1.941401 1.932872 
2.372102 2.631296 
4.713806 2.798743 
1.889561 1.895231 
3.613413 2.415211 
2.774641 2.292912 
2.693309 1.831985 
2.680351 1.919374 
