-0.436214746 4.22444511 
0.171843387 4.24926804 
2.27919454 2.13915479 
0.795435581 3.62600431 
-2.20394147 3.54930939 
2.82811863 2.88620906 
1.72157237 3.42863322 
1.24786089 2.8653782 
-0.898498037 2.78913498 
2.58378632 3.07368534 
2.40483668 3.11963632 
-1.12709085 4.89839414 
-0.365854963 3.75649609 
0.749044769 3.32626706 
-3.0703764 4.64555915 
-1.74723139 3.8140752 
-2.1234078 3.10380159 
1.41551637 3.44191586 
-1.31892963 3.44437709 
-2.63566707 4.30335393 
-0.0544334365 3.78638349 
0.260206821 3.00499377 
-1.39075899 3.08015005 
1.89675507 1.98713875 
1.1571874 2.96382689 
-1.89486463 2.65613424 
3.10525781 1.33844342 
-0.657029843 3.55253055 
2.00385351 3.49131665 
0.482099131 3.93399347 
-2.80992034 4.73332876 
-2.40162916 4.31695815 
3.14155 2.39436 
3.10527 0.346124 
3.14158 0.78499 
3.14157 0.682264 
2.95902 1.41586 
3.11536 0.703211 
3.10531 1.75334 
3.12871 0.551172 
3.11117 0.515441 
3.10546 0.729975 
3.06898 1.15594 
3.06529 1.01062 
2.76687 1.97624 
3.14151 1.34248 
3.00521 1.0907 
2.7088 2.70011 
-3.14159 4.01586 
1.89658 2.50118 
2.18667 1.50137 
1.90761 2.49462 
-1.8588 2.4367 
-1.81994 2.61728 
-1.70493 1.72217 
-1.69169 2.01854 
-1.70487 1.60038 
-1.66407 1.73641 
-1.70488 1.79051 
-1.69531 1.5797 
-1.68653 1.67542 
-1.69832 1.47388 
-1.7169 1.83887 
-1.7201 1.89388 
-1.7312 1.89133 
-1.75019 1.98825 
-1.75218 1.73401 
-3.14154 4.57576 
-3.14151 2.66389 
-3.14151 3.42687 
-3.14152 2.39374 
-2.85336 2.32213 
-2.97588 2.85775 
-3.14141 2.0791 
-3.14159 4.05119 
-3.14158 3.79531 
-3.14158 2.87182 
-3.14157 3.82212 
-3.14159 4.14465 
-3.14159 4.24157 
-3.14159 3.49393 
-3.14159 3.08766 
-3.0195 1.87067 
-3.14152 1.39876 
-3.14157 1.65632 
-3.06856 1.93592 
-2.95433 2.40162 
-3.1415 1.5103 
-2.51588 3.3179 
-2.13628 3.21799 
-2.73484 3.08058 
-3.14156 2.25639 
-3.14157 1.87696 
-3.13494 1.30228 
-3.13051 1.24073 
-3.12683 1.37957 
-3.13078 1.45283 
-1.01869 2.94881 
-3.13052 1.26121 
-1.69838 2.91872 
-0.526969832 3.06950289 
0.537979688 3.14684378 
1.99882909 3.68131102 
-2.76983274 3.80759302 
1.06651802 4.0729703 
2.63012667 3.24996934 
2.2386455 3.08210588 
-1.78545983 2.60848192 
0.0856188463 3.29762917 
-1.66215178 3.72591464 
-1.26984512 4.76899937 
-2.35478723 3.93736384 
-1.01597768 4.13640112 
-3.08804172 4.12813703 
-2.48494844 3.56470217 
-0.30844009 3.86970577 
2.76625087 4.09787446 
-1.98154888 4.35693353 
3.00030981 3.32364724 
0.741406078 3.25895885 
1.86902101 3.11352951 
-2.7111992 3.58485079 
1.31549434 4.27484423 
0.93206189 2.70296008 
1.51287299 3.25882057 
-1.44281815 3.48974812 
2.41283875 3.34474441 
0.360596268 3.32305035 
1.71687694 3.90519945 
-0.133256649 3.54442875 
-0.752566758 4.84869326 
-0.976524936 3.77865969 
-1.78546 1.99842 
-1.7855 2.60198 
-1.75378 1.83429 
-1.70133 1.9775 
-1.88652 2.4087 
-1.75301 1.97889 
-1.75379 1.94834 
-1.75802 1.51579 
-1.76429 1.72515 
-0.423655 4.00937 
-1.75801 3.12064 
3.14157 3.09359 
-1.75801 1.54296 
-1.75792 2.9912 
-1.75802 1.46512 
-1.75726 1.69093 
-3.1415 4.86445 
-1.75802 1.32591 
2.69959 1.68502 
-1.75738 2.1024 
-3.14148 3.83013 
-1.74698 1.46679 
-1.75802 1.80847 
-1.75802 1.33605 
0.815759 3.5177 
-1.22126 4.1068 
-1.75802 1.91613 
-1.75802 1.14624 
-1.75802 1.25685 
-1.75801 2.51421 
-1.78473 2.37553 
-1.76184 1.78467 
-1.79134 1.82536 
-1.78557 2.40934 
-2.1977 3.04475 
-2.28138 2.57228 
-2.39029 2.82009 
-2.28232 3.22308 
-2.28128 2.48714 
-2.19167 2.27074 
-3.14158 3.86401 
-3.14158 4.01761 
-3.14154 2.84347 
-2.92652 2.78665 
-2.90984 3.10582 
-3.14154 3.68585 
-3.14158 4.39664 
-3.14159 3.58999 
-3.14156 3.48369 
-3.14158 3.28405 
-3.14159 2.62201 
-3.14155 2.27457 
-3.14159 2.15919 
-3.14151 2.68849 
-3.14159 1.71423 
-3.14159 1.60782 
-3.14156 2.77088 
-3.14159 1.49348 
-3.06976 1.88186 
-3.14157 1.37437 
-3.14156 1.24049 
-3.14155 1.31463 
-2.64879 3.1659 
-3.13429 1.35455 
-3.14159 1.15542 
-3.14158 1.48425 
-0.666204 2.59406 
-3.14159 1.5475 
-0.421375377 3.81958608 
0.707766448 3.26010016 
1.91481319 3.37921751 
1.4035656 2.47492988 
-0.966284452 2.36754875 
-2.3860163 4.11525477 
-1.48465514 2.45060154 
0.394242482 4.18767573 
-2.05762009 3.98061326 
-1.88036994 3.51690809 
-1.24147119 3.7588221 
2.89705124 3.08739841 
-2.31868314 4.76382559 
-0.249243816 4.03076167 
-1.70317094 4.09514492 
-2.69431627 3.91992512 
-3.00907664 2.53483732 
2.38913355 3.06450185 
0.0532332159 3.42030741 
-0.0244667257 3.84639253 
-1.07022781 4.08514352 
2.01561691 2.99780202 
2.18621498 2.50588596 
3.02251619 3.22696519 
0.328791485 2.7345496 
-0.597151139 4.08348296 
-2.9428471 4.09156098 
1.69534336 3.28481043 
1.14537824 2.61076388 
0.973573574 3.11080884 
1.37068003 3.94868795 
2.5908101 2.57625269 
-1.48416 2.0602 
-1.01078 2.9288 
-1.87273 2.92087 
-1.34559 1.98496 
-1.23233 2.38199 
-1.47042 2.19275 
-1.36878 1.69599 
-1.38033 1.70373 
-1.36886 2.12012 
-1.38033 2.048 
3.14151 1.56249 
2.95256 1.95925 
3.14155 1.35977 
3.14155 2.21302 
3.14137 0.991819 
-1.38038 1.81097 
-1.3681 1.84901 
2.57485 4.24237 
0.250223 3.89663 
1.736 2.38762 
-3.14155 2.75115 
-1.36964 1.75247 
-3.01448 4.17872 
-1.3688 2.58119 
-1.37042 1.62925 
-1.39984 1.74257 
-1.37285 1.78894 
-1.41322 1.82455 
-1.39164 1.67179 
-1.39653 1.86088 
-3.14159 2.21103 
-3.09354 2.48381 
-3.14154 1.71202 
-3.14155 2.29445 
-3.14157 1.91571 
-3.14158 1.5664 
-2.56652 3.2924 
-3.14156 2.60743 
-3.14156 1.85065 
-3.14156 1.29339 
-3.14159 4.40202 
-3.14157 2.56418 
-3.14158 1.34031 
-3.14158 3.32359 
-3.14157 3.87312 
-3.1415 3.9103 
-3.14157 3.66917 
-3.14156 3.00929 
-3.14155 3.73564 
-3.14159 3.71711 
-3.14153 1.65872 
-3.14159 1.52661 
-3.14147 4.72211 
-3.10863 1.66783 
-3.14159 4.74001 
-3.13966 1.1872 
-3.13954 1.88592 
-3.13725 1.28826 
-3.13965 2.7876 
-3.14026 2.74592 
-1.48459 3.28527 
-3.14159 1.17924 
-1.97199 3.49772 
-1.62565 4.10424 
-3.14158 2.59202 
-0.678386 3.03284 
-0.880949 4.95459 
-3.14 1.30657 
-0.512130463 3.45065217 
1.07390275 3.74162306 
1.63444775 3.21474381 
2.46965168 3.80158931 
-3.08479132 2.41603659 
-1.7075377 3.92631849 
1.27157906 3.14109573 
-0.932034967 4.55673568 
2.06253936 4.20919273 
-0.146536697 3.47027316 
-2.87528961 4.240772 
-0.765144315 3.6017467 
3.06855932 3.39199277 
1.40415573 3.38767681 
2.89184158 3.50320407 
-1.78980913 4.09346876 
-2.28151923 3.26971514 
-2.0730627 2.40393884 
0.126563222 3.86759 
0.691538734 3.57308168 
0.905513431 2.86697028 
-1.4938964 3.43223152 
-1.21109181 3.85090525 
2.55374082 1.93410218 
-0.378688807 3.62733561 
0.44298176 4.31416127 
1.83160742 4.19260237 
-1.17294701 3.64366046 
0.273438883 2.43641973 
2.25956109 3.76342536 
-2.42013113 3.85739278 
-2.60092485 2.29776502 
-3.14159 3.87019 
2.9623 1.12781 
2.8563 1.87651 
3.14148 1.04231 
3.14155 0.964684 
3.14148 1.26983 
3.14152 1.90426 
3.09635 1.02402 
3.14157 1.34617 
3.12601 0.880542 
2.61925 1.95072 
3.01388 1.01285 
2.98177 0.855961 
3.04798 0.971176 
2.96821 1.4036 
-2.12775 2.9236 
-2.60709 2.69968 
-2.60095 2.69925 
2.63815 2.27785 
-2.79741 2.60891 
-2.51684 2.23758 
-2.3964 2.36033 
-3.14158 3.30934 
-2.51684 2.06552 
-2.51673 2.10108 
-2.50132 2.80976 
-2.44036 2.20741 
-2.12173 3.03796 
-2.51988 2.07283 
-3.07583 2.9626 
-2.52439 1.67227 
-2.52408 3.78449 
-2.58433 2.33685 
-2.00623 4.07253 
-2.52444 2.26195 
-2.94249 3.26743 
-2.67437 2.67487 
-2.60094 3.31877 
-3.08491 4.31326 
-2.53227 1.97746 
-3.14159 1.65906 
-3.14158 1.49522 
-2.83751 2.76081 
-3.14157 1.75235 
-3.14157 4.82327 
-3.14158 4.39691 
-3.14155 3.76643 
-3.14158 3.91144 
-3.14159 4.29761 
-3.14159 3.73791 
-3.14137 2.31043 
-3.14158 1.90774 
-3.14159 3.8486 
-3.11684 1.69348 
-3.14152 2.42364 
-3.14159 1.57678 
-3.14158 1.45963 
-3.14159 1.77593 
-2.07261 4.1121 
-3.13564 1.12193 
-1.2959 3.01896 
-3.13564 2.76481 
-3.13632 1.20518 
-3.13378 1.25737 
-0.746664 4.03348 
-3.13561 1.35412 
-3.1411 4.86467 
-0.877302 3.23137 
-0.210186467 3.69841581 
1.24368951 3.64564065 
1.55043185 3.64921844 
-1.29196619 3.84142955 
-2.1170281 3.84491008 
0.29484271 3.13512832 
0.0194925838 4.1609965 
1.76015123 3.5056827 
3.06920804 1.71264598 
2.05143804 3.72365609 
-0.149070433 2.52730946 
-2.50437948 4.11315839 
-2.82378164 4.44906596 
-2.69645449 4.65256914 
-3.05054674 3.94965698 
1.00387569 3.2831928 
2.53798324 2.99353305 
-1.12789792 4.18448034 
1.886031 2.69059375 
-0.948097203 4.36378706 
0.798001727 2.429764 
-0.472198969 3.50272617 
-1.47939519 3.2592485 
-1.62785385 4.39678584 
2.65657586 4.14076296 
-2.21238845 4.47201634 
-1.91265604 3.81299391 
2.32058797 2.60629018 
2.8981166 3.35106276 
0.518762587 3.8942982 
0.634594922 3.68226829 
-0.678893442 4.18518991 
3.14158 0.637894 
3.14156 1.68557 
3.14138 1.1478 
3.14151 1.0238 
2.67601 2.21824 
3.14158 0.684012 
3.14156 0.521324 
3.14157 1.00175 
3.14143 0.630439 
3.14157 1.77175 
3.14158 2.68678 
3.07465 0.904442 
3.10813 0.66305 
3.09184 0.77698 
3.12439 0.439452 
2.48655 2.44665 
2.32069 3.46538 
3.14156 2.60013 
0.966592 2.46168 
1.45165 2.50448 
-0.357833 2.84596 
0.798006 2.1158 
0.797986 2.65681 
-0.148757 1.94028 
-0.315132 2.3168 
-0.932881 2.81069 
-1.12787 3.10049 
-0.527834 2.34352 
-0.70593 2.7016 
-0.573542 2.49188 
-1.68735 2.23955 
-1.97075 3.19489 
-1.8763 2.68641 
-1.55924 1.89559 
-1.69603 2.26656 
-3.14159 4.54084 
-2.50439 3.17163 
-3.08291 3.54609 
-2.49383 3.1461 
-2.54993 3.61612 
-3.14149 2.56293 
-3.14158 3.33453 
-3.14159 3.6028 
-3.14159 2.83946 
-2.91782 4.02043 
-3.14159 4.32486 
-3.14151 4.35824 
-3.14154 4.32741 
-3.14157 3.86355 
-3.14159 4.0113 
-3.14156 2.28828 
-3.14159 3.39985 
-3.14159 2.77338 
-3.14158 2.85437 
-3.14149 2.25299 
-3.14158 1.19145 
-3.14152 1.63212 
-3.14158 2.6443 
-3.06729 1.96357 
-3.14155 1.40661 
-3.13848 1.23736 
-3.14035 1.23486 
-3.14157 2.75856 
-3.14154 1.52056 
-3.14157 1.68225 
-3.13641 1.38222 
-0.780511 3.41526 
-1.54109 3.32015 
-0.300941553 3.62908217 
1.41347627 3.2930147 
1.27006641 3.45415419 
-1.45176447 3.48852146 
-2.16506275 4.07174377 
-1.82093417 3.80912405 
0.289190762 3.04678485 
0.964471846 3.95217155 
2.33610916 3.82784978 
-2.94284456 3.69349835 
-2.50984282 2.76725565 
-0.620598431 3.24593723 
1.87891128 3.82919251 
0.449636349 3.93764201 
0.752234715 3.77365926 
-0.490611235 3.14614351 
-1.18725202 4.10784684 
-3.0079219 3.33522121 
-2.07361216 4.55465176 
2.75957851 1.99888032 
-2.64677745 4.1794116 
2.49328874 3.21086951 
-1.1135868 4.26498073 
1.72113556 2.78826101 
3.13827514 2.30433124 
-0.0810910122 4.26049288 
1.1392431 3.23016308 
-0.787304201 2.80355842 
2.7337327 2.558817 
2.07923712 2.76675908 
0.189704656 3.81788501 
-1.65932174 2.90184074 
3.14153 1.64977 
3.08691 1.30477 
2.99926 0.686628 
3.14155 0.877898 
2.80671 1.71761 
3.0029 1.16404 
2.99927 1.00996 
2.99943 0.596805 
3.04008 0.960581 
2.99755 0.748051 
3.00655 1.43945 
3.08939 1.27575 
2.96793 0.786781 
2.99967 0.872895 
2.9815 0.646349 
-1.65932 2.91252 
2.75961 2.14489 
2.50108 2.30159 
2.56186 1.37767 
2.99209 3.1176 
-1.66229 2.4285 
-1.66233 1.86049 
-2.10957 3.20629 
-1.5946 1.47081 
-1.58482 1.60331 
-1.59828 1.64048 
-1.55887 1.63828 
-1.58665 1.84288 
-1.58493 1.38368 
-1.59244 1.23543 
-1.72438 3.57147 
-1.66125 2.03353 
-1.65731 2.23973 
-1.66328 1.58709 
-2.57588 3.23575 
-2.55474 2.76397 
-3.14128 4.41108 
-2.4448 2.64401 
-2.41229 2.87572 
-2.49982 1.92093 
-3.14155 3.29698 
-3.14159 3.63099 
-2.8663 2.96485 
-3.14157 2.05519 
-3.14157 3.21341 
-3.14159 4.04896 
-3.14148 3.42503 
-3.14158 3.02567 
-3.14159 3.93763 
-3.14159 4.24252 
-3.14159 1.68407 
-3.14158 4.4421 
-3.14158 1.58682 
-3.08349 1.91458 
-3.14156 4.3815 
-3.14148 1.66804 
-3.14159 1.94649 
-2.51261 4.34541 
-3.14158 1.29792 
-3.14151 1.33927 
-3.14156 1.19738 
-2.49816 3.43046 
-3.13245 1.39832 
-3.14159 2.76063 
-3.14156 1.99261 
-1.13341 3.21245 
-1.59456 2.06701 
-0.834329 3.43926 
-0.391696638 3.12919331 
1.77961257 3.75158024 
-2.79249895 3.70446054 
-2.53444085 4.29472757 
-2.56465551 4.08914144 
2.48580353 1.90835094 
2.66804774 2.53946821 
-1.0707465 2.39615165 
0.747020968 3.05214683 
1.60891965 3.78038843 
0.180861181 3.66242927 
-3.06015727 3.71267215 
-2.25517394 3.31112221 
2.27186584 3.66906709 
1.55036676 1.72397015 
1.17949712 2.49145118 
3.02817548 2.39445389 
1.16316594 3.82723277 
-1.59890261 4.36168442 
-2.13086251 4.84303795 
2.87582956 2.55804429 
-1.54326053 4.6337603 
2.0321355 2.95881181 
-0.922597906 2.51243774 
-0.527085775 3.77026936 
0.350972088 4.12546901 
-0.688071504 2.90565507 
-1.24301868 3.86365451 
0.865824226 3.98231866 
-0.151763939 3.89246848 
0.539315556 4.14226146 
-1.777779 3.39518504 
1.5518 1.89877 
2.50365 2.14567 
1.53613 1.37967 
1.45595 1.80313 
1.53611 1.82312 
1.62659 0.942918 
1.66829 1.22045 
1.62654 0.927111 
1.62127 0.843685 
1.62127 1.03587 
1.6166 0.973377 
1.63457 0.992987 
1.6229 0.881559 
1.62075 1.39352 
1.87012 2.04696 
1.47694 2.13344 
3.14159 3.58868 
1.45689 2.73448 
1.37686 1.85117 
1.32837 1.48624 
-0.922807 3.13585 
-1.05756 2.42093 
-1.07153 2.30273 
-1.07462 3.30394 
-0.954789 2.36611 
-1.11441 2.49913 
-0.783334 2.60895 
-1.01644 2.51732 
-1.07149 1.97187 
-1.07149 1.80318 
-3.11313 3.72291 
-2.25502 3.62369 
-2.66604 3.84248 
-3.14133 2.17896 
-3.14156 1.52967 
-3.14155 1.92339 
-3.14153 1.81813 
-3.14143 2.07467 
-2.99636 2.22885 
-3.14157 1.29097 
-3.14159 4.19178 
-3.14154 2.50171 
-3.14153 2.73636 
-3.14159 1.48459 
-3.14153 4.52331 
-3.14151 4.15359 
-3.14159 3.28516 
-3.14159 3.3341 
-3.14158 3.74558 
-3.14159 3.80044 
-3.14158 2.22014 
-3.14153 4.86431 
-3.14157 4.40594 
-3.11456 1.65132 
-3.14158 3.9364 
-1.88749 3.09892 
-3.14157 1.29832 
-3.1415 1.99073 
-3.14159 1.71558 
-2.61833 2.65365 
-3.14156 1.19921 
-2.50618 3.41943 
-3.13947 1.28099 
-0.738895 3.82726 
-3.14156 1.11619 
-3.14157 1.20783 
-3.14157 1.08734 
-3.14157 1.15383 
-0.286102184 4.38422337 
2.14574887 3.54994428 
0.636085075 4.40873043 
2.86241761 3.3413651 
-2.96424828 3.59554455 
-2.42391822 3.46241943 
0.814885526 3.48790185 
-2.03288628 3.40320959 
-0.645717681 3.7788948 
-2.23531951 3.93504298 
2.39920601 3.95292696 
2.7418209 3.58201656 
-1.77254329 4.69448689 
-1.47114069 3.8411474 
2.30397786 2.78743079 
-2.89117513 3.16950728 
0.163807201 4.06186228 
1.02439851 1.70188823 
0.211881525 4.23944886 
1.6211043 2.88195281 
1.33773653 3.33361535 
-0.399322528 4.23643866 
-0.805719655 4.09387125 
3.02965932 3.56641374 
-1.75449962 4.43307259 
-1.18459492 2.85851369 
1.57067068 3.5525838 
-0.18184515 3.84917261 
0.435651796 3.32168973 
-2.74022786 4.02224438 
1.87644923 1.79791457 
-1.06875899 4.67114543 
1.02446 2.18663 
1.07656 2.27574 
1.87647 2.36302 
2.2151 2.22822 
0.945351 1.62104 
0.97722 1.67938 
0.961674 2.39575 
0.945263 1.37343 
0.891617 1.98312 
0.94546 1.76635 
1.02436 1.53782 
1.0176 1.6868 
0.962421 1.78228 
1.28176 2.46989 
0.949839 2.59437 
0.979821 1.68592 
0.94532 1.72932 
0.945258 1.14608 
0.954435 1.38618 
1.00397 1.8462 
-1.17377 2.34307 
-0.964817 2.535 
-1.1846 2.66375 
-3.14157 4.60952 
-1.167 2.51944 
-1.15904 2.10042 
-1.13132 2.14384 
-1.26949 2.36261 
-1.1549 2.00907 
-1.15491 2.04729 
-2.6217 2.71585 
-1.92789 2.39204 
-1.87936 2.86801 
-2.0629 2.62227 
-2.41788 3.15051 
-2.55978 2.67056 
-2.70447 2.73644 
-2.63079 2.55112 
-3.14157 3.30964 
-3.14154 3.48712 
-2.84078 3.0331 
-2.82602 2.94417 
-3.14157 4.06423 
-2.75102 3.61997 
-2.73769 4.15339 
-3.14155 4.31382 
-3.14159 4.41695 
-3.14159 3.40846 
-3.14159 3.78969 
-3.14158 2.63514 
-2.96982 2.99244 
-2.81026 3.17165 
-3.14157 2.69287 
-3.14156 2.39385 
-3.14158 2.17338 
-3.08964 2.10955 
-3.12133 1.68725 
-3.14159 1.63699 
-3.14158 2.76043 
-3.14146 2.03442 
-3.14156 1.35176 
-3.04485 2.03314 
-3.14157 1.2575 
-3.14157 1.11807 
-1.52 3.48655 
-3.14157 1.21477 
-3.14158 1.45648 
-0.71386 2.97639 
-0.180507729 4.37527778 
2.51188517 3.87030491 
0.428970079 2.69547434 
1.77974123 3.48091925 
2.72299472 3.31057361 
-2.53097511 3.74544277 
-2.6641058 4.56408224 
2.0329489 2.34780629 
-2.03845633 3.31246324 
1.23085706 3.96393733 
-2.24932488 4.52934994 
2.20675737 3.90073099 
-0.579359265 3.82239192 
-1.57795876 4.47559718 
-1.8518326 3.35959461 
2.8908651 2.72916807 
-0.386784754 3.38502876 
3.03687106 2.68734994 
-3.06767957 3.62737042 
0.316964602 3.82035377 
1.74737204 1.80612657 
0.88930121 3.14861561 
-1.41070502 4.11932665 
-1.08462739 3.73775355 
1.13072254 2.68604102 
0.16096688 3.38706474 
0.70637619 4.17252113 
-0.716538798 4.60311305 
-1.32406754 2.73334148 
-2.91551465 3.04802429 
1.46882289 3.99709211 
-0.938888293 4.07527781 
2.33779 2.73622 
1.65046 1.63838 
1.65221 2.31135 
1.73418 1.31814 
1.73464 1.88825 
1.75234 1.32379 
1.40784 2.09607 
1.76478 1.19606 
1.7957 1.47903 
1.76481 1.43775 
1.76196 1.35029 
1.7615 1.10755 
1.75967 1.05489 
1.76043 1.04126 
1.75883 0.984353 
1.64919 2.33033 
-2.33674 3.25458 
1.64941 1.15799 
1.75931 3.0542 
1.66519 2.33369 
-1.11394 2.72564 
-1.47047 3.81486 
-1.32262 2.11938 
-1.37546 2.18046 
-1.3179 1.88985 
-1.13409 2.68916 
-2.39253 3.90001 
-1.31787 2.22587 
-1.3183 1.6611 
-1.31796 2.0817 
-1.64559 2.20579 
-1.78278 1.94818 
-1.8591 1.9732 
-1.88246 1.75538 
-1.91788 2.28586 
-2.6501 3.00401 
-2.7829 2.90922 
-3.14159 3.54215 
-2.86169 3.44419 
-2.57892 2.43754 
-3.14155 2.31913 
-3.14155 3.69832 
-3.14153 2.81687 
-3.03015 3.04666 
-3.14159 1.4983 
-3.14158 3.84501 
-3.14158 3.20629 
-3.14156 4.21716 
-3.14158 3.5944 
-3.14159 3.08581 
-3.1415 1.6458 
-2.78982 2.84332 
-3.11243 1.2978 
-3.10945 1.69005 
-3.11299 2.85238 
-3.14153 1.6005 
-3.11244 1.6355 
-3.11235 1.95591 
-3.11377 2.50281 
-3.09965 1.58494 
-3.11749 1.3803 
-3.1124 2.5767 
-3.11245 1.89744 
-1.88183 3.21705 
-3.11265 1.39497 
-0.342546 2.92062 
-1.77181 3.26905 
-3.11158 1.33598 
-0.0749132737 2.81417867 
2.68167193 1.68595482 
0.344954177 4.27899628 
-0.857800522 3.1056635 
-2.97234871 3.70510605 
-2.25962585 4.37602234 
1.34058029 3.87069152 
-0.696866672 3.92596315 
-1.18955175 3.56732385 
2.40911578 2.92750631 
1.00613735 3.4173279 
0.973116204 2.67388207 
2.30684654 3.29544564 
-0.994360294 4.44740195 
-2.90661283 4.30991331 
-2.14987845 4.81561295 
-2.61403306 4.5428947 
1.87491134 1.9983629 
-1.9570328 3.60480472 
-0.262169037 3.77512815 
1.38983504 3.91333101 
2.87521466 2.77200092 
3.03675752 2.14636892 
2.13489593 2.49262811 
-1.76641563 4.49093292 
0.118002293 4.00026103 
1.5958979 3.74738703 
-1.55249077 2.83439965 
0.534455466 4.00648334 
0.631976152 4.22401677 
-0.582683784 3.48192873 
-2.43134835 2.65145152 
2.68375 2.25437 
2.805 1.51072 
2.88655 1.51058 
3.14155 1.29941 
3.14157 0.959022 
3.1415 0.758645 
3.14159 1.19231 
3.10125 1.04649 
3.14159 0.539169 
3.14159 0.192289 
3.14156 1.79148 
3.14159 1.09835 
2.82366 1.8814 
3.1209 0.54941 
3.10832 0.430609 
1.75227 2.07586 
1.87189 2.09367 
1.62432 1.78191 
1.70308 1.1619 
1.1536 2.29457 
-1.68839 2.74913 
-2.13989 3.03287 
-2.38158 2.76968 
-3.14159 3.29489 
1.00667 2.24652 
-1.75265 3.09719 
-2.40343 2.95277 
-2.29594 2.30978 
-2.29596 2.69711 
-2.14658 2.48774 
-2.53766 2.71602 
-2.27277 2.3152 
-2.29509 2.30561 
-2.287 2.43801 
-2.29787 2.10942 
-2.30738 2.20955 
-2.31584 2.1535 
-3.14153 3.8201 
-2.76008 3.21838 
-2.33028 1.74175 
-2.90877 3.19295 
-2.89589 3.13311 
-3.14146 4.38193 
-2.9473 3.69374 
-3.06127 3.40761 
-3.14159 4.12284 
-3.14145 4.19232 
-3.14155 4.13563 
-3.14157 4.0923 
-3.14157 3.97523 
-2.97293 1.83849 
-3.01596 2.55368 
-2.99506 2.34757 
-3.14149 1.33371 
-3.14156 2.16004 
-3.14159 1.52921 
-3.14144 1.67637 
-2.37689 3.61152 
-3.14144 1.24455 
-2.33047 4.13146 
-3.10416 1.72861 
-3.14159 2.59478 
-3.1414 1.97355 
-3.14149 1.3077 
-2.96941 2.37057 
-3.14136 1.52557 
-3.14144 2.07982 
-3.14144 2.28351 
-0.165668359 3.90742659 
3.04780823 3.02295228 
0.0645887353 3.46634012 
1.86011646 3.94742326 
-2.00458549 4.30166725 
1.2707876 3.89468662 
1.40707813 2.91862571 
2.3718385 2.13868671 
-3.00098746 4.25340731 
-2.58516683 3.85005468 
-1.15828549 2.93845785 
-2.50378659 4.04020933 
-1.9359029 3.67331556 
-1.29344265 3.98991669 
-1.58899005 4.06366742 
0.661929133 3.45710399 
-2.90640166 3.5130635 
1.00079532 2.74999467 
0.495432085 3.34114332 
-0.253402028 2.43121129 
-2.3429435 3.84428464 
-0.518982511 3.32426882 
-1.53866382 3.82283355 
1.76684868 3.49137466 
-0.719048454 3.07790135 
0.829833235 3.38019676 
2.6846041 2.00515972 
2.08236688 2.97314391 
2.2112393 4.10257414 
2.79529357 3.14407301 
0.367482832 3.2295188 
-0.971022381 4.35151987 
3.14155 2.14136 
2.71678 2.25714 
2.67499 1.83911 
2.76836 1.76677 
2.83395 1.73069 
2.90373 1.38441 
2.9038 0.784588 
2.92796 1.05063 
2.90004 0.900372 
2.90378 0.755812 
2.91275 0.828099 
2.90746 0.775237 
2.90265 0.704725 
2.90529 0.952681 
2.91827 0.927857 
2.28981 2.06828 
2.27326 1.98629 
-0.475496 2.48127 
2.27068 1.88875 
2.28646 2.32522 
-0.0812123 2.21579 
0.236407 1.95046 
0.126432 2.12916 
0.0982031 2.24338 
0.126611 1.95784 
-0.716179 2.17436 
-0.723099 2.72953 
-0.715965 2.50306 
-0.803669 2.69132 
-0.658135 1.93471 
-3.14157 3.48476 
-1.33238 3.04295 
-1.38366 2.31164 
-1.41662 2.41349 
-1.51873 2.33714 
-2.99432 3.02006 
-3.14153 3.21672 
-3.14153 4.64718 
-2.79755 3.02362 
-2.89477 2.48501 
-3.14159 3.81566 
-3.14144 3.87323 
-3.14154 3.50575 
-2.90743 3.83853 
-2.89472 3.28448 
-3.14159 3.76395 
-3.14158 3.57012 
-3.14158 4.5122 
-3.14159 3.74954 
-3.14159 3.55158 
-2.89357 3.16424 
-2.93514 2.62147 
-2.90047 2.50592 
-3.14155 3.03453 
-2.89512 2.29207 
-2.8953 1.66616 
-2.89476 2.31932 
-2.2317 3.62332 
-2.89823 1.96807 
-2.89448 2.58595 
-2.8948 1.82586 
-2.87701 1.99786 
-3.14147 2.76606 
-2.89574 1.31692 
-2.89544 1.59884 
-2.89572 2.66452 
-2.89541 1.28603 
-2.89532 1.35368 
-0.0600739045 3.61714118 
-3.06559031 4.1007868 
2.37309918 3.13365304 
-1.07558884 4.22390228 
1.52421643 2.9741651 
0.0698029248 3.07013671 
-1.94726138 3.86485852 
-2.13853047 4.07006284 
-0.76623523 3.59214464 
-0.860050344 4.84108358 
-2.89805321 3.50983442 
2.02238339 3.46750554 
1.13759346 3.69222091 
0.252712796 3.8734529 
1.87957126 3.58866139 
-1.55612302 3.93166748 
0.712419148 3.54305046 
-1.35915632 4.27843144 
-0.364074665 4.38972082 
2.27960444 3.06294302 
2.91071159 1.98641787 
0.542649592 4.10504842 
-2.43345932 3.01501153 
0.834985514 3.70859816 
1.18186846 2.2660216 
1.62742129 3.41253124 
-2.34240761 4.02095655 
2.72632047 4.0652297 
3.12673545 2.56775828 
-1.73310857 3.17090327 
-0.441010807 4.24222261 
-2.67369387 4.01524269 
3.14156 1.57794 
3.14158 1.05187 
3.14158 1.0995 
3.14145 0.606139 
3.14145 0.68159 
3.14159 0.307582 
3.14159 0.480424 
3.14151 0.415654 
3.14152 0.375803 
3.10529 0.686625 
-3.14154 2.73693 
3.12352 0.569368 
3.1414 3.37427 
3.07531 0.935923 
3.14155 0.666197 
1.17299 1.83007 
1.0419 2.27707 
2.35073 3.14643 
1.173 2.1498 
1.21951 1.93005 
-2.95724 4.02349 
-2.4336 2.57923 
-1.81286 3.04185 
-3.14159 2.39212 
-3.14154 1.6766 
-3.14154 2.15025 
-3.14159 1.90027 
-3.14152 1.33029 
-3.14157 1.50704 
-2.88552 2.61926 
-3.14151 2.09972 
-3.14158 1.67108 
-3.14157 1.38915 
-3.13347 1.35081 
-3.14139 1.40619 
-3.14142 4.12009 
-3.14159 3.75017 
-3.14134 4.71311 
-3.14158 3.6362 
-3.14158 4.64127 
-3.10917 1.65289 
-3.14157 3.29748 
-3.14154 4.34903 
-3.03242 2.11373 
-3.14157 2.43611 
-3.14158 2.65952 
-3.14159 4.61011 
-3.14158 4.46797 
-3.14159 3.6927 
-3.14158 3.71654 
-3.14151 4.86426 
-3.14152 4.5181 
-3.14158 2.15829 
-3.14153 2.72739 
-3.14158 4.32646 
-3.14159 1.23107 
-1.71617 4.44121 
-3.14159 1.72658 
-3.13755 1.3368 
-2.30241 2.75088 
-3.14159 1.20051 
-1.38412 2.45335 
-1.72862 2.77457 
-2.15837 3.09042 
-3.14041 1.14544 
-0.0899028 4.50506 
-3.1404 1.84122 
-2.00423 2.98793 
0.0455205505 3.88415878 
-2.89580355 4.31328754 
-0.299792608 3.94008072 
0.620066032 3.95123344 
0.928274119 2.93668474 
-0.593436172 4.15756067 
2.12912244 2.52208858 
2.6411841 2.63890047 
2.84421504 2.22534615 
1.66982933 4.13100118 
-2.41765178 4.02143112 
-2.31132906 3.94866869 
2.26766662 3.02505738 
-0.0261113483 4.24962908 
-2.62461094 3.03247084 
-1.07509784 3.67386746 
1.05947139 3.72833175 
-1.9836278 4.70380755 
-1.92671534 2.63849823 
-0.902242073 3.08798707 
1.86056384 2.77630052 
-1.41272602 3.08327593 
-1.63522863 4.32722371 
0.528931897 3.560651 
3.05387835 3.14920723 
1.1918786 3.49999292 
-2.955475 4.59680397 
1.51837491 4.11055146 
0.220014191 2.66252 
-1.31160151 4.79639691 
-0.46867606 3.84688964 
2.40826279 3.18416747 
3.05394 1.17181 
3.14159 1.46686 
3.14151 0.66311 
3.14142 0.983342 
3.12636 0.459538 
3.14154 0.411941 
3.13107 0.464346 
3.11764 0.585951 
3.14157 1.10773 
2.84605 1.83773 
3.1264 1.79011 
3.14156 1.45367 
3.12627 1.05724 
3.08196 0.923845 
3.10062 0.697138 
2.12279 3.68377 
2.82694 1.96175 
3.14157 3.00639 
2.12914 1.76946 
2.13697 2.23811 
-1.41396 2.36802 
-0.504458 3.30856 
-1.46785 1.96283 
-1.65323 2.27198 
-1.46287 1.5316 
-1.43128 1.99024 
-1.40135 1.98294 
-1.46287 2.34828 
-1.48467 1.6896 
-1.47771 2.20074 
-1.98307 2.10189 
-2.02583 2.37169 
-1.92776 2.09582 
-1.95676 1.92732 
-3.05018 4.11287 
-2.51777 1.83489 
-2.63076 3.02943 
-2.42961 2.74477 
-2.5211 2.11069 
-2.50896 2.28911 
-3.14158 3.2204 
-3.1415 3.51533 
-2.86163 2.56796 
-3.14155 3.19426 
-3.14159 2.74297 
-3.14157 3.96076 
-3.14158 4.17798 
-3.14154 3.79091 
-3.14159 3.58714 
-3.14159 3.32129 
-3.07456 2.31193 
-2.99329 1.99962 
-2.97858 2.30455 
-3.14158 2.40073 
-2.93271 2.43442 
-2.30771 3.03253 
-2.51861 2.23037 
-2.51731 2.59154 
-2.51768 2.19448 
-2.535 1.575 
-2.53899 1.80551 
-2.5668 2.00508 
-1.95681 1.89296 
-2.53238 2.28776 
-1.77819 3.18123 
-2.51001 1.77663 
-2.53497 3.9505 
-2.535 1.54641 
0.151115005 3.34336113 
-2.52966725 3.6369141 
-0.580158051 4.76336326 
-2.94520229 4.46970363 
1.0950537 2.83163532 
-1.21127068 3.77485027 
1.93403401 3.4965172 
2.63872821 2.28391839 
-0.350045431 3.3857029 
0.336715509 2.80605387 
-1.48835005 3.80540461 
2.94050941 3.73266427 
1.27190785 3.54960586 
-1.77635776 4.18183491 
-0.980119598 3.94893614 
3.12802856 3.75105658 
0.703758438 3.42053891 
-2.17691668 4.78536662 
-0.611694577 3.69261991 
0.98065047 2.74036742 
-1.67974826 3.42183083 
2.3405323 4.17960361 
-2.11155186 4.01197494 
2.07789344 3.37742009 
0.468742684 4.21560445 
2.46090456 3.44134458 
1.71592949 4.08014564 
1.43001729 3.02326596 
-2.71813076 3.86352745 
-0.158204348 4.1912914 
-3.07486581 3.52909165 
-1.02663947 3.65632424 
3.14157 2.41343 
2.97373 3.08603 
2.6389 2.22858 
2.67384 1.35561 
2.67399 1.68217 
2.78202 1.15042 
2.94034 1.7076 
2.77453 1.37878 
2.78202 1.57216 
2.76625 1.18128 
2.73014 0.786 
2.70967 0.934486 
2.74383 1.16786 
2.73587 0.980312 
2.75154 0.932753 
2.6366 2.11206 
2.61692 1.60195 
-3.14124 2.76183 
0.624252 2.9206 
2.63606 1.79883 
-3.14158 2.57583 
-2.53395 2.64889 
-3.14159 2.40814 
-3.1414 2.28127 
-2.96743 2.41022 
-3.14159 2.90979 
-3.14145 1.82677 
-3.14156 1.62036 
-3.14158 1.88983 
-3.14155 1.45517 
-3.14158 1.1701 
-3.14132 1.3991 
-3.14155 2.06086 
-3.14154 1.29675 
-3.14137 1.15256 
-2.91748 2.53384 
-3.14158 2.50211 
-3.14159 3.69317 
-3.14154 1.27341 
-3.14153 4.83213 
-3.14156 3.07488 
-3.14114 3.04139 
-3.14153 4.42161 
-3.14157 3.7906 
-3.14158 2.77331 
-3.14159 3.81687 
-3.14159 3.47298 
-3.14155 4.57702 
-3.14158 4.23943 
-3.14155 4.12925 
-3.14136 1.56593 
-3.14139 4.16263 
-3.14158 1.64752 
-3.14158 4.7109 
-3.13944 2.45141 
-3.12324 1.54355 
-1.90757 3.07003 
-3.14159 2.1704 
-3.14137 1.41156 
-2.55232 3.2917 
-1.96817 2.82206 
-1.9685 4.44503 
-1.33598 4.09672 
-3.1414 1.52546 
-1.12137 3.26869 
0.120336 4.65814 
0.151478 2.72987 
0.244825 2.81352 
0.0603599196 3.50135266 
-2.16353095 3.33490278 
-0.664173952 4.02932186 
2.15591686 4.05720722 
1.10758624 3.16476521 
-1.19642023 3.85015628 
2.45846766 2.79507773 
2.91052971 3.07521863 
-2.9189917 3.22371054 
-2.71212564 3.83233999 
-3.06082902 3.63994483 
0.545270669 3.22166305 
-2.01751014 3.27791916 
1.68851147 3.56734246 
1.31671459 3.75859513 
-0.937849928 4.08933454 
-0.343292992 4.42702156 
2.65791546 2.93155377 
1.87985582 3.10087523 
-0.0165972016 4.43012733 
-1.16448358 3.95073511 
0.628740582 3.34031416 
-1.61059906 4.79997683 
3.03120647 2.73643994 
0.214386964 3.44207124 
2.22079319 3.62851165 
-1.82668015 3.29774943 
-2.46423001 4.22549549 
-0.462666769 3.77069576 
-1.39263723 4.11287538 
0.882632779 3.0182123 
1.51421837 2.97405446 
3.0312 2.43574 
3.14155 2.2832 
3.14149 1.97911 
3.14157 1.55226 
3.14157 0.762048 
3.14148 0.968231 
3.14153 0.564048 
3.14155 0.767312 
3.14153 0.390009 
3.08434 0.806717 
3.11666 1.03677 
3.10462 0.742134 
3.14152 0.805269 
3.12631 0.49967 
3.14151 0.606976 
2.95532 1.46434 
2.9908 1.63827 
3.01644 1.21935 
2.95797 2.06108 
2.84753 1.81235 
0.846631 3.2937 
-2.29256 3.04622 
-2.16676 2.82749 
-2.21619 3.23842 
-1.92321 3.34515 
-2.16669 3.42608 
-2.30241 2.55845 
-2.3707 2.40133 
-2.41639 2.1143 
-2.45357 2.83998 
-2.41639 2.70691 
-2.41796 2.13977 
-2.49575 2.61099 
-2.16706 2.40858 
-2.32024 2.4396 
-2.4178 1.60078 
-2.41796 3.84706 
-2.41538 1.93495 
-2.7149 3.02463 
-2.41395 3.35183 
-3.14159 3.99221 
-2.84422 2.63093 
-3.14159 1.8968 
-3.14159 2.5979 
-3.14159 3.08536 
-3.14149 2.47617 
-3.14159 4.04841 
-3.14155 4.60268 
-3.1415 3.69255 
-3.14158 4.32825 
-3.14158 1.52809 
-2.95935 2.40286 
-3.14157 2.03012 
-3.14156 2.22802 
-2.7915 3.86648 
-3.14158 4.72433 
-3.14158 1.5334 
-3.14159 1.37199 
-3.12955 1.32626 
-3.11893 1.5293 
-2.41817 2.73831 
-3.13231 1.33706 
-3.13441 1.16638 
-1.42117 3.54465 
-3.1344 1.37553 
-3.13441 2.06523 
-0.609347 3.09132 
-3.13569 1.23738 
0.165954374 4.36840153 
-1.79739465 4.41218438 
-1.14088894 3.21165432 
2.29428213 2.23026279 
-3.05625564 3.12963791 
-2.61536447 4.31612137 
2.72131504 3.25537143 
-0.0963901451 4.15386449 
1.09725322 3.15419607 
0.950400479 2.12157882 
2.49589366 2.4053886 
0.681466196 3.02818834 
1.75554682 3.91065757 
1.90126017 3.12955283 
-2.80522609 3.13018334 
-0.388946585 3.85274656 
-0.885356002 3.50241637 
-2.47142436 3.39938978 
-2.22566985 3.91877495 
-0.658203331 3.60756803 
-1.29308588 3.54132348 
2.86163008 3.43562659 
0.47997944 3.87778473 
1.42188802 4.25864624 
0.392186732 4.29146271 
2.00308704 3.53808692 
3.00325648 2.08782732 
-2.08810884 4.21999503 
-1.39990706 3.96304993 
1.35868998 3.13048764 
-0.515643444 3.95369519 
-1.59536023 3.81763229 
3.04157 3.11496 
3.14155 0.751046 
3.14157 1.08387 
3.14156 0.926582 
3.14151 0.333417 
3.11647 0.646157 
3.13414 0.493825 
2.92297 1.58298 
3.14151 0.363401 
3.13781 0.987115 
3.13804 0.730442 
3.07197 0.93782 
3.14151 0.781665 
3.0948 0.795427 
3.01174 1.24129 
2.38698 3.09561 
2.29439 2.83374 
-3.14158 3.69842 
1.05511 1.88495 
1.06302 1.64606 
-3.14157 1.73718 
-3.14158 1.99769 
-3.14158 1.60379 
-3.14156 1.50055 
-3.14158 1.35796 
-3.14158 1.27645 
-3.14157 1.49402 
-3.14157 1.24464 
-3.09366 1.80497 
-3.14159 1.94339 
-3.14158 2.34134 
-3.14159 2.40614 
-3.14152 4.86432 
-3.13888 1.32485 
-3.14154 2.54671 
-3.14157 2.76973 
-3.14157 4.3316 
-2.47187 3.47425 
-3.14155 2.02977 
-3.14158 2.23369 
-3.14153 4.45139 
-3.14159 4.32486 
-2.93063 2.49619 
-3.14156 3.8893 
-3.14159 2.17746 
-3.14157 3.81501 
-3.14153 4.71707 
-3.14155 4.20188 
-3.14159 3.33067 
-3.14145 4.67425 
-3.14156 1.59637 
-2.7681 3.48972 
-3.14157 3.84903 
-3.14158 3.4131 
-3.14159 2.77159 
-3.12837 1.48848 
-1.96887 3.14839 
-2.75523 3.06126 
-1.88478 2.52151 
-3.14156 2.24149 
-1.39261 2.16153 
-0.426008 3.24653 
-3.14157 1.33572 
-3.14156 1.75639 
-3.14158 1.1404 
-0.903974 3.02423 
-3.14157 1.30063 
-0.808578 4.94918 
0.271548829 3.06874796 
-1.62760789 3.72537639 
-1.22490484 3.69820902 
0.186913633 4.17835962 
-0.866446482 4.20358458 
2.39350681 4.08861674 
-2.95268262 3.87086323 
3.1405435 3.30445638 
2.63354377 2.55693169 
-0.719272051 4.54339311 
2.88640506 2.44301225 
1.45532801 4.04432862 
0.452841365 3.88712532 
-1.93582631 2.55000582 
-2.17907636 3.35584263 
1.67774268 3.98593098 
2.05498127 3.09378675 
1.14993846 3.12935098 
-2.72132912 3.63213572 
1.78820884 2.97867556 
0.702687721 3.59019001 
1.3338722 2.8261947 
-1.97017086 3.47336071 
-1.4624652 3.66963157 
-0.534890083 4.21183182 
-0.316400994 4.19684173 
-1.05453014 3.46494062 
2.20376084 3.48415195 
-0.00812301602 3.5561262 
-2.86905142 3.94259778 
0.848981806 3.16519161 
-2.46870282 4.80406973 
3.14154 2.67427 
2.58476 2.95586 
2.94475 2.66298 
2.88637 2.98064 
2.8864 2.13618 
2.88641 2.01783 
2.88642 1.38893 
2.88632 1.03607 
2.93388 1.30936 
2.88238 1.46126 
2.91354 1.13045 
2.85666 0.934479 
2.88835 1.26823 
2.863 0.755584 
2.8281 1.09543 
2.67171 1.97825 
-2.033 2.15825 
-2.0326 2.8381 
-2.59062 3.60549 
-2.03302 2.58488 
-1.835 2.46113 
-2.03201 1.9847 
-2.03109 2.10154 
-2.01005 2.22408 
-2.03202 1.74436 
-2.03202 1.64399 
-2.04422 1.76977 
-2.03202 2.02712 
-1.03094 3.23603 
-2.03199 3.02361 
-2.08493 2.21055 
-2.03201 1.43846 
-1.71252 4.16056 
-2.03975 1.99868 
-3.14158 1.83367 
-3.14157 2.29662 
-3.14154 2.64444 
-3.14158 2.23093 
-2.76206 3.042 
-3.09918 2.115 
-3.14157 4.10672 
-2.98507 2.46719 
-3.14159 4.17194 
-3.14154 4.3096 
-3.14159 3.69157 
-3.14159 3.69507 
-3.14159 3.56347 
-3.14159 3.49312 
-3.14159 4.00963 
-3.14159 3.21352 
-3.14159 1.37554 
-3.14156 1.61957 
-3.14149 4.86433 
-3.14153 1.51555 
-3.14153 2.74659 
-3.14159 1.21935 
-3.14159 1.32841 
-3.14159 1.28889 
-3.14151 2.64265 
-3.1279 1.49556 
-3.14159 1.72459 
-2.0417 4.01345 
-3.14159 1.45212 
-0.537811 2.97335 
-3.14159 2.27112 
-3.14159 1.41481 
0.0389968 4.10946 
0.842552 3.70727 
0.377143284 3.27379628 
-1.26147159 4.14371555 
-1.50527028 4.04032274 
1.25058124 4.06908514 
-0.698328547 2.60544429 
2.22868853 3.08326733 
-0.513572546 3.80134565 
0.14095559 4.15400524 
1.75313344 3.69657577 
1.79591786 3.10798931 
2.91477898 2.88917903 
-2.58770599 3.71046992 
1.42897423 3.57048034 
0.706622049 3.16003628 
0.577319862 3.83448354 
-1.64402244 4.34656479 
-2.49663239 4.84451694 
-3.07907128 3.5221425 
-0.271069951 3.97934865 
2.42370001 3.13509263 
2.62037353 2.05318375 
0.855006057 4.18203765 
1.074307 2.54521832 
-0.790326079 3.73787163 
-2.03835262 3.53184611 
-2.20416463 3.51425367 
-2.78277859 2.95564221 
2.10497021 2.4539381 
-1.88229155 4.46951635 
-1.1392666 3.93159934 
3.12130329 2.63825351 
-0.143233089 2.57421111 
2.58214 2.69845 
2.68122 2.35123 
3.01639 1.88435 
2.82218 1.02641 
2.75332 1.22985 
2.82226 1.27186 
2.82215 1.77981 
2.78364 1.02961 
2.8024 1.18867 
2.75334 1.41768 
2.67264 1.60932 
2.77679 1.34304 
2.78854 1.39408 
2.76117 1.00913 
2.75422 0.920276 
2.51166 2.86899 
2.07783 2.48751 
3.14149 1.79371 
-0.175916 2.80665 
3.14153 1.39678 
-0.144173 2.73854 
-0.698483 2.99185 
0.17351 2.53649 
-0.243828 3.21484 
-0.175837 2.67001 
-0.826632 2.5292 
-2.76528 4.54017 
-0.880293 2.9503 
-0.812381 1.929 
-0.780441 1.89686 
-2.66427 2.0725 
-2.54839 2.90464 
-2.70243 2.34394 
-2.32814 3.00259 
-2.90498 2.63996 
-2.67344 2.49048 
-2.67039 2.29933 
-2.65784 2.44393 
-2.67797 1.89056 
-2.69106 1.44232 
-3.14158 3.37642 
-3.14157 4.14851 
-3.14159 2.45962 
-3.14159 3.29821 
-3.14159 2.48262 
-3.14158 4.31508 
-3.14158 3.39036 
-3.14159 3.87741 
-3.14157 4.4816 
-3.14159 4.10636 
-2.9333 2.91649 
-3.14159 2.69672 
-3.14157 2.28558 
-3.14155 2.91212 
-3.14158 2.58229 
-2.69297 1.99939 
-2.6564 1.88124 
-2.71941 1.77187 
-2.69098 1.61993 
-2.69105 2.91897 
-2.69108 1.65451 
-2.69107 1.87924 
-2.69076 1.55344 
-2.69115 3.25906 
-2.69107 3.45386 
-2.69112 1.28819 
-2.69106 1.35943 
-2.6882 1.28361 
0.286388199 4.13348112 
-1.09168483 2.750604 
-1.58928618 3.92053163 
-2.51103662 4.87132133 
0.043383552 3.37125997 
-2.89140855 3.76867751 
-0.226572009 4.09864653 
0.424772797 3.86646434 
2.53518002 3.15555272 
1.639219 3.68553157 
2.74680337 2.46845991 
1.18530183 3.08528925 
3.08532521 3.14836339 
2.17041807 2.994287 
2.76266736 2.89442698 
-0.826294358 3.44101853 
-2.60373705 3.68774781 
-2.13594747 3.61706561 
-0.179474591 3.48934313 
-2.31285265 4.99403376 
1.87813449 4.07266634 
-1.36446294 4.51626026 
-1.49578922 4.25898922 
1.39983168 4.04526751 
2.13380027 2.68875049 
0.754792394 4.45261738 
-0.773276042 2.80939669 
-3.06293929 4.10733092 
-0.436055292 3.480335 
-1.87715947 4.07868864 
0.799346168 3.69009445 
1.01272655 4.09031164 
2.7468 1.98328 
2.74675 1.77284 
2.58583 2.25853 
2.90364 1.56623 
3.14155 1.33655 
3.14155 2.01485 
3.14153 1.23318 
3.14146 1.162 
3.14152 1.07721 
3.14155 1.07273 
3.14133 1.31266 
3.0933 1.16069 
3.05196 1.20965 
3.06352 1.23621 
3.02602 1.19088 
2.4844 2.08412 
2.72392 2.04149 
2.19238 2.13605 
-3.14154 2.72192 
2.06903 2.5255 
-3.14159 2.49904 
-3.14157 2.26394 
-3.14156 1.79674 
-3.1415 2.11632 
-3.14147 2.0343 
-3.14156 1.58809 
-3.14156 1.29551 
-2.98439 2.32377 
-3.14157 1.48957 
-3.14158 1.1782 
-3.14159 2.14957 
-3.14157 4.86435 
-3.14159 1.29591 
-3.14153 2.0213 
-3.13518 1.33346 
-3.14156 3.71712 
-3.14159 1.77247 
-3.14156 3.05459 
-3.14158 4.57012 
-2.34403 2.95001 
-3.14148 4.07216 
-3.14155 4.0758 
-3.14158 2.5166 
-3.14159 2.6052 
-3.14159 4.63075 
-3.14157 4.32905 
-3.14158 4.49383 
-3.14159 4.70692 
-3.14159 3.76814 
-3.14158 4.09234 
-2.75065 3.98633 
-3.14159 1.85658 
-3.14158 2.31041 
-3.14159 4.2037 
-3.14159 2.36664 
-2.50579 3.41888 
-1.86635 2.80687 
-3.14158 1.36881 
-1.97721 2.69079 
-3.09946 1.75664 
-1.65109 2.8589 
-3.14158 2.75802 
-1.33789 3.34921 
-1.60114 2.85679 
-3.14158 1.12519 
-0.594008 2.70247 
-0.732248 3.58293 
-3.14158 1.15171 
0.391982654 3.81535313 
-0.92189807 3.86962461 
-1.86965162 4.49163611 
0.0105308153 3.95731514 
1.01114677 3.67093093 
-0.0885514671 4.27881154 
-1.55621393 4.09026669 
-2.64082652 3.30913755 
-0.702759998 3.82289264 
0.497122269 3.66724242 
2.29855115 2.56138572 
2.11438648 2.83944453 
-0.297956973 4.26593503 
2.78810545 3.49445444 
-2.54379226 3.01765029 
-3.09544784 4.19940033 
3.0838534 3.25794256 
2.70343892 3.68450719 
-2.8998013 3.19384266 
-0.458055527 3.94770987 
-1.13527022 3.9583237 
1.45505573 4.12415577 
1.92743273 3.54249129 
2.44004883 3.4614116 
-1.9779705 3.58192552 
1.75120124 2.33724624 
0.905164641 2.73651465 
1.26772925 3.2129919 
-1.74474145 3.90118927 
-1.22868762 4.61886159 
0.671014859 4.4447596 
-2.201353 3.00646363 
1.75119 2.59449 
3.08321 2.42809 
2.05413 2.53499 
1.89693 2.11334 
2.45127 2.51158 
1.89721 1.78895 
1.87666 1.6287 
1.8651 1.36088 
1.92224 1.6495 
1.83256 1.53699 
1.86509 1.60602 
1.86511 1.48731 
1.86511 1.43455 
3.14128 3.22629 
1.86502 1.22058 
1.84592 1.27606 
1.85475 0.831175 
1.88827 1.0192 
1.85471 1.18599 
1.85139 0.954917 
1.11835 2.9523 
-2.20138 3.23518 
0.904862 3.16708 
0.905181 2.46519 
0.852845 2.38581 
-2.39052 2.01902 
-2.40877 2.82354 
-3.14158 3.06055 
-2.35342 2.53155 
-2.39051 2.22145 
-2.45946 2.12948 
-2.22822 2.83708 
-2.39071 2.38834 
-2.40281 2.28464 
-2.39049 2.14019 
-3.14155 3.40558 
-2.51276 2.10438 
-2.88938 3.25676 
-2.51134 3.90725 
-2.39209 3.61176 
-3.14158 3.93846 
-3.14159 3.74581 
-3.14159 2.62615 
-3.06753 2.51573 
-3.14158 4.48632 
-3.14159 4.18405 
-3.14159 3.39026 
-3.14158 4.30845 
-3.14155 4.56267 
-3.14158 4.14352 
-3.07399 1.41231 
-3.08216 2.4457 
-2.82607 2.71796 
-3.14156 3.74025 
-3.14152 1.34334 
-3.07429 1.94775 
-3.14145 1.80598 
-3.10622 1.62988 
-3.06368 1.9934 
-3.14156 2.23366 
-3.07548 1.79703 
-3.07399 1.59128 
-3.14159 2.7615 
-1.96296 3.59363 
-3.14157 1.76827 
-0.550117 4.16101 
-3.14158 4.86434 
-3.14159 1.8948 
-0.436215 4.22445 
0.171843 4.24927 
2.27919 2.13915 
0.795436 3.626 
-2.20394 3.54931 
2.82812 2.88621 
1.72157 3.42863 
1.24786 2.86538 
-0.898498 2.78913 
2.58379 3.07369 
2.40484 3.11964 
-1.12709 4.89839 
-0.365855 3.7565 
0.749045 3.32627 
-3.07038 4.64556 
-1.74723 3.81408 
-2.12341 3.1038 
1.41552 3.44192 
-1.31893 3.44438 
-2.63567 4.30335 
-0.0544334 3.78638 
0.260207 3.00499 
-1.39076 3.08015 
1.89676 1.98714 
1.15719 2.96383 
-1.89486 2.65613 
3.10526 1.33844 
-0.65703 3.55253 
2.00385 3.49132 
0.482099 3.93399 
-2.80992 4.73333 
-2.40163 4.31696 
3.141548 2.394362 
3.105266 0.346124 
3.141583 0.784990 
3.141568 0.682264 
2.959019 1.415856 
3.115358 0.703211 
3.105307 1.753343 
3.128707 0.551172 
3.111173 0.515441 
3.105457 0.729975 
3.068975 1.155935 
3.065295 1.010620 
2.766867 1.976241 
3.141510 1.342485 
3.005214 1.090701 
2.708801 2.700106 
-3.141586 4.015862 
1.896582 2.501175 
2.186666 1.501374 
1.907609 2.494623 
-1.858803 2.436695 
-1.819944 2.617278 
-1.704925 1.722168 
-1.691690 2.018539 
-1.704872 1.600378 
-1.664072 1.736413 
-1.704884 1.790510 
-1.695307 1.579704 
-1.686530 1.675421 
-1.698315 1.473881 
-1.716895 1.838870 
-1.720097 1.893881 
-1.731202 1.891333 
-1.750188 1.988248 
-1.752183 1.734009 
-3.141542 4.575759 
-3.141509 2.663887 
-3.141507 3.426868 
-3.141519 2.393739 
-2.853364 2.322128 
-2.975875 2.857747 
-3.141415 2.079101 
-3.141592 4.051191 
-3.141582 3.795306 
-3.141578 2.871817 
-3.141569 3.822230 
-3.141573 4.335214 
-3.141591 4.348842 
-3.141593 3.063296 
-3.141581 3.990053 
-3.141592 1.755086 
-3.141502 1.279465 
-3.051810 2.127175 
-3.141512 2.785061 
-2.680885 3.106982 
-3.141591 1.360603 
-3.141547 2.296940 
-3.141527 1.359977 
-3.141592 4.191688 
-3.141502 1.199412 
-3.141586 1.882006 
-3.141481 1.170871 
-2.917298 2.653794 
-3.141580 1.222674 
-1.193908 3.496626 
-3.130427 1.446643 
-3.141444 1.431333 
-0.406106 2.364044 
-0.52697 3.0695 
0.53798 3.14684 
1.99883 3.68131 
-2.76983 3.80759 
1.06652 4.07297 
2.63013 3.24997 
2.23865 3.08211 
-1.78546 2.60848 
0.0856188 3.29763 
-1.66215 3.72591 
-1.26985 4.769 
-2.35479 3.93736 
-1.01598 4.1364 
-3.08804 4.12814 
-2.48495 3.5647 
-0.30844 3.86971 
2.76625 4.09787 
-1.98155 4.35693 
3.00031 3.32365 
0.741406 3.25896 
1.86902 3.11353 
-2.7112 3.58485 
1.31549 4.27484 
0.932062 2.70296 
1.51287 3.25882 
-1.44282 3.48975 
2.41284 3.34474 
0.360596 3.32305 
1.71688 3.9052 
-0.133257 3.54443 
-0.752567 4.84869 
-0.976525 3.77866 
-1.785487 2.008823 
-1.785523 2.653893 
-1.835592 2.167359 
-1.645285 2.140831 
-1.775430 1.984648 
-1.753341 2.061179 
-1.933553 2.485491 
-1.775497 1.968789 
-1.777893 1.809187 
-1.777914 1.578618 
-1.777957 1.767680 
-0.527777 3.906482 
-1.777996 2.780718 
-1.775421 1.584327 
-1.777829 1.564943 
-1.771627 1.423309 
-1.771566 2.915923 
-1.771627 1.436891 
-1.771628 2.079181 
3.141592 3.085818 
-1.771557 2.609374 
-1.769935 1.430426 
-1.771559 1.475730 
-1.769935 1.292423 
3.141580 1.113083 
3.141580 1.189853 
3.098975 1.319118 
3.141568 0.581051 
3.141555 0.999918 
3.141530 0.571724 
3.123823 1.290705 
3.123661 0.957814 
3.141342 1.729864 
3.141589 1.731263 
3.123853 2.167536 
2.798793 2.259519 
-2.270214 3.313386 
-1.769766 4.757627 
2.641180 3.077565 
0.418740 3.262510 
-1.769935 1.228246 
-1.769155 1.298526 
-1.769959 1.799782 
-1.769936 1.929887 
-3.141507 2.085351 
-1.769151 1.264285 
-3.141580 2.476443 
-3.141587 1.900455 
-3.141417 2.805358 
-2.983752 2.281551 
-3.141592 2.228806 
-3.141587 2.545968 
-3.114842 2.058515 
-3.141589 1.741385 
-2.629470 3.143202 
-3.141591 1.836370 
-3.141569 4.864275 
-3.141592 2.568181 
-3.141548 1.585657 
-3.141580 1.942376 
-3.141581 3.998170 
-3.141587 1.616421 
-3.141568 4.007618 
-3.141507 2.235805 
-3.141567 4.252488 
-3.141562 4.638639 
-3.141592 3.817722 
-3.141564 3.628082 
-0.421375 3.81959 
0.707766 3.2601 
1.91481 3.37922 
1.40357 2.47493 
-0.966284 2.36755 
-2.38602 4.11525 
-1.48466 2.4506 
0.394242 4.18768 
-2.05762 3.98061 
-1.88037 3.51691 
-1.24147 3.75882 
2.89705 3.0874 
-2.31868 4.76383 
-0.249244 4.03076 
-1.70317 4.09514 
-2.69432 3.91993 
-3.00908 2.53484 
2.38913 3.0645 
0.0532332 3.42031 
-0.0244667 3.84639 
-1.07023 4.08514 
2.01562 2.9978 
2.18621 2.50589 
3.02252 3.22697 
0.328791 2.73455 
-0.597151 4.08348 
-2.94285 4.09156 
1.69534 3.28481 
1.14538 2.61076 
0.973574 3.11081 
1.37068 3.94869 
2.59081 2.57625 
-3.141552 3.439369 
-3.011450 3.492181 
-3.141568 3.178993 
-3.141576 3.833329 
-3.141526 2.628432 
-3.141592 1.858664 
-3.141585 2.599525 
-3.141585 1.949684 
-3.141587 2.088008 
-3.141592 1.455834 
-3.141542 1.395310 
-3.141587 4.241806 
-1.826295 3.344809 
-3.141566 1.527706 
-3.141587 1.261689 
-3.128307 1.418015 
-3.141587 1.572267 
-2.803997 2.832366 
-3.139496 1.169594 
-1.362969 2.382920 
1.275232 3.688429 
3.141158 1.758100 
1.815362 4.059306 
-0.783776 3.060147 
-1.484660 3.170744 
3.141591 0.706605 
3.141413 3.390689 
3.141531 1.533565 
1.129024 1.746875 
2.669414 2.625749 
3.141497 2.797789 
3.141550 0.698321 
3.141123 1.847274 
3.062342 1.497521 
3.141408 1.619998 
3.141546 0.263240 
3.123210 0.496192 
3.141213 0.498902 
3.137123 0.542467 
3.141517 0.735250 
3.141395 0.318863 
2.489904 4.007129 
3.141546 0.223813 
2.932159 1.559383 
3.141574 1.165352 
3.137199 0.317918 
3.132947 1.104178 
3.131066 0.554468 
3.134442 0.318401 
3.127948 0.494601 
1.099055 3.544472 
3.079697 2.359268 
3.141543 2.444382 
2.186180 2.535879 
-3.139496 1.957586 
0.269387 4.142933 
-1.462364 3.105582 
1.409654 2.145809 
-3.139479 4.378791 
0.948557 3.207250 
-0.905035 4.189211 
-3.139496 1.276948 
-3.139495 1.242013 
-3.138742 1.079986 
-3.138601 2.280778 
-1.995054 3.162026 
-0.966307 3.407230 
-0.911234 3.960587 
-0.51213 3.45065 
1.0739 3.74162 
1.63445 3.21474 
2.46965 3.80159 
-3.08479 2.41604 
-1.70754 3.92632 
1.27158 3.1411 
-0.932035 4.55674 
2.06254 4.20919 
-0.146537 3.47027 
-2.87529 4.24077 
-0.765144 3.60175 
3.06856 3.39199 
1.40416 3.38768 
2.89184 3.5032 
-1.78981 4.09347 
-2.28152 3.26972 
-2.07306 2.40394 
0.126563 3.86759 
0.691539 3.57308 
0.905513 2.86697 
-1.4939 3.43223 
-1.21109 3.85091 
2.55374 1.9341 
-0.378689 3.62734 
0.442982 4.31416 
1.83161 4.1926 
-1.17295 3.64366 
0.273439 2.43642 
2.25956 3.76343 
-2.42013 3.85739 
-2.60092 2.29777 
-3.141484 3.868039 
-2.780056 2.731227 
-3.084788 3.334390 
-2.663590 2.106596 
-2.077411 3.364276 
-3.141527 3.071078 
-2.621620 2.679582 
-2.626019 3.002282 
-2.416391 3.065050 
-2.681448 2.697139 
-3.141536 3.362593 
-3.141561 4.212531 
-2.975995 2.552323 
-3.141578 4.425935 
-3.141587 1.911907 
-3.141587 3.206253 
-3.141578 4.166448 
-3.141567 4.190637 
-3.141590 3.957573 
-3.141580 4.248367 
-3.022258 2.244296 
-2.953812 2.697466 
-3.141575 2.779194 
-3.141555 2.455339 
-3.141592 1.526909 
-3.141585 1.596238 
-3.141558 1.375400 
-3.141560 1.265049 
-3.141576 1.306989 
-3.141592 1.662658 
-3.129956 1.426381 
-3.140448 1.186662 
-1.263191 3.185275 
-3.140444 1.944967 
-2.073183 3.361842 
-3.139840 1.189562 
-3.140318 4.865109 
-3.139897 1.276993 
-1.381802 3.209415 
-2.575156 3.768890 
3.141562 1.421729 
1.028108 2.716676 
0.345312 3.272597 
0.767794 3.247966 
-3.139845 1.108934 
3.141370 0.255799 
3.141578 1.263792 
3.141445 3.556787 
2.442653 2.619761 
3.141389 2.841445 
3.141559 1.152359 
3.141504 2.020153 
3.141564 2.016192 
2.005740 3.843918 
3.141461 2.789020 
3.141532 0.732452 
3.007082 1.276278 
3.141502 0.561913 
3.141382 0.643129 
3.141493 1.755717 
3.141370 0.377865 
3.141543 0.823729 
3.126113 0.531247 
3.141589 0.229731 
2.117720 2.018239 
3.136043 0.515340 
3.135969 0.835865 
3.138791 0.814316 
-0.210186 3.69842 
1.24369 3.64564 
1.55043 3.64922 
-1.29197 3.84143 
-2.11703 3.84491 
0.294843 3.13513 
0.0194926 4.161 
1.76015 3.50568 
3.06921 1.71265 
2.05144 3.72366 
-0.14907 2.52731 
-2.50438 4.11316 
-2.82378 4.44907 
-2.69645 4.65257 
-3.05055 3.94966 
1.00388 3.28319 
2.53798 2.99353 
-1.1279 4.18448 
1.88603 2.69059 
-0.948097 4.36379 
0.798002 2.42976 
-0.472199 3.50273 
-1.4794 3.25925 
-1.62785 4.39679 
2.65658 4.14076 
-2.21239 4.47202 
-1.91266 3.81299 
2.32059 2.60629 
2.89812 3.35106 
0.518763 3.8943 
0.634595 3.68227 
-0.678893 4.18519 
3.141540 0.642645 
3.141518 0.967602 
3.141547 1.532841 
2.934819 1.636153 
3.141568 1.697344 
-0.173942 2.794520 
2.466162 2.705457 
0.810559 2.818334 
-0.437275 2.267441 
-0.765493 2.869202 
-0.376879 2.325463 
-0.437112 1.946980 
-0.457902 2.136327 
-0.433835 2.326281 
-0.437031 1.898023 
-0.511550 3.076273 
-0.505440 2.358106 
-1.857290 3.400048 
-0.556869 2.502102 
-0.584565 2.635404 
-2.091090 3.191080 
-1.940038 3.047878 
-1.887623 2.571354 
-1.791129 2.249981 
-1.859223 2.386564 
-2.500245 3.133600 
-2.328307 2.686556 
-2.992386 4.704169 
-2.333738 2.680450 
-2.787480 2.935847 
-3.141588 3.655103 
-3.141480 2.800886 
-3.141583 3.112481 
-3.141582 2.921825 
-3.141570 3.466964 
-3.141589 4.333829 
-3.141591 2.677225 
-3.141592 4.082162 
-3.141575 4.065938 
-3.141585 4.421056 
-3.141580 3.873475 
-2.955760 2.421861 
-2.939458 2.808031 
-3.141540 4.217017 
-2.831723 3.701979 
-3.141572 1.542315 
-3.141582 1.830866 
-3.141563 1.896766 
-3.141521 1.612732 
-3.141563 1.499931 
-1.719410 2.686220 
-3.141572 1.662959 
-3.141589 1.362617 
-3.141579 1.298249 
-3.134794 1.310396 
-3.138735 1.209093 
-3.138726 2.411453 
-1.186541 2.527752 
-3.138735 1.237807 
-0.569684 3.907484 
-3.138681 1.360581 
0.902721 2.719862 
3.141564 3.428400 
0.784464 3.725013 
1.974618 3.909993 
2.320484 1.935299 
2.955302 1.993355 
2.897791 2.303849 
-0.300942 3.62908 
1.41348 3.29301 
1.27007 3.45415 
-1.45176 3.48852 
-2.16506 4.07174 
-1.82093 3.80912 
0.289191 3.04678 
0.964472 3.95217 
2.33611 3.82785 
-2.94284 3.6935 
-2.50984 2.76726 
-0.620598 3.24594 
1.87891 3.82919 
0.449636 3.93764 
0.752235 3.77366 
-0.490611 3.14614 
-1.18725 4.10785 
-3.00792 3.33522 
-2.07361 4.55465 
2.75958 1.99888 
-2.64678 4.17941 
2.49329 3.21087 
-1.11359 4.26498 
1.72114 2.78826 
3.13828 2.30433 
-0.081091 4.26049 
1.13924 3.23016 
-0.787304 2.80356 
2.73373 2.55882 
2.07924 2.76676 
0.189705 3.81789 
-1.65932 2.90184 
3.141509 1.522202 
3.102935 1.326126 
3.141527 1.875785 
3.141587 0.793018 
2.940308 0.879426 
2.950186 1.446991 
3.141569 0.931026 
3.141541 1.048364 
3.058982 0.663736 
2.837368 1.707789 
3.070407 0.699468 
3.058734 0.868377 
3.095708 0.807721 
-1.659039 2.870111 
3.037170 0.756767 
3.058982 0.522325 
3.058982 0.631070 
3.058992 1.027949 
3.058982 0.419112 
3.059905 0.457172 
3.057537 1.355773 
2.939469 1.750245 
2.996334 0.998222 
2.945312 1.266764 
3.053745 0.845888 
-1.665343 1.781787 
-2.311175 3.524619 
-1.665218 2.103479 
-1.612704 1.367195 
-1.612684 1.708145 
-1.513725 1.914723 
-1.610796 1.316834 
-1.610733 1.861780 
-1.617631 1.404609 
-1.610688 1.710926 
-1.615533 2.102533 
-1.614913 1.350984 
-1.617361 2.471974 
-1.623074 1.520460 
-1.620119 1.566210 
-1.733790 3.722926 
-2.588160 3.160569 
-1.662392 2.071168 
-1.664830 2.353144 
-1.665377 2.237789 
-2.634825 2.604318 
-3.141552 1.770550 
-3.141591 2.361922 
-3.141578 1.558622 
-3.141588 1.769559 
-3.141544 2.583323 
-3.141568 2.162352 
-2.971845 2.314748 
-3.141590 2.671180 
-3.141581 4.244704 
-3.141591 3.215938 
-3.141588 3.429215 
-3.141573 2.924844 
-3.141590 3.976842 
-3.141592 2.580464 
-3.141580 4.238384 
-3.093277 1.696501 
-3.141586 4.208724 
-3.141533 2.770579 
-3.141574 1.266899 
-2.434892 3.533771 
-3.141504 3.307037 
-3.141554 1.497096 
-0.391697 3.12919 
1.77961 3.75158 
-2.7925 3.70446 
-2.53444 4.29473 
-2.56466 4.08914 
2.4858 1.90835 
2.66805 2.53947 
-1.07075 2.39615 
0.747021 3.05215 
1.60892 3.78039 
0.180861 3.66243 
-3.06016 3.71267 
-2.25517 3.31112 
2.27187 3.66907 
1.55037 1.72397 
1.1795 2.49145 
3.02818 2.39445 
1.16317 3.82723 
-1.5989 4.36168 
-2.13086 4.84304 
2.87583 2.55804 
-1.54326 4.63376 
2.03214 2.95881 
-0.922598 2.51244 
-0.527086 3.77027 
0.350972 4.12547 
-0.688072 2.90566 
-1.24302 3.86365 
0.865824 3.98232 
-0.151764 3.89247 
0.539316 4.14226 
-1.77778 3.39519 
-3.063858 3.743453 
-2.311440 4.071271 
-3.130882 2.808010 
-3.141520 2.024860 
-3.141535 2.218949 
-2.995946 2.090170 
-3.141573 1.830283 
-3.141512 2.175352 
-3.077712 2.052395 
-2.865106 2.766403 
-3.141579 1.955364 
-3.100639 2.072976 
-3.141405 1.432273 
-3.141430 1.351298 
-3.141566 1.451624 
3.141537 1.710322 
2.991912 3.372159 
1.550025 3.100053 
3.141545 1.759184 
-3.141430 1.255144 
3.141393 1.190656 
3.141558 0.282231 
3.141580 0.985565 
3.141567 1.991187 
-3.141205 2.757198 
3.054849 1.054605 
3.141587 1.480484 
3.141560 0.755796 
3.141558 0.708957 
3.141521 0.568453 
3.141532 0.341339 
3.141532 0.460929 
3.141378 0.526985 
3.136634 0.360108 
3.141557 3.790024 
3.139597 0.454161 
3.140047 0.437170 
3.139007 0.167235 
3.139168 1.069463 
3.139101 0.598601 
3.028256 1.524695 
-3.141432 1.614290 
3.139563 2.410565 
2.817471 1.498374 
-3.141547 1.315314 
1.556602 2.266134 
-3.141581 1.163371 
1.816172 2.746808 
-3.136376 1.344902 
-0.941075 3.498406 
-1.070738 3.412780 
-3.141582 2.414099 
-3.141589 2.740226 
-3.141430 1.250807 
3.141542 3.513283 
-3.141577 4.498817 
-1.235640 2.796834 
-3.141530 2.463170 
-3.141430 1.913820 
-1.070782 3.114419 
-3.141564 3.995242 
-3.032511 2.127073 
-3.141568 1.754493 
-2.558255 2.990553 
-3.141559 2.513710 
-3.141588 3.771617 
-2.440139 3.522446 
-2.692084 3.808351 
-0.286102 4.38422 
2.14575 3.54994 
0.636085 4.40873 
2.86242 3.34137 
-2.96425 3.59554 
-2.42392 3.46242 
0.814886 3.4879 
-2.03289 3.40321 
-0.645718 3.77889 
-2.23532 3.93504 
2.39921 3.95293 
2.74182 3.58202 
-1.77254 4.69449 
-1.47114 3.84115 
2.30398 2.78743 
-2.89118 3.16951 
0.163807 4.06186 
1.0244 1.70189 
0.211882 4.23945 
1.6211 2.88195 
1.33774 3.33362 
-0.399323 4.23644 
-0.80572 4.09387 
3.02966 3.56641 
-1.7545 4.43307 
-1.18459 2.85851 
1.57067 3.55258 
-0.181845 3.84917 
0.435652 3.32169 
-2.74023 4.02224 
1.87645 1.79791 
-1.06876 4.67115 
-3.141558 3.363958 
-3.141490 2.504660 
-3.141573 2.766846 
-3.141588 2.601633 
-3.032246 2.619831 
-3.141586 3.984553 
-3.141568 4.064415 
-3.141563 3.672901 
-3.141582 3.190000 
-3.141561 3.802638 
-3.141575 2.520598 
-3.141553 2.058435 
-3.141575 1.539964 
-3.141588 4.768633 
-3.141582 1.873158 
-3.141446 1.584596 
-3.141557 1.763097 
-3.141519 1.636466 
-3.141581 1.360271 
-3.141453 3.632711 
-3.141589 1.228607 
-3.141581 1.291469 
-3.141592 1.359884 
-3.102638 1.745435 
-3.141546 4.445823 
-1.361434 3.218738 
-3.139185 1.305434 
-3.141581 1.391845 
-0.704374 3.496685 
-3.141589 1.262408 
3.141271 0.239216 
0.551661 3.319662 
1.931109 3.958610 
1.440979 1.815775 
1.080426 2.769699 
2.868107 2.195306 
3.141577 3.176438 
1.865305 2.543023 
2.186745 2.927293 
1.025367 2.049349 
3.096846 1.553399 
3.141572 1.778411 
3.141541 1.558137 
1.985975 2.441675 
1.440770 1.999718 
3.141491 0.747251 
3.013397 1.242773 
3.141491 0.705978 
3.141481 0.636505 
3.141545 0.525052 
3.141244 0.409586 
3.141260 0.303073 
3.141193 1.773366 
3.141544 1.435239 
3.134344 0.352341 
3.138718 0.591041 
3.138240 0.411397 
3.141488 0.872408 
3.138752 1.100254 
3.141571 0.174631 
3.051315 2.011597 
1.288124 2.240354 
1.024360 3.756456 
3.141568 1.337161 
2.780755 1.941105 
2.659934 1.707249 
-3.141589 1.117717 
0.730253 3.169315 
-0.180508 4.37528 
2.51189 3.8703 
0.42897 2.69547 
1.77974 3.48092 
2.72299 3.31057 
-2.53098 3.74544 
-2.66411 4.56408 
2.03295 2.34781 
-2.03846 3.31246 
1.23086 3.96394 
-2.24932 4.52935 
2.20676 3.90073 
-0.579359 3.82239 
-1.57796 4.4756 
-1.85183 3.35959 
2.89087 2.72917 
-0.386785 3.38503 
3.03687 2.68735 
-3.06768 3.62737 
0.316965 3.82035 
1.74737 1.80613 
0.889301 3.14862 
-1.41071 4.11933 
-1.08463 3.73775 
1.13072 2.68604 
0.160967 3.38706 
0.706376 4.17252 
-0.716539 4.60311 
-1.32407 2.73334 
-2.91551 3.04802 
1.46882 3.99709 
-0.938888 4.07528 
-1.851924 2.967568 
1.015760 2.492595 
0.812679 1.651161 
0.618358 2.723079 
-1.060052 2.689189 
-2.150237 3.372811 
-1.333420 2.457916 
-1.255633 2.182160 
-1.191905 2.307145 
-1.250096 2.200234 
-2.670607 3.846033 
-3.141530 2.750296 
-3.141549 3.350877 
-2.914984 4.714780 
-3.141581 2.048012 
-3.141561 1.691676 
-3.141591 2.606150 
-3.141548 1.847197 
-3.003701 2.180641 
-3.141391 1.745595 
-3.141590 2.257941 
-3.141588 2.308858 
-3.141511 3.356344 
-2.833672 2.710676 
-3.141566 4.043760 
-3.141518 3.608548 
-3.141567 4.447088 
-3.104244 4.176929 
-3.141535 4.089860 
-3.141592 2.582645 
-3.141591 2.317697 
-3.141577 1.447929 
-3.141588 1.839747 
-3.141580 2.223475 
-3.141507 2.909834 
-3.141524 4.864274 
-3.141560 1.516497 
-3.141577 1.323786 
-2.324302 3.830957 
-3.141578 1.121664 
-3.132406 1.395926 
-1.619273 3.224228 
-3.141523 1.344110 
-3.141480 1.286197 
-3.141539 1.696985 
-0.116336 4.419898 
-1.790699 3.724221 
-0.848159 3.057293 
-1.525943 1.670845 
-0.909596 3.300837 
3.141556 1.780938 
3.141529 2.975386 
-1.526911 3.313483 
3.141535 3.864430 
0.114375 3.913743 
2.568755 3.027577 
3.141577 3.017592 
2.033298 2.542956 
3.141370 1.157376 
3.140237 3.737105 
2.269071 2.631671 
3.141516 1.140687 
3.141537 1.408538 
3.140945 0.215369 
1.608037 3.125788 
3.141451 0.814642 
3.141549 0.761930 
3.024682 1.197299 
-0.0749133 2.81418 
2.68167 1.68595 
0.344954 4.279 
-0.857801 3.10566 
-2.97235 3.70511 
-2.25963 4.37602 
1.34058 3.87069 
-0.696867 3.92596 
-1.18955 3.56732 
2.40912 2.92751 
1.00614 3.41733 
0.973116 2.67388 
2.30685 3.29545 
-0.99436 4.4474 
-2.90661 4.30991 
-2.14988 4.81561 
-2.61403 4.54289 
1.87491 1.99836 
-1.95703 3.6048 
-0.262169 3.77513 
1.38984 3.91333 
2.87521 2.772 
3.03676 2.14637 
2.1349 2.49263 
-1.76642 4.49093 
0.118002 4.00026 
1.5959 3.74739 
-1.55249 2.8344 
0.534455 4.00648 
0.631976 4.22402 
-0.582684 3.48193 
-2.43135 2.65145 
2.683752 2.254367 
2.805000 1.510721 
2.886549 1.510580 
3.141555 1.299410 
3.141570 0.959022 
3.141498 0.758645 
3.141591 1.192306 
3.101251 1.046494 
3.141589 0.539169 
3.141589 0.192289 
3.141556 1.791477 
3.141588 1.098353 
2.823661 1.881403 
3.120898 0.549410 
3.108321 0.430609 
1.752269 2.075858 
1.871889 2.093669 
1.624317 1.781908 
1.703079 1.161904 
1.153598 2.294569 
-1.688389 2.749130 
-2.139891 3.032867 
-2.381582 2.769678 
-3.141592 3.294893 
1.006673 2.246521 
-1.752651 3.097191 
-2.403428 2.952770 
-2.295938 2.309785 
-2.295964 2.697107 
-2.146583 2.487738 
-2.537656 2.716019 
-2.272772 2.315203 
-2.295095 2.305608 
-2.287002 2.438011 
-2.297870 2.109422 
-2.307379 2.209545 
-2.315843 2.153498 
-3.141527 3.820101 
-2.760082 3.218375 
-2.330277 1.741748 
-2.908770 3.192950 
-2.895891 3.133105 
-3.141460 4.381934 
-2.947298 3.693739 
-3.061268 3.407614 
-3.141587 4.122840 
-3.141454 4.192322 
-3.141553 4.135628 
-3.141575 4.092297 
-3.141567 3.975227 
-2.972928 1.838491 
-3.015960 2.553677 
-2.995062 2.347572 
-3.141487 1.333709 
-3.141556 2.160036 
-3.141587 1.529215 
-3.141443 1.676367 
-2.376887 3.611523 
-3.141438 1.244552 
-2.330469 4.131463 
-3.104155 1.728614 
-3.141587 2.594780 
-3.141401 1.973554 
-3.141490 1.307699 
-2.969407 2.370568 
-3.141360 1.525568 
-3.141438 2.079821 
-3.141442 2.283510 
-0.165668 3.90743 
3.04781 3.02295 
0.0645887 3.46634 
1.86012 3.94742 
-2.00459 4.30167 
1.27079 3.89469 
1.40708 2.91863 
2.37184 2.13869 
-3.00099 4.25341 
-2.58517 3.85005 
-1.15829 2.93846 
-2.50379 4.04021 
-1.9359 3.67332 
-1.29344 3.98992 
-1.58899 4.06367 
0.661929 3.4571 
-2.9064 3.51306 
1.0008 2.74999 
0.495432 3.34114 
-0.253402 2.43121 
-2.34294 3.84428 
-0.518983 3.32427 
-1.53866 3.82283 
1.76685 3.49137 
-0.719048 3.0779 
0.829833 3.3802 
2.6846 2.00516 
2.08237 2.97314 
2.21124 4.10257 
2.79529 3.14407 
0.367483 3.22952 
-0.971022 4.35152 
0.262661 1.789978 
-0.468099 2.413422 
0.202659 2.129732 
0.145757 1.972748 
0.028940 1.989960 
0.427402 2.423900 
0.262648 2.614049 
0.254887 1.578300 
3.141428 1.789890 
0.254729 1.689059 
0.249642 1.489814 
0.248905 1.615078 
2.745666 2.157687 
0.225573 1.723437 
0.259661 1.582059 
3.141586 2.633860 
3.141398 1.124661 
3.038197 1.233302 
3.134434 0.909236 
3.141517 0.705216 
3.141509 1.119257 
3.141492 0.782649 
3.110669 0.675584 
3.118691 0.709869 
3.111986 0.658788 
3.111920 0.902068 
3.092047 0.550059 
3.081841 0.402934 
2.904615 1.551651 
3.085332 0.280167 
3.072655 1.021866 
3.081553 0.925269 
3.012223 0.921468 
3.065688 0.877080 
3.027409 1.129951 
0.250060 1.458185 
0.250060 1.295906 
-0.786448 3.653076 
0.249666 2.740744 
0.250060 1.064598 
0.028935 3.140738 
0.032547 2.450387 
0.073248 2.094266 
-0.372023 2.975610 
0.229833 1.724071 
-0.449215 2.692990 
-0.392558 2.446550 
-0.501609 2.224202 
-0.525635 2.507772 
-0.583311 2.522819 
-3.009554 3.510133 
-1.364483 2.677398 
-1.450476 3.077532 
-3.141567 2.617276 
-3.141538 2.315375 
-3.141574 3.182374 
-2.941819 2.772029 
-3.141565 2.402077 
-3.141588 2.092524 
-3.141545 2.529919 
-3.141588 2.304712 
-3.141588 1.390337 
-3.141582 4.432344 
-3.141434 1.610654 
-3.141539 1.728428 
-3.141590 4.070852 
-3.141588 3.523777 
-3.141585 3.167657 
-0.0600739 3.61714 
-3.06559 4.10079 
2.3731 3.13365 
-1.07559 4.2239 
1.52422 2.97417 
0.0698029 3.07014 
-1.94726 3.86486 
-2.13853 4.07006 
-0.766235 3.59214 
-0.86005 4.84108 
-2.89805 3.50983 
2.02238 3.46751 
1.13759 3.69222 
0.252713 3.87345 
1.87957 3.58866 
-1.55612 3.93167 
0.712419 3.54305 
-1.35916 4.27843 
-0.364075 4.38972 
2.2796 3.06294 
2.91071 1.98642 
0.54265 4.10505 
-2.43346 3.01501 
0.834986 3.7086 
1.18187 2.26602 
1.62742 3.41253 
-2.34241 4.02096 
2.72632 4.06523 
3.12674 2.56776 
-1.73311 3.1709 
-0.441011 4.24222 
-2.67369 4.01524 
-3.141592 3.943992 
-3.141523 3.166261 
-3.141566 4.386819 
-3.141573 3.139613 
-3.141583 2.901220 
-2.152749 3.207072 
-2.432628 3.099039 
-2.169312 3.270614 
-3.141592 3.207786 
-2.424245 3.591827 
-3.141541 3.486694 
-2.432841 2.925840 
-1.592327 2.672343 
-1.733126 2.666672 
-1.807230 2.983191 
-1.591992 2.459806 
-1.388540 2.776413 
-1.607896 2.419745 
-1.605077 2.825633 
-1.596284 2.067505 
-1.607989 2.113818 
-1.597925 2.010017 
-1.597928 1.624747 
-1.596576 1.676511 
-1.577224 1.575403 
3.141588 3.156329 
-1.515851 1.941725 
-1.582878 1.640034 
-1.632908 1.573622 
-1.647762 1.718805 
-1.577220 2.681762 
-1.623844 1.424513 
3.141483 1.084317 
3.141471 0.716740 
3.044948 0.883984 
3.141202 0.810272 
3.093999 0.373827 
3.104465 0.661265 
3.078761 0.762608 
3.104517 0.664578 
3.094003 0.760957 
2.970518 1.318480 
3.093992 1.026429 
3.094758 0.277592 
3.094910 0.373931 
3.116832 0.590589 
3.099898 0.405694 
3.110608 0.494505 
3.096786 0.411192 
3.107608 0.589311 
3.011421 1.145191 
2.777695 1.772260 
3.059444 1.048492 
3.094762 1.926960 
2.989653 0.681775 
-1.623844 1.519594 
-1.623808 1.617347 
-1.621217 1.285106 
-1.617268 1.369930 
-1.621152 2.208578 
-1.733350 4.897070 
1.063117 2.503810 
-1.621217 1.672927 
-0.893341 3.406565 
0.822352 2.987859 
-1.619852 1.201156 
-1.620738 2.314929 
-1.621217 1.415575 
0.0455206 3.88416 
-2.8958 4.31329 
-0.299793 3.94008 
0.620066 3.95123 
0.928274 2.93668 
-0.593436 4.15756 
2.12912 2.52209 
2.64118 2.6389 
2.84422 2.22535 
1.66983 4.131 
-2.41765 4.02143 
-2.31133 3.94867 
2.26767 3.02506 
-0.0261113 4.24963 
-2.62461 3.03247 
-1.0751 3.67387 
1.05947 3.72833 
-1.98363 4.70381 
-1.92672 2.6385 
-0.902242 3.08799 
1.86056 2.7763 
-1.41273 3.08328 
-1.63523 4.32722 
0.528932 3.56065 
3.05388 3.14921 
1.19188 3.49999 
-2.95547 4.5968 
1.51837 4.11055 
0.220014 2.66252 
-1.3116 4.7964 
-0.468676 3.84689 
2.40826 3.18417 
-1.788067 2.038152 
-1.913870 2.217174 
-2.061677 2.743522 
-1.719426 2.406747 
-1.863247 2.489456 
-2.999128 4.098539 
-2.366522 2.398052 
-2.501199 3.354293 
-2.360305 2.316948 
-2.303284 2.498710 
-3.141592 3.149243 
-3.141586 3.715629 
-3.141545 3.914647 
-3.141412 3.454974 
-3.141445 3.854204 
-3.141567 3.637514 
-3.141506 3.923028 
-3.141484 4.610862 
-3.141591 4.381545 
-3.141586 4.262936 
-2.835339 2.746565 
-2.838108 2.465781 
-3.141585 1.330821 
-3.141570 2.094754 
-3.141556 4.086786 
-3.095514 1.547955 
-3.141591 1.545404 
-3.141565 1.485952 
-3.042207 2.074540 
-3.118101 1.573555 
-3.141460 1.679575 
-1.836828 4.170253 
-3.096029 1.763182 
-3.141568 1.603006 
-3.141436 2.185593 
-3.095340 1.892836 
-1.341193 2.994868 
-0.773810 3.383717 
-2.362588 2.908695 
-3.141349 2.788414 
1.892775 4.000120 
0.928177 3.235374 
3.141556 3.413563 
2.082014 3.122997 
-3.141583 1.762884 
2.129005 1.526208 
3.141496 0.804786 
3.141591 2.262783 
3.141591 2.719470 
0.043781 2.645834 
2.820958 2.115417 
3.141555 0.771133 
3.141542 1.773723 
3.001828 1.305278 
3.141554 3.020678 
3.141559 1.469456 
2.132617 2.822439 
3.141526 1.052804 
3.104116 0.910265 
1.796659 1.955541 
3.141513 0.618365 
3.141526 1.406928 
3.141568 0.662950 
3.141490 0.498025 
3.119869 0.341604 
3.132294 0.520925 
3.089468 0.583293 
3.125223 0.590411 
0.151115 3.34336 
-2.52967 3.63691 
-0.580158 4.76336 
-2.9452 4.4697 
1.09505 2.83164 
-1.21127 3.77485 
1.93403 3.49652 
2.63873 2.28392 
-0.350045 3.3857 
0.336716 2.80605 
-1.48835 3.8054 
2.94051 3.73266 
1.27191 3.54961 
-1.77636 4.18183 
-0.98012 3.94894 
3.12803 3.75106 
0.703758 3.42054 
-2.17692 4.78537 
-0.611695 3.69262 
0.98065 2.74037 
-1.67975 3.42183 
2.34053 4.1796 
-2.11155 4.01197 
2.07789 3.37742 
0.468743 4.2156 
2.4609 3.44134 
1.71593 4.08015 
1.43002 3.02327 
-2.71813 3.86353 
-0.158204 4.19129 
-3.07487 3.52909 
-1.02664 3.65632 
3.141575 2.394591 
2.909637 3.029324 
2.638766 2.021031 
2.638728 2.105887 
2.641978 2.049120 
2.638736 1.164248 
2.641558 1.856569 
2.574344 1.634322 
2.608672 1.238826 
2.695218 1.039049 
0.379572 2.545176 
0.716707 2.518283 
0.605771 2.943723 
0.846598 3.181729 
0.336718 2.204458 
-2.529863 1.970395 
-2.529521 2.932636 
-2.949057 3.044962 
-2.445064 2.580551 
-2.529898 2.212853 
-2.528462 2.323812 
-2.548680 2.056616 
-2.532217 2.140537 
-2.529593 2.080101 
-2.522393 1.847403 
-2.240512 3.120018 
-2.522420 2.628187 
-2.525058 2.904614 
-2.521647 2.416659 
-2.522966 1.932978 
-3.141588 2.927770 
-3.036717 2.619784 
-3.141591 4.199308 
-3.141523 3.083018 
-3.038528 1.508358 
-3.141592 4.083848 
-3.141587 4.138001 
-3.141573 4.018744 
-3.141588 3.966611 
-3.141554 3.855223 
-3.056789 2.025329 
-3.141584 1.850908 
-3.035354 2.436417 
-3.037044 1.881251 
-3.023245 1.941659 
-3.073294 1.966868 
-3.039055 1.626586 
-3.038516 1.895286 
-3.038526 2.442526 
-3.045077 1.569998 
-3.038528 1.437999 
-2.678213 2.994565 
-3.038288 2.978035 
-3.038528 1.541790 
-3.038089 2.270589 
-3.038530 1.991503 
-2.522005 4.355601 
-3.038166 1.476191 
-3.034376 1.555983 
-3.038528 1.317753 
-3.038528 1.329661 
0.719154 4.484403 
-2.522359 3.048174 
-3.038528 1.251595 
0.151115 2.871103 
3.141570 2.960351 
3.141574 1.071982 
1.917214 2.884872 
0.0603599 3.50135 
-2.16353 3.3349 
-0.664174 4.02932 
2.15592 4.05721 
1.10759 3.16477 
-1.19642 3.85016 
2.45847 2.79508 
2.91053 3.07522 
-2.91899 3.22371 
-2.71213 3.83234 
-3.06083 3.63994 
0.545271 3.22166 
-2.01751 3.27792 
1.68851 3.56734 
1.31671 3.7586 
-0.93785 4.08933 
-0.343293 4.42702 
2.65792 2.93155 
1.87986 3.10088 
-0.0165972 4.43013 
-1.16448 3.95074 
0.628741 3.34031 
-1.6106 4.79998 
3.03121 2.73644 
0.214387 3.44207 
2.22079 3.62851 
-1.82668 3.29775 
-2.46423 4.2255 
-0.462667 3.7707 
-1.39264 4.11288 
0.882633 3.01821 
1.51422 2.97405 
3.031208 2.435117 
3.141465 2.217875 
3.141393 2.077696 
3.141589 1.844074 
3.141583 1.450637 
3.141576 0.374509 
3.141576 0.782257 
3.141481 0.744600 
3.141551 0.581599 
3.115247 0.674135 
3.141503 0.435429 
2.964678 1.429592 
3.137801 0.299880 
3.136960 1.128275 
3.134855 0.175753 
3.131662 0.461837 
3.134919 0.537656 
3.135510 0.347885 
3.133918 0.519392 
3.134825 0.442769 
3.134705 1.162270 
3.063992 0.980158 
3.134757 0.708766 
3.134846 0.998618 
3.134833 0.534451 
2.843771 1.824520 
2.843237 2.287659 
2.865502 2.090668 
2.765839 2.353122 
2.803821 2.302538 
-2.219077 3.260086 
1.514049 2.033571 
0.882712 2.476445 
0.882774 2.895000 
0.905018 2.504778 
-2.532892 2.323496 
-2.497641 2.848201 
-2.538474 2.468643 
-2.532910 2.743730 
-2.532824 2.466439 
-2.559346 2.441075 
-2.528815 2.125350 
-2.526150 1.981794 
-2.521563 1.755598 
-2.522214 1.687297 
-2.521963 2.657121 
-3.141590 4.015246 
-2.621000 2.227661 
-2.483225 1.619390 
-2.507382 1.632956 
-2.861522 3.405551 
-3.141589 3.128730 
-3.141498 4.256126 
-2.907509 2.854393 
-3.141579 2.935128 
-3.141571 3.652367 
-3.141559 3.405093 
-3.141561 3.517721 
-3.141580 3.782805 
-3.141591 3.548781 
-3.141533 3.540111 
-3.141547 1.905131 
-3.008934 2.570346 
-3.141587 1.682263 
-3.111019 2.424537 
-3.141591 1.394904 
-3.141491 1.665070 
-2.570015 3.301672 
0.165954 4.3684 
-1.79739 4.41218 
-1.14089 3.21165 
2.29428 2.23026 
-3.05626 3.12964 
-2.61536 4.31612 
2.72132 3.25537 
-0.0963901 4.15386 
1.09725 3.1542 
0.9504 2.12158 
2.49589 2.40539 
0.681466 3.02819 
1.75555 3.91066 
1.90126 3.12955 
-2.80523 3.13018 
-0.388947 3.85275 
-0.885356 3.50242 
-2.47142 3.39939 
-2.22567 3.91877 
-0.658203 3.60757 
-1.29309 3.54132 
2.86163 3.43563 
0.479979 3.87778 
1.42189 4.25865 
0.392187 4.29146 
2.00309 3.53809 
3.00326 2.08783 
-2.08811 4.22 
-1.39991 3.96305 
1.35869 3.13049 
-0.515643 3.9537 
-1.59536 3.81763 
-3.141590 4.108837 
-3.056249 3.411065 
-2.917616 2.362777 
-3.141543 1.809796 
-3.141592 2.004275 
-3.141589 1.525116 
-3.141587 1.277050 
-3.141587 1.454494 
-3.127616 1.472246 
-3.141587 1.337591 
-3.141592 1.817066 
-3.141587 1.135900 
-3.141566 2.760805 
-3.141587 1.367658 
-3.141591 1.875184 
3.141511 2.919484 
3.141565 3.217261 
3.141482 3.012055 
-3.141580 4.864339 
2.495705 2.194103 
3.141383 0.152297 
3.141544 1.003221 
3.141538 1.721543 
2.777147 2.096860 
3.141524 3.773436 
3.141572 0.899930 
3.141589 0.595277 
3.141546 0.844297 
3.141477 0.701203 
3.141485 1.151452 
3.141276 0.412819 
3.141562 1.746981 
3.141376 0.229058 
3.111142 0.677627 
3.141564 1.243048 
3.141433 0.508134 
3.141269 0.646432 
3.137991 0.351506 
3.138867 0.580446 
3.136398 0.697619 
-3.141554 2.747255 
3.138805 1.443819 
2.993254 3.743561 
3.138162 1.884950 
2.637668 1.908528 
-3.141584 2.407274 
2.283151 2.986420 
1.799521 2.156007 
3.141541 2.804764 
0.949907 3.545184 
-0.254566 3.751411 
-3.141479 2.235490 
0.322744 2.857593 
-3.141576 1.243137 
0.599119 3.051414 
-2.309726 3.705839 
-3.141590 1.947031 
-3.141467 3.241220 
-3.141587 1.144831 
-1.182830 3.977391 
-3.141584 2.525075 
-3.141533 2.491958 
-3.042527 2.080201 
-3.141591 4.326314 
-3.141592 2.583757 
-3.141384 3.930976 
-3.141592 3.869837 
-3.141473 4.135085 
0.271549 3.06875 
-1.62761 3.72538 
-1.2249 3.69821 
0.186914 4.17836 
-0.866446 4.20358 
2.39351 4.08862 
-2.95268 3.87086 
3.14054 3.30446 
2.63354 2.55693 
-0.719272 4.54339 
2.88641 2.44301 
1.45533 4.04433 
0.452841 3.88713 
-1.93583 2.55001 
-2.17908 3.35584 
1.67774 3.98593 
2.05498 3.09379 
1.14994 3.12935 
-2.72133 3.63214 
1.78821 2.97868 
0.702688 3.59019 
1.33387 2.82619 
-1.97017 3.47336 
-1.46247 3.66963 
-0.53489 4.21183 
-0.316401 4.19684 
-1.05453 3.46494 
2.20376 3.48415 
-0.00812302 3.55613 
-2.86905 3.9426 
0.848982 3.16519 
-2.4687 4.80407 
-3.141457 3.961902 
-3.141537 3.279272 
-3.141459 4.333626 
-3.141557 3.772758 
-3.141522 3.999517 
-3.141557 3.137845 
-3.141591 4.262621 
-3.141591 3.397194 
-3.141518 3.936564 
-3.141581 3.775412 
-3.141585 3.034152 
-2.951532 3.275399 
-3.141523 3.334661 
-3.141578 2.535667 
-3.141479 1.967768 
-3.141521 2.193288 
-3.141581 1.684669 
-3.141589 1.102067 
-3.141176 2.804304 
-3.084552 1.856277 
-2.518491 3.398749 
-3.141587 1.413674 
-2.154356 3.331409 
-3.141590 1.298209 
-3.141441 2.629116 
-3.138596 1.309628 
-1.161353 4.006010 
-3.141590 1.547913 
-0.509907 3.555700 
-0.003568 4.332867 
3.141502 1.765515 
3.141589 1.137012 
1.893971 3.967691 
-3.141592 1.866467 
2.520035 3.255957 
3.141542 2.973483 
2.906973 1.228211 
3.141491 2.550997 
3.141474 2.712953 
1.856851 2.823174 
3.141255 0.118212 
2.834638 2.042865 
2.741783 1.914596 
3.141554 1.862551 
3.141500 1.389119 
3.060530 1.019218 
3.141556 0.705642 
3.141556 0.660891 
3.141253 0.907521 
3.141590 1.002980 
2.128384 3.245531 
3.141482 0.432823 
3.141464 3.221928 
3.141307 0.394743 
-3.141559 2.736676 
3.141556 0.559499 
3.141517 0.835086 
3.141587 0.762719 
3.141478 0.791567 
3.141437 0.508343 
2.998870 1.678292 
3.102036 2.198045 
2.914573 1.742373 
3.141473 2.257439 
2.907032 2.055262 
1.919729 2.772198 
1.258849 2.669609 
0.246102 2.885548 
0.377143 3.2738 
-1.26147 4.14372 
-1.50527 4.04032 
1.25058 4.06909 
-0.698329 2.60544 
2.22869 3.08327 
-0.513573 3.80135 
0.140956 4.15401 
1.75313 3.69658 
1.79592 3.10799 
2.91478 2.88918 
-2.58771 3.71047 
1.42897 3.57048 
0.706622 3.16004 
0.57732 3.83448 
-1.64402 4.34656 
-2.49663 4.84452 
-3.07907 3.52214 
-0.27107 3.97935 
2.4237 3.13509 
2.62037 2.05318 
0.855006 4.18204 
1.07431 2.54522 
-0.790326 3.73787 
-2.03835 3.53185 
-2.20416 3.51425 
-2.78278 2.95564 
2.10497 2.45394 
-1.88229 4.46952 
-1.13927 3.9316 
3.1213 2.63825 
-0.143233 2.57421 
-0.144235 2.531394 
-0.625729 3.096373 
-0.144228 2.822899 
-0.698337 2.519109 
-0.372408 2.761908 
-0.748393 2.162203 
-1.020638 3.013116 
-0.745627 2.495327 
-0.763852 2.317708 
-0.750144 2.661510 
-2.723079 2.009892 
-2.772332 2.589054 
-2.323273 3.276971 
-2.722489 2.271214 
-3.141550 2.300486 
-2.792947 2.346409 
-3.141471 4.745908 
-2.910547 2.488612 
-2.742059 3.002927 
-2.714528 3.119166 
-3.141591 3.567719 
-3.141537 2.850093 
-3.141509 4.012984 
-3.141564 2.665676 
-3.141574 2.894851 
-3.141554 2.901273 
-3.141566 4.447840 
-3.141583 4.337727 
-3.141585 4.042366 
-3.141585 4.007988 
-3.034078 2.438135 
-3.141592 4.379171 
-3.141566 2.768711 
-3.141590 2.909363 
-3.141588 3.262752 
-2.732742 3.023715 
-3.141464 2.476874 
-2.724644 2.218057 
-3.141569 3.595107 
-2.712960 2.807556 
-2.792987 2.371910 
-2.686643 2.321794 
-2.723189 1.997076 
-2.718320 1.895257 
-2.718317 1.768661 
-2.718313 1.912776 
-1.342231 3.186624 
-2.718317 1.754638 
-2.718317 1.774424 
-2.718317 1.831462 
0.285991 1.914970 
3.141525 3.620299 
-2.718317 1.718724 
2.092728 3.710061 
-2.718320 2.080798 
2.620708 2.959789 
0.286143 2.589831 
0.300854 2.250889 
2.871446 1.492647 
2.104995 2.312667 
2.757234 1.587463 
2.587053 1.943687 
2.872946 1.824484 
3.016306 1.250938 
2.824947 1.546016 
3.141577 1.641751 
3.016269 1.673779 
2.951075 1.382280 
0.286388 4.13348 
-1.09168 2.7506 
-1.58929 3.92053 
-2.51104 4.87132 
0.0433836 3.37126 
-2.89141 3.76868 
-0.226572 4.09865 
0.424773 3.86646 
2.53518 3.15555 
1.63922 3.68553 
2.7468 2.46846 
1.1853 3.08529 
3.08533 3.14836 
2.17042 2.99429 
2.76267 2.89443 
-0.826294 3.44102 
-2.60374 3.68775 
-2.13595 3.61707 
-0.179475 3.48934 
-2.31285 4.99403 
1.87813 4.07267 
-1.36446 4.51626 
-1.49579 4.25899 
1.39983 4.04527 
2.1338 2.68875 
0.754792 4.45262 
-0.773276 2.8094 
-3.06294 4.10733 
-0.436055 3.48034 
-1.87716 4.07869 
0.799346 3.69009 
1.01273 4.09031 
2.746799 1.983285 
2.746751 1.772840 
2.585825 2.258532 
2.903644 1.566233 
3.141550 1.336553 
3.141549 2.014855 
3.141533 1.233175 
3.141462 1.161998 
3.141518 1.077210 
3.141548 1.072732 
3.141327 1.312665 
3.093295 1.160689 
3.051963 1.209650 
3.063519 1.236213 
3.026018 1.190876 
2.484403 2.084119 
2.723918 2.041491 
2.192378 2.136054 
-3.141544 2.721922 
2.069034 2.525496 
-3.141589 2.499036 
-3.141573 2.263941 
-3.141558 1.796744 
-3.141495 2.116324 
-3.141474 2.034297 
-3.141561 1.588092 
-3.141559 1.295511 
-2.984392 2.323770 
-3.141568 1.489575 
-3.141577 1.178196 
-3.141592 2.149565 
-3.141566 4.864347 
-3.141586 1.295905 
-3.141532 2.021296 
-3.135177 1.333455 
-3.141561 3.717118 
-3.141585 1.772472 
-3.141565 3.054585 
-3.141578 4.570120 
-2.344032 2.950014 
-3.141484 4.072156 
-3.141555 4.075804 
-3.141576 2.516602 
-3.141589 2.605200 
-3.141592 4.630748 
-3.141569 4.329050 
-3.141582 4.493832 
-3.141590 4.706919 
-3.141592 3.768141 
-3.141584 4.092338 
-2.750653 3.986328 
-3.141586 1.856578 
-3.141582 2.310413 
-3.141586 4.203703 
-3.141585 2.366642 
-2.505793 3.418875 
-1.866350 2.806866 
-3.141576 1.368811 
-1.977205 2.690792 
-3.099458 1.756644 
-1.651085 2.858898 
-3.141577 2.758019 
-1.337894 3.349214 
-1.601136 2.856794 
-3.141577 1.125189 
-0.594008 2.702469 
-0.732248 3.582932 
-3.141577 1.151711 
0.391983 3.81535 
-0.921898 3.86962 
-1.86965 4.49164 
0.0105308 3.95732 
1.01115 3.67093 
-0.0885515 4.27881 
-1.55621 4.09027 
-2.64083 3.30914 
-0.70276 3.82289 
0.497122 3.66724 
2.29855 2.56139 
2.11439 2.83944 
-0.297957 4.26594 
2.78811 3.49445 
-2.54379 3.01765 
-3.09545 4.1994 
3.08385 3.25794 
2.70344 3.68451 
-2.8998 3.19384 
-0.458056 3.94771 
-1.13527 3.95832 
1.45506 4.12416 
1.92743 3.54249 
2.44005 3.46141 
-1.97797 3.58193 
1.7512 2.33725 
0.905165 2.73651 
1.26773 3.21299 
-1.74474 3.90119 
-1.22869 4.61886 
0.671015 4.44476 
-2.20135 3.00646 
-2.201360 3.235282 
1.177930 2.753007 
1.254296 3.287899 
0.905164 2.558573 
0.920245 1.810158 
1.080342 2.166182 
0.846578 1.770459 
0.781104 1.690832 
0.805975 1.930309 
0.702302 2.208034 
0.781440 2.028408 
0.781104 2.052468 
0.918442 1.702252 
0.888237 1.882951 
0.781104 1.565536 
0.781099 1.204071 
0.781102 1.315320 
0.787668 1.322739 
0.969864 2.338265 
3.141301 1.770349 
3.141588 2.999395 
0.781086 1.257314 
2.452944 2.473044 
0.779182 1.577972 
0.781086 2.239079 
0.769027 1.143989 
0.769036 1.296935 
0.769047 1.548361 
-0.974917 3.357775 
3.141287 0.661193 
3.141544 1.280010 
3.141559 1.963375 
0.186219 3.191420 
2.064615 3.184742 
3.141580 1.069542 
0.774482 1.188373 
1.518272 2.392988 
0.774479 1.706364 
0.772122 1.471398 
0.769370 1.490103 
0.717605 1.784688 
0.701772 1.894667 
0.743632 1.585401 
0.681899 2.044504 
0.663966 2.106718 
-3.141575 3.265932 
-2.203446 2.814508 
-2.193851 2.957768 
-2.216312 2.471513 
-2.101640 2.471240 
-2.153070 2.260248 
-2.152921 2.193767 
-2.127377 2.283175 
-2.156452 2.296399 
-2.167513 2.090556 
-3.141563 3.920363 
-2.350384 2.850149 
-2.316821 2.458245 
-2.317039 3.315140 
-2.370764 2.633812 
-3.141550 3.779832 
-3.141553 3.854260 
-3.029612 2.226418 
-3.141573 1.693247 
-3.065917 1.830253 
-3.141578 2.829997 
-3.141574 2.863351 
-3.141593 4.160745 
