81.972782 117.002343 
310.835152 46.0815579 
121.347466 121.325409 
179.220187 4.35690254 
143.070996 251.263 
196.893373 19.4396315 
123.855663 254.82279 
251.999804 149.324366 
142.651306 126.428073 
36.5612958 247.729751 
17.4518667 211.589913 
35.221123 261.173406 
66.8804657 72.6907023 
211.47171 43.9441185 
107.205379 29.7406982 
77.1659722 221.49327 
23.2133634 193.957824 
67.1038659 243.937995 
102.631181 119.326319 
142.857027 32.8951417 
103.095857 253.251604 
200.332692 6.90461475 
155.691534 114.495778 
237.23426 14.2913542 
39.8014382 182.859581 
279.575061 177.44829 
219.427673 0.3185417 
200.76556 108.094716 
132.52598 304.816201 
146.564439 195.804023 
81.8666954 130.984399 
213.509315 93.9575011 
194.03059 37.4783907 
6.20032099 355.143653 
274.044629 84.5442445 
10.253332 101.384538 
169.262145 56.1105687 
147.163472 246.051942 
56.0601963 66.3669839 
116.256992 99.2251835 
181.460055 20.0339535 
221.043626 207.580656 
43.5737866 114.065388 
79.1489808 20.2837163 
100.630094 184.227762 
197.19561 138.138288 
5.51528299 356.970977 
202.692127 34.6408004 
45.6663136 195.140909 
6.86464516 15.1535953 
123.554811 9.21003232 
9.40635528 288.904753 
209.844509 101.844078 
47.6693487 278.461154 
61.0397919 198.217564 
14.424065 289.531535 
55.4950297 297.253243 
191.482219 85.5899154 
74.9899209 296.492351 
151.838127 191.442211 
306.856093 41.8811832 
107.191048 84.8753235 
180.695833 68.662402 
257.357046 147.493484 
192.234743 76.2111946 
13.2537 1.45967 
68.8764 15.0588 
22.9808 4.48461 
22.0102 5.50742 
15.8121 9.2449 
11.3857 4.53151 
75.7332 5.76829 
15.5116 4.89651 
3.80092 3.77779 
31.7341 8.43559 
19.5654 4.50163 
11.5803 1.97681 
2.25967 1.16321 
2.47926 1.86074 
7.60213 3.34569 
3.71216 5.02078 
5.63527 6.54209 
3.1638 3.37777 
2.62832 0.715754 
4.69467 3.81492 
5.28197 3.61861 
5.20269 4.84731 
3.99536 5.84357 
0.982298 1.30567 
0.888456 1.60605 
3.22331 4.21176 
4.52394 7.4362 
3.46877 6.15917 
0.985614 2.46749 
5.46644 11.7666 
7.97525 16.5449 
4.94936 11.0147 
8.58503 39.3216 
2.88893 25.7212 
0.858561 10.9256 
54.3613328 74.9938191 
244.422634 54.3266186 
76.7125892 38.0955962 
166.053539 104.678114 
10.8856979 130.78429 
86.6775026 111.347943 
1.78915805 252.314586 
6.94477773 191.675393 
186.11672 16.3077739 
349.253708 22.3633424 
173.523919 140.813967 
109.069155 240.171658 
66.0529982 63.1034945 
37.6183353 157.400283 
198.924052 77.9524038 
36.885746 192.440893 
196.319091 15.9189 
129.367876 95.0766463 
136.117929 161.57784 
154.222258 103.82816 
264.944395 61.6144353 
19.6442028 129.942344 
161.594485 3.56443842 
444.649901 0.572661353 
352.658375 42.3872939 
107.244212 202.097299 
79.8640049 204.371501 
91.5131818 34.802075 
18.3850494 362.008521 
119.390539 279.03509 
122.423425 173.561704 
44.4512519 161.498338 
164.470714 260.064832 
89.5701732 249.822582 
204.397071 88.1107139 
46.310924 82.1950866 
235.672729 107.553904 
182.01289 59.4858895 
320.505614 49.703865 
232.368147 132.616369 
115.264408 235.821095 
48.0941625 278.185995 
297.317741 59.2611089 
10.262939 376.004103 
21.9319096 221.073809 
53.766865 263.942695 
107.295313 63.1471777 
113.051616 186.271378 
101.067563 289.909194 
141.345808 44.0790784 
52.8635736 197.862279 
107.544521 123.398771 
181.054687 23.9830142 
243.156652 11.0598608 
313.979318 55.1972864 
34.6507696 298.738731 
75.5492407 247.476982 
71.2167835 21.2959815 
164.1943 147.764358 
119.909987 94.3446272 
148.891221 78.9423376 
257.003978 64.4813354 
22.8400729 186.84374 
158.324139 158.075426 
126.251321 137.688806 
23.8742 2.91015 
179.231 2.15242 
41.5046 10.763 
12.8132 4.42141 
46.9991 4.68599 
89.6465 4.06212 
176.921 1.09313 
72.0943 10.1146 
10.3079 3.2144 
44.5683 13.0006 
8.31725 3.56507 
1.97369 1.36375 
6.18113 3.12811 
7.62296 3.44297 
10.1926 3.74164 
5.65547 3.40051 
2.64945 1.27709 
3.82291 3.44911 
10.8897 7.9994 
4.37162 2.77392 
1.23017 0.717869 
2.72296 2.82203 
4.10622 5.23457 
6.60222 6.29609 
6.91243 8.23478 
2.47772 2.87372 
6.22374 4.90994 
0.607498 1.56451 
2.59762 5.09014 
2.16326 3.95809 
5.94363 13.3637 
4.07815 6.56064 
7.63095 43.2234 
5.19588 60.9729 
6.76104 39.6565 
132.368372 176.526536 
258.884464 66.2714625 
254.137333 49.7400014 
65.4224177 195.812254 
254.579149 73.7086851 
126.639655 4.55540958 
187.781504 56.8065384 
106.362622 164.40579 
288.521106 140.071899 
122.926533 85.8922297 
151.118967 51.1390396 
224.189196 32.7581534 
120.835788 243.705178 
205.840453 163.642672 
305.428995 63.2210672 
32.0035921 139.696888 
39.1761309 150.27934 
127.337625 146.366612 
44.3775144 252.04316 
346.243048 22.3816924 
259.787064 6.8290278 
113.532452 8.51252722 
117.020817 226.152681 
6.83088098 357.47846 
13.9087309 114.68831 
103.44483 273.794144 
220.182903 141.918393 
146.988587 122.068504 
142.146811 201.491946 
173.559145 62.9702582 
176.594187 101.200113 
34.2147823 309.359361 
163.330499 120.813496 
210.571013 128.227588 
97.3266452 13.2682372 
223.91897 88.1275847 
88.4464674 94.9614464 
164.775881 161.696284 
96.9367654 87.8688704 
157.113285 259.058561 
263.979524 111.506172 
11.0941186 128.225527 
227.639249 120.713521 
74.7561716 170.534976 
2.81158859 226.681901 
58.6800518 130.73898 
234.330318 0.181004814 
167.304036 206.583921 
134.027416 60.5247411 
109.204485 12.1161626 
8.6498653 128.435275 
11.7573817 265.904311 
367.559673 33.2233836 
35.7607693 232.175958 
16.0934658 327.387974 
221.321229 38.3191911 
66.6646492 172.182307 
83.0460014 104.479453 
174.857856 40.9152604 
42.3108387 143.798017 
73.6698599 329.930128 
33.1010449 167.040766 
118.323672 112.656154 
113.051251 193.187806 
63.0101456 201.655105 
17.1295 1.15802 
52.611 5.5263 
18.4371 3.70598 
15.2033 4.62612 
42.3244 5.59707 
77.3713 7.09237 
59.3223 7.06308 
8.37118 2.84212 
17.6417 3.35834 
29.1103 8.06016 
23.0143 5.22904 
23.2958 5.60415 
2.28576 1.29 
5.16133 1.7325 
6.43352 2.6997 
9.3832 3.85793 
7.24555 2.91783 
2.5134 0.558948 
0.660577 0.597054 
4.10421 2.80827 
3.79074 3.06927 
3.64116 3.96422 
2.76942 4.14777 
4.61178 5.6684 
6.21305 6.67978 
3.16872 3.64583 
0.72067 0.922502 
2.87811 6.97114 
8.19726 13.7592 
2.08306 3.20221 
2.18893 4.24093 
9.35486 28.6704 
2.20789 31.3244 
8.57307 39.7288 
7.40725 31.6263 
137.324161 177.065522 
165.470913 52.5886805 
1.09051341 243.937486 
147.350743 18.6745536 
314.554043 67.5828017 
170.336296 186.417591 
108.404968 28.411644 
200.00352 195.850698 
78.0501223 21.990249 
13.7927139 104.74271 
71.0692426 178.348616 
158.318251 73.1877758 
120.075154 85.3469872 
395.856326 24.0162265 
208.850037 78.9726403 
148.903266 85.3073722 
81.1387939 175.409233 
75.5966143 45.1183556 
20.6892194 287.235587 
121.819237 242.444408 
7.38390944 252.583525 
95.9217356 141.502357 
110.121432 153.284548 
97.7976005 114.097693 
203.184282 7.49759824 
207.365054 104.582647 
148.22375 100.981072 
298.317944 73.0506252 
73.2682058 311.861415 
56.8515584 304.860717 
255.8927 100.25634 
270.398952 49.6069672 
31.1012253 326.888382 
75.853677 119.467421 
26.1691265 79.2390824 
106.540934 257.740522 
56.1604962 147.093066 
174.605502 200.539463 
75.7279429 131.031896 
71.9255182 257.741604 
176.417571 1.93520149 
9.37684292 216.666113 
103.048503 189.279535 
45.3371412 173.771751 
172.824874 75.0901789 
24.3455392 154.270114 
88.6759785 79.9910506 
233.238541 119.996573 
320.797546 105.114829 
62.0959084 282.828838 
341.812571 57.8886543 
177.614113 170.135669 
314.761429 5.97761869 
305.471879 24.7160374 
272.777357 30.3125211 
154.183596 101.792133 
21.9431689 71.084095 
204.173695 160.747998 
178.967189 25.9270152 
17.8620442 356.62839 
42.0693762 244.663139 
302.112474 26.4174569 
97.3078955 159.704288 
109.386491 91.0672399 
13.8464031 133.644909 
4.79214 0.504178 
70.2439 1.33304 
17.0561 6.83208 
39.2485 7.08619 
36.4394 5.00506 
114.535 8.20741 
71.2404 4.65934 
6.63724 2.79211 
42.4946 9.53359 
10.8965 6.64897 
18.5656 4.55676 
13.0211 3.62201 
5.20172 2.5199 
2.60174 0.914387 
3.64027 3.18643 
5.08835 3.54074 
0.889445 0.458118 
9.24286 6.96922 
3.89595 4.28178 
12.0771 16.5536 
2.85019 1.41807 
4.28079 0.830794 
3.10323 2.59321 
1.04207 1.57367 
2.04115 2.5087 
7.94885 8.47295 
8.19249 10.7769 
3.90449 8.44071 
1.37105 2.66992 
10.1488 18.2507 
3.1652 5.60992 
1.15279 3.10476 
5.664 32.9096 
7.62284 53.5351 
7.2639 24.0082 
66.6140158 83.0569661 
198.180957 70.7702219 
18.6447597 67.8674533 
30.7577639 276.183114 
267.176506 1.52395235 
64.2348956 130.969506 
221.278429 55.4583891 
82.0649109 220.219316 
201.007122 102.046592 
76.318281 194.119966 
84.8502445 128.979417 
1.71094412 131.85985 
208.351523 4.43449442 
129.98483 184.310042 
149.236181 209.262933 
66.6011398 72.4701656 
309.338767 50.6063737 
71.3393444 151.605254 
289.494527 29.7535593 
99.1749162 122.494015 
58.368305 222.312162 
223.11435 64.0661 
285.29186 35.8704383 
78.4333151 31.5160614 
53.9578019 346.30686 
320.292429 47.6681246 
102.574427 90.1235073 
32.3214277 154.468328 
92.1504884 175.425507 
16.3003299 225.028807 
207.645706 127.478232 
77.085441 181.055124 
66.0424622 105.77747 
283.099037 193.589894 
45.5218881 1.96691116 
115.764353 24.1866368 
299.354105 74.0733855 
182.097723 203.178977 
127.759183 128.91278 
10.4611279 273.819441 
189.925686 105.045103 
6.41274719 277.078271 
175.787959 83.6653264 
30.5355735 310.677237 
208.459356 37.9605202 
323.494944 20.0397781 
47.071645 339.690897 
134.58024 129.11428 
132.697856 99.1696054 
248.090907 21.8612252 
14.2368606 85.6490585 
196.345529 104.778382 
42.1935653 212.522598 
299.990814 102.962797 
62.7063028 178.946868 
81.4555112 254.722864 
81.9696918 143.10538 
78.0321658 322.495729 
328.341964 22.2515007 
208.856615 163.681461 
200.278822 170.95617 
229.932426 69.3468834 
158.439395 65.619482 
14.5798802 257.868694 
144.231759 90.8523424 
59.6833 6.47209 
58.2387 4.60115 
135.638 14.3735 
10.7441 2.44782 
17.9231 3.55897 
37.2713 11.0082 
48.6262 7.54228 
14.2463 4.69808 
19.7781 5.32725 
1.51005 0.66578 
9.30171 3.68832 
11.7968 4.24252 
6.71525 4.11366 
8.82751 4.42038 
10.7516 5.21441 
1.409 1.05953 
7.14688 2.95872 
2.22016 2.17951 
7.50468 4.04813 
8.39302 6.9437 
2.48163 2.67682 
9.89147 5.20514 
4.20179 4.61471 
5.2962 5.29384 
2.43856 2.30127 
0.897045 1.2632 
4.78667 6.21157 
5.84068 12.9005 
10.9714 26.0321 
3.91344 7.53694 
0.64396 1.78726 
0.800056 1.56371 
6.63649 30.5219 
3.21282 7.49083 
5.19954 21.7638 
102.067928 123.076943 
136.641025 63.0888418 
117.808809 244.305429 
43.2582309 224.28211 
253.700689 27.5153936 
51.1282637 44.8694105 
87.1065047 115.128556 
88.6304307 219.788482 
155.2771 225.572037 
168.262828 117.460539 
222.889895 138.911081 
7.62796267 239.780709 
17.3505245 232.155193 
69.5491599 324.203481 
223.80896 9.06970903 
114.970145 31.8819924 
1.11234972 184.5217 
216.956626 67.1242061 
53.6943993 315.478951 
241.897138 99.4193016 
119.22206 279.552436 
197.043624 15.9555819 
229.327014 32.2732943 
13.2133304 245.73059 
226.640993 117.359252 
27.3937781 290.231228 
192.86914 128.245809 
94.3535175 72.6007065 
32.1606547 209.576634 
137.330892 214.796803 
44.1127122 96.0000891 
262.851664 65.2861491 
233.20647 44.8623837 
210.170243 80.0549893 
121.263197 124.215353 
390.488295 12.3500171 
165.200156 158.799178 
90.4588435 156.945112 
74.3673616 60.9783547 
93.1707686 0.135996953 
194.829741 107.467557 
219.42484 108.446686 
95.5997724 124.44227 
319.877118 71.0183381 
72.925468 215.063455 
306.271649 55.1814816 
59.737991 248.165275 
121.652221 140.823447 
205.748933 11.857509 
148.861404 112.131819 
58.1608645 193.480091 
137.983244 143.677799 
275.109354 73.750023 
312.034714 37.8808426 
190.73867 84.329856 
174.58807 57.2347277 
19.0167466 161.925169 
129.182347 245.623499 
82.653463 140.870305 
213.718874 21.6431293 
38.9905022 105.787955 
58.2396577 195.703976 
35.983497 289.843838 
65.9495672 252.813 
3.06284473 138.950797 
4.96712 0.591078 
45.2081 3.37234 
87.7726 4.72868 
30.1788 5.44068 
54.8218 5.60955 
83.8964 3.24553 
71.7897 6.13511 
10.6914 3.532 
15.1579 3.36082 
15.0811 3.85209 
15.1527 4.07417 
34.586 9.58955 
1.81198 0.96739 
1.20261 0.455138 
8.0289 3.66436 
3.35858 2.10176 
2.90976 2.03193 
4.04171 3.3582 
4.25806 3.40346 
3.47751 1.99552 
3.71966 2.26656 
5.64278 2.60987 
4.80933 3.94742 
1.0677 1.12158 
5.18328 6.32004 
0.757301 0.755911 
8.55137 9.44544 
2.33086 4.96292 
1.32699 3.48666 
4.43882 8.24746 
1.95199 3.62403 
6.55717 15.6649 
6.66325 24.1765 
4.21591 22.3311 
7.0693 33.2203 
174.18426 216.160017 
273.692646 149.471199 
150.987567 154.982886 
194.237513 44.3373068 
194.101124 128.973913 
14.2494181 222.579128 
207.340161 69.4722878 
116.455848 89.9184027 
71.5411535 173.8839 
167.160349 45.9499515 
312.112401 8.19757314 
142.265215 153.731289 
107.78036 52.4680537 
185.782992 49.4890478 
45.9568476 163.563524 
323.561607 19.8992474 
109.628797 23.1226327 
11.3381105 158.276967 
369.999464 42.0515822 
80.9453873 158.150181 
64.6419682 365.551942 
11.36214 371.843747 
80.2287171 92.2943281 
214.479961 36.5914059 
53.9586469 216.528069 
3.76611676 267.611428 
147.37512 106.79063 
167.874646 260.742421 
168.46438 280.042249 
133.332842 56.9127003 
8.75203709 270.858158 
35.2718803 116.277257 
171.600202 22.9238316 
81.4295859 104.357586 
156.747545 48.5046937 
370.134339 32.0744151 
124.975866 216.495305 
245.182263 134.355838 
91.9496923 265.343191 
143.049959 209.304917 
104.184073 138.155628 
71.8902203 198.558774 
141.265538 86.8431098 
10.7216097 39.3818684 
216.800055 8.70599944 
38.8565314 417.398121 
230.989832 46.203862 
241.280665 35.210152 
28.3926372 125.602481 
183.339849 75.4089589 
65.9914585 147.569437 
31.0334271 238.542902 
30.926351 284.354506 
39.4862197 211.916565 
166.619327 2.5183334 
149.582953 137.01133 
268.796349 189.795746 
219.652122 103.527506 
178.041433 158.849849 
73.3485159 176.187758 
70.9924754 145.329141 
149.185301 124.189291 
86.2157328 31.7993758 
137.394765 10.5579771 
33.3696952 213.581421 
33.5469 5.00723 
54.1892 3.23402 
8.52626 3.17209 
28.743 5.11059 
31.9405 3.85991 
89.5879 9.9168 
157.198 12.7277 
10.2451 4.9875 
6.41117 1.8584 
15.5059 10.1987 
26.1268 6.28408 
8.89513 4.89483 
17.1621 7.26645 
4.46787 4.08318 
1.22671 0.960538 
3.12406 1.33614 
5.66091 4.36242 
12.1493 8.78255 
2.2708 2.5267 
1.88005 2.49039 
3.56291 5.19244 
1.53087 1.59587 
3.70896 6.18902 
1.54842 1.57082 
7.33385 8.40067 
3.71679 4.65878 
4.72129 6.02336 
10.5077 25.3316 
8.62369 22.1203 
4.05555 9.47122 
9.791 18.167 
2.44046 4.0086 
2.25307 13.7303 
6.07467 23.1924 
7.1767 36.7948 
108.98791 122.955214 
238.438065 143.179169 
5.72077811 405.979285 
129.987366 260.714522 
47.4099907 49.4160985 
54.4394196 207.908824 
273.967547 23.008918 
5.23117234 266.495444 
176.79898 118.891027 
113.755956 136.779908 
209.161207 53.3022891 
144.314545 193.674589 
191.775772 80.3176365 
65.8470263 48.4613725 
27.0031124 162.024286 
150.488151 146.875373 
230.024183 196.896493 
25.8863249 316.257705 
237.573284 27.6023011 
99.4202456 88.5278433 
72.8929771 250.777289 
284.610513 95.3070091 
295.166532 14.9615951 
291.639243 84.5093095 
25.0248975 208.833028 
115.549943 60.7382465 
111.789448 163.178435 
31.9160772 90.3956142 
210.681934 65.1658749 
58.3776879 188.641244 
193.529898 253.372262 
30.0344907 302.078328 
50.8743646 270.863257 
20.3641855 165.59553 
122.114379 187.67415 
169.361385 32.1416936 
108.985952 177.917483 
8.43257228 215.977874 
193.643968 147.835032 
162.2995 28.8064239 
207.079083 92.8100445 
407.615711 30.6968372 
114.227776 217.143039 
113.991877 66.0584078 
226.565182 8.76531191 
37.7773608 152.299205 
34.8767679 229.800989 
64.3464508 163.769815 
218.913798 85.3446954 
39.4174698 186.142333 
9.92410223 183.39658 
102.582525 248.038062 
135.755722 293.00225 
69.9500946 120.229324 
103.371438 51.6481299 
256.194272 96.4107357 
188.16386 123.376623 
120.604236 0.039193035 
213.67227 3.84558812 
143.224687 18.841717 
235.472374 37.2558093 
92.3592318 257.039907 
160.854725 154.813145 
156.74498 35.4844934 
170.736802 41.2388824 
10.7558 1.22833 
32.8961 5.87597 
26.355 6.18178 
54.6944 10.7793 
59.1397 4.65107 
27.5751 3.74407 
12.5516 4.62502 
6.05846 2.36096 
20.0176 6.19122 
17.4745 4.64615 
12.0912 5.58629 
38.0247 5.82477 
1.26516 0.841844 
1.43891 0.731625 
5.91354 2.69489 
2.06351 1.08499 
7.77319 4.52705 
2.94752 2.30885 
5.93748 3.74038 
5.38474 2.9758 
5.86911 4.41696 
3.41482 1.56172 
3.58822 4.24379 
1.73429 1.80671 
1.64043 2.25259 
2.16788 1.81461 
4.27657 4.66066 
6.39018 14.1755 
6.07622 11.5464 
5.09575 8.49391 
0.866 1.24532 
4.63016 7.76362 
1.85323 11.4459 
3.78597 14.6631 
0.457742 1.49587 
172.601867 200.365789 
268.001914 188.204688 
226.323033 41.4750183 
26.4766683 273.282586 
14.1552461 305.950248 
23.391966 210.714085 
124.08339 19.3301023 
80.0473371 267.670058 
95.8697685 167.228669 
47.5064869 221.765583 
194.768495 181.203939 
105.716983 87.2281628 
94.7897406 135.690852 
122.578198 191.312746 
137.962654 3.59437945 
132.208631 30.5008632 
307.922569 126.01358 
352.084067 26.6783916 
162.390683 139.25177 
47.2826838 367.180001 
150.096284 243.983344 
92.9515042 112.290546 
221.577299 231.88022 
73.8406814 294.974577 
185.993774 83.7354878 
19.5717511 55.0392691 
173.879097 89.6020317 
56.0211478 40.8698751 
115.460067 221.702434 
43.6537777 221.893379 
85.1157481 47.6724879 
158.393709 48.1495493 
37.3222409 28.8862371 
152.741333 155.294184 
233.210406 19.7648769 
90.7386666 212.765344 
181.044215 90.9452743 
474.00108 0.156611421 
13.932282 61.2009164 
140.011696 37.5424862 
17.3120053 234.549682 
7.56425406 285.440158 
31.2892626 211.183992 
58.6938218 22.4064588 
102.586255 308.811298 
163.354604 45.324411 
42.4665642 236.113319 
271.587078 13.9663255 
157.897774 26.9191214 
78.3913238 196.059143 
1.187119 310.57352 
148.483113 193.645221 
58.8056246 181.598917 
150.262142 5.77678999 
154.386377 101.515563 
296.580944 61.8457029 
359.351458 48.672457 
17.8166691 319.568322 
75.6123047 165.494523 
135.061082 47.187527 
98.4955497 204.546869 
136.726842 56.996437 
247.10861 27.1977694 
207.640998 126.685227 
115.586893 154.874676 
5.01251 0.474222 
69.7156 10.387 
31.7858 5.81143 
85.4871 11.8769 
33.3683 7.38179 
7.39529 2.50892 
52.5444 3.97663 
1.43507 0.771605 
28.1029 7.62384 
10.0585 2.97394 
8.25049 1.9167 
4.67874 1.95022 
7.53062 2.68961 
2.25968 1.8551 
7.70651 4.28037 
8.45893 5.80068 
3.57727 1.73595 
0.728997 0.769902 
1.49204 1.03619 
1.89806 1.00634 
2.83942 1.85757 
0.700266 0.531599 
12.0984 15.2257 
6.70027 9.62396 
1.8905 2.98729 
4.58121 6.37841 
1.88725 3.78459 
11.1429 29.8498 
8.7096 17.6882 
7.38541 12.9725 
5.1672 12.4262 
2.6216 11.0894 
7.67218 46.6859 
2.59006 16.5872 
10.6391 108.522 
126.400629 133.448786 
142.739999 116.737646 
4.67820362 348.106076 
142.170681 58.0623188 
219.310036 75.9148403 
137.014714 81.3392372 
225.792718 100.451522 
81.8891931 349.90854 
37.8391607 435.582081 
23.580658 205.637182 
68.2278162 326.405293 
64.5656623 247.06672 
280.086316 27.2627158 
225.814737 8.49518357 
74.3672349 181.032341 
38.6349871 225.570937 
318.125806 85.404114 
41.0049933 265.123552 
3.14060628 167.097004 
68.2063112 164.174461 
141.079789 225.532879 
33.5499453 171.449928 
14.5391075 395.741718 
227.781103 154.580016 
145.990956 291.830934 
29.3533207 96.4496432 
221.885298 32.567673 
221.617335 68.1385879 
189.392961 145.926784 
103.488029 139.753419 
140.704996 90.3247616 
92.2099794 6.20577355 
248.42215 54.199242 
219.525053 197.329727 
129.426439 144.045733 
24.6292247 179.163212 
139.441248 51.9475291 
81.4800801 23.9612134 
304.784435 37.8950152 
121.900477 178.161908 
62.7091238 187.588405 
309.222489 53.5681731 
52.2921004 146.76512 
14.268163 226.06502 
20.7867266 281.53445 
81.6432041 0.595857755 
170.634765 124.797675 
21.2071531 25.8456374 
86.3503088 139.079927 
109.619447 142.983315 
97.7318081 216.842606 
145.81583 261.384032 
294.817663 34.0307997 
194.79783 93.5663635 
112.476467 6.98666963 
103.062565 57.9153082 
88.0635014 161.209926 
195.255722 187.486297 
273.362595 4.74692971 
139.276949 61.4851267 
319.878932 64.1377833 
244.014555 60.3691807 
51.4624268 180.681238 
84.8163228 45.6006545 
72.4194777 71.3481083 
74.9463 13.5858 
30.6217 4.24716 
26.2818 5.61252 
55.6937 8.53729 
16.8886 6.20183 
18.5373 5.29712 
84.8396 11.5133 
5.52614 2.53773 
35.9021 7.7809 
23.8681 13.8185 
35.8093 14.2627 
16.5595 7.35808 
12.6948 5.51364 
4.39529 2.89626 
15.3694 7.41549 
5.19066 2.00615 
3.54812 1.27996 
3.0149 2.58789 
7.03669 4.1605 
2.51604 2.39884 
3.98667 2.96171 
4.2802 3.40795 
6.35673 7.99513 
3.39989 3.78767 
1.95306 2.01916 
4.78697 2.98065 
6.96469 7.35018 
3.8871 3.27263 
2.83416 6.59998 
3.26301 5.68172 
10.9792 22.7038 
2.40298 3.62612 
2.74711 13.7701 
5.32797 19.3507 
3.81797 14.9913 
161.81234 175.769988 
159.61186 151.672222 
21.7955095 98.3588936 
154.798222 272.236963 
195.950444 232.938512 
49.8581541 307.105003 
134.928239 133.001533 
122.974042 268.614098 
136.36741 1.11164426 
163.46573 19.5614812 
20.8757812 190.314427 
210.321804 82.965088 
15.1448518 216.506883 
60.6092281 70.0501507 
146.433458 108.145119 
66.5241423 258.216024 
47.7532075 136.289927 
67.9403343 190.692442 
12.7817551 270.621972 
15.8952909 178.533173 
256.692146 34.8461813 
111.279709 170.254214 
53.841601 219.914668 
173.539205 105.300713 
162.523485 127.083779 
29.3284963 220.884466 
139.297445 125.210446 
274.830995 77.1722948 
247.838518 111.782744 
259.227241 21.2275196 
94.7084227 62.3116415 
384.258459 88.830525 
114.790068 78.4542854 
137.987159 49.8944155 
13.8425886 280.274771 
176.867133 147.48383 
219.729079 95.7610249 
14.4608982 76.672759 
169.916036 84.5796772 
180.788828 60.2629516 
226.323837 36.5185156 
116.212252 10.3013313 
308.937866 80.843064 
244.959449 77.1823272 
117.649672 160.758983 
369.403094 58.0123155 
112.010508 3.26852177 
191.529786 109.489968 
62.294663 100.278119 
69.9334547 143.939963 
242.275593 54.1147463 
110.301794 21.7985505 
55.1380122 193.50394 
99.2184823 319.894857 
284.403624 18.0042703 
88.335483 162.771421 
100.154863 254.50792 
79.7468351 104.496017 
68.2262612 98.3987096 
8.1169753 270.192551 
55.706963 359.21314 
241.303155 125.616354 
101.108735 241.338579 
1.13090609 130.115776 
357.491468 12.2440675 
2.85395 0.580412 
39.5435 3.10609 
34.0553 4.06934 
27.7236 8.75212 
78.8623 7.74068 
120.461 9.78342 
36.9133 6.08762 
8.12017 3.53638 
5.35973 1.53648 
26.193 7.21538 
28.2119 7.02109 
23.0282 5.43753 
4.77137 2.42293 
6.31743 3.62103 
9.59617 3.45591 
18.6602 6.8347 
9.88868 4.41529 
2.66497 2.22209 
7.62563 5.16883 
2.84899 2.02742 
6.56786 2.78731 
1.31338 0.850868 
9.93366 12.1585 
2.57283 3.58387 
7.31921 9.21904 
4.06986 4.32966 
7.17858 10.7717 
5.32539 11.7006 
3.39002 7.57254 
10.0779 25.6149 
7.52922 13.698 
8.89785 17.5338 
10.4799 41.4022 
5.55503 26.6417 
4.21726 27.118 
172.247439 170.202789 
139.591134 144.832776 
84.3371356 168.058726 
194.34291 0.0817284194 
11.5381463 62.6544166 
83.2352302 285.587274 
276.759166 23.8970884 
39.6899011 222.182672 
177.741433 42.1758083 
157.19069 180.781921 
206.0799 66.9338999 
275.32862 123.571939 
110.556992 24.898959 
49.5403951 136.512545 
59.3595531 183.307446 
134.79187 110.501385 
245.97299 150.888521 
22.5463084 313.11979 
206.641779 80.1000311 
96.3535611 55.7754978 
183.310332 65.2999505 
68.1241742 129.925338 
119.270639 211.328609 
317.197612 37.1538732 
43.7037816 203.27408 
182.781536 99.7044589 
13.9635416 256.392235 
56.1449652 217.371293 
266.327148 11.7050652 
32.8669511 76.9639588 
353.955715 68.688075 
102.253383 35.3232025 
184.441937 121.656281 
163.035861 233.673005 
197.790737 27.9838738 
7.43587815 204.623771 
23.3417175 236.864942 
153.221105 202.302154 
209.884678 280.307647 
26.8084556 242.477995 
59.3669158 251.947184 
222.554504 11.7644135 
268.008395 17.6037615 
163.841291 83.4760611 
114.494445 172.84114 
116.327284 50.0651162 
86.9338936 141.675856 
79.5234722 236.971043 
40.0997034 101.751298 
0.910895472 233.108906 
198.503587 232.858944 
5.33744591 313.051816 
57.1316803 121.339013 
160.70852 140.875248 
187.010463 136.548479 
35.8725376 234.787623 
199.879924 5.00202405 
92.5667864 89.0062759 
136.806253 34.5735217 
39.0918916 316.826517 
175.87818 136.371545 
350.284289 47.9009705 
261.694274 47.295097 
153.960352 105.691117 
190.889486 54.1917197 
12.6789 1.21753 
70.9015 3.48211 
42.1646 12.7058 
32.0797 10.4465 
115.318 10.7742 
25.5041 4.50262 
40.3897 6.44431 
5.26678 1.91228 
4.45037 3.58366 
31.095 11.836 
20.8926 4.83084 
18.8878 3.96974 
7.48965 3.70853 
6.65174 1.746 
13.704 4.44775 
2.82993 2.87984 
1.9765 0.506534 
6.12135 7.94075 
1.9509 1.30259 
3.69391 2.58211 
0.936478 0.282453 
2.9105 1.67445 
2.54896 3.49024 
1.27296 2.48107 
3.06242 2.98156 
9.08746 13.6818 
1.26664 2.23445 
5.65743 13.2458 
3.60483 6.86186 
2.37705 3.23153 
0.919091 0.982186 
4.98009 10.9477 
4.60579 33.2445 
8.78477 39.0161 
5.18851 105.456 
174.326159 177.226912 
125.484071 151.257961 
272.194252 141.884728 
260.78959 59.9937275 
285.70545 11.49732 
132.737335 88.1841337 
75.4153502 127.405918 
45.5885552 350.466266 
176.352154 48.2612221 
132.444672 199.415181 
279.846115 27.5329553 
3.49854262 295.132568 
198.874293 111.823474 
169.196077 193.401962 
56.5316842 216.748685 
61.9828934 81.5571001 
131.507909 97.1274952 
114.22871 50.3624578 
165.089713 0.00019620051 
291.113115 59.1838099 
363.835945 21.4369123 
109.4232 39.1685114 
303.678286 9.15141245 
14.708027 149.121703 
128.130512 304.036652 
46.4599104 207.015625 
320.470866 41.8502139 
85.269355 28.7480224 
125.799216 8.80168725 
37.5144134 252.153241 
60.2195432 53.4487057 
270.096926 41.5437915 
202.653909 64.5478915 
34.9190353 213.341104 
36.6886031 341.476525 
43.4051071 219.388367 
60.7279867 213.860918 
139.114282 129.662977 
100.140632 218.797447 
53.0498665 74.3236586 
6.89394154 119.869589 
80.1038943 146.503159 
15.0713259 183.470821 
194.682582 88.6190771 
361.4235 145.765816 
174.739487 107.208859 
229.932585 26.5081305 
85.5161337 208.116846 
329.965405 93.9641394 
3.14466922 87.8318324 
227.076774 176.373369 
123.295728 245.813744 
214.836971 46.620058 
176.942931 145.854341 
6.37647152 330.868323 
64.19059 210.151998 
111.043219 120.064894 
49.596674 84.9001445 
64.0273781 181.551328 
170.26808 86.9824371 
62.3118188 174.445927 
181.839018 124.732272 
175.608539 28.6038357 
73.2826982 297.831716 
68.4017757 97.4612786 
20.122 2.62177 
154.557 2.4881 
44.8533 4.49656 
30.3501 6.9622 
28.487 2.78825 
44.234 7.19262 
71.6624 10.4739 
5.21347 1.83258 
21.126 6.86675 
5.87604 1.62581 
11.5712 2.56328 
6.17167 3.01025 
4.1 1.83943 
13.8226 6.99997 
2.50453 0.708026 
2.72954 0.942886 
9.42705 4.10111 
2.77028 0.936521 
1.45351 1.17515 
1.03802 0.653315 
4.90777 2.68967 
8.38067 6.37403 
11.8438 16.3493 
2.44023 2.52789 
4.223 4.5633 
4.03154 3.60146 
5.19162 4.32246 
3.21099 7.11727 
4.21004 7.8826 
2.62694 7.50185 
2.95324 6.73816 
1.26353 2.14939 
6.06669 80.8931 
3.52896 17.9191 
9.68902 66.9568 
162.966261 150.712312 
166.76332 249.420192 
86.5107586 42.5295888 
96.912286 257.107217 
150.872288 101.024832 
155.021977 135.240559 
156.254175 151.896463 
143.492186 148.531187 
335.918523 7.42759743 
284.836303 9.09879446 
13.2921959 219.147654 
202.522509 171.372498 
280.106585 36.1706055 
34.9426764 21.4131179 
48.7554714 262.046157 
34.9321061 109.139379 
360.405749 32.8140975 
2.95009217 121.511816 
209.477848 39.0120983 
88.297032 144.81493 
143.784668 31.2264992 
273.453809 22.6126717 
230.263973 73.3082252 
44.3508019 160.603613 
234.45233 25.4959616 
35.1927538 220.452593 
16.2307441 99.1064239 
83.5411745 126.355966 
128.712641 169.669859 
194.057402 1.83206215 
138.758076 154.618988 
148.506997 177.984413 
26.2064418 260.556443 
109.723914 151.727154 
72.3285148 278.126943 
11.2378766 234.429322 
202.051119 130.485471 
82.8901612 196.011569 
55.5129009 160.204772 
0.792147909 310.787771 
223.289274 80.8739014 
176.412635 140.831972 
169.509743 59.351708 
168.957762 38.6882244 
23.850661 318.035896 
152.701093 111.161989 
21.3383245 194.620617 
30.4518984 245.696153 
161.765458 285.998336 
73.9708721 317.657668 
174.459041 73.8845591 
437.562333 28.5544756 
47.8106449 104.369236 
40.984348 77.8542835 
97.4780523 248.235283 
138.724876 65.4478548 
196.843378 30.576897 
11.7785375 56.1309151 
231.875458 93.1126098 
354.84359 62.6511813 
146.773074 82.8747874 
248.955075 69.391498 
282.002323 73.7335279 
96.9695997 191.817545 
150.753738 78.9451531 
22.8474 2.00771 
67.9956 3.66793 
17.688 3.5111 
38.161 5.91425 
76.6526 0.616395 
34.2268 8.63712 
50.5035 3.67191 
11.9487 3.792 
12.5371 4.54232 
15.3296 5.62455 
4.13173 1.20575 
10.8484 5.02878 
13.2512 6.8431 
4.28877 1.46646 
1.86137 0.920369 
1.67974 1.17535 
5.06633 3.08172 
3.53297 1.95819 
1.69558 1.36785 
8.07517 5.3713 
2.68086 1.94571 
1.69852 1.79214 
4.61125 6.35764 
1.61188 1.58132 
9.37474 12.5082 
1.69087 2.55553 
0.991487 0.773929 
4.12214 9.95987 
3.44967 7.04015 
5.67164 9.25306 
3.28556 7.59162 
0.666619 1.91908 
6.5201 36.9137 
4.16565 26.2094 
8.75311 26.8003 
107.840893 102.612515 
124.96271 204.990067 
134.532522 25.9019174 
36.9431133 135.969942 
186.551341 341.877036 
82.2064569 268.259703 
159.210618 59.7935541 
80.1784288 285.372026 
119.285914 48.2273823 
118.259837 57.3228916 
171.564571 168.925624 
3.85564316 225.921734 
100.021948 207.554005 
239.517468 62.6814598 
347.890366 74.8243782 
287.616765 19.8533286 
0.0769253872 381.013598 
167.508831 151.865729 
61.2298605 266.129428 
218.497157 1.35848773 
189.730254 21.0155521 
83.8540442 175.890593 
191.250082 258.446393 
93.4063896 245.639477 
112.419653 81.7780185 
176.67447 57.1297539 
100.440026 78.2356546 
107.461379 164.721164 
247.275923 140.068406 
302.488835 5.77046822 
329.944513 48.1048384 
8.00233067 148.184036 
131.253678 238.428979 
260.161201 46.5968493 
181.215623 94.7665344 
205.080933 167.359753 
31.7683567 251.879872 
150.49216 95.2687181 
43.9422984 18.2092002 
318.869498 18.5869392 
44.6738454 57.2841195 
31.290031 168.351011 
146.965661 89.0763976 
29.6290363 194.651765 
45.9184488 104.110704 
54.116965 335.213842 
112.695137 121.819764 
207.867318 145.307494 
243.35595 69.7714985 
24.2970118 244.978554 
14.1593423 119.408218 
139.153705 161.414363 
38.993935 17.7175401 
29.4668496 144.277981 
158.323672 15.2572367 
302.646873 38.5400869 
284.776238 99.6215689 
99.5097547 303.616811 
154.955478 7.47165192 
150.055707 221.031861 
51.167755 133.520893 
15.0795246 188.479359 
129.590084 152.381943 
236.603372 54.8493549 
11.6609731 243.264239 
10.6741 0.732448 
67.4015 0.0374699 
30.4278 6.99726 
29.3732 3.28593 
92.4601 12.6737 
71.6441 7.1369 
34.3727 3.76823 
6.87137 2.18065 
5.67433 1.08165 
10.9093 3.78494 
25.7834 3.50981 
26.5416 5.73087 
5.66834 3.16295 
4.04866 1.87883 
17.2517 8.8579 
12.6481 4.23824 
10.4186 4.19978 
7.61085 4.67633 
1.14418 0.974623 
1.1317 0.641036 
5.48448 4.10385 
1.90921 1.28878 
1.61767 2.63133 
3.8675 4.58501 
7.78875 8.41601 
4.35667 3.8498 
5.73381 8.27701 
3.65708 9.25447 
5.51218 11.0936 
4.52668 9.95546 
4.91324 9.76003 
2.16762 4.62641 
4.41918 45.498 
2.00544 10.9438 
5.44278 21.2784 
169.561717 146.737573 
130.658601 252.081386 
1.76921379 262.828511 
114.932497 72.1849404 
159.250424 50.1126187 
83.7149559 68.4873953 
240.915286 101.343184 
304.991924 78.5860468 
172.28081 213.611527 
162.223587 156.178271 
115.759167 27.9552234 
125.810408 227.817369 
79.3042565 56.5398118 
158.122164 196.690475 
84.4215017 261.915027 
234.000697 107.069774 
26.2749248 176.742533 
153.233585 8.10257219 
147.317976 213.530528 
88.2843214 60.4953364 
139.913014 17.1447928 
42.6324003 112.435006 
25.7438593 231.621833 
307.904285 64.7960807 
40.4997906 247.893363 
99.4208056 36.5151693 
18.016819 219.396121 
84.5794483 218.020919 
52.79778 198.547092 
212.927693 86.7772594 
118.132802 198.21554 
154.020962 93.4895358 
306.500768 24.7498032 
149.563072 81.6869333 
126.820582 71.7956852 
107.380108 224.33284 
53.1327545 158.233044 
5.80404152 231.4497 
42.5281205 190.811253 
312.491874 3.70562829 
79.0437026 104.456925 
11.6350964 254.852666 
150.041908 170.42782 
279.535961 26.2528995 
213.556034 58.8037066 
111.255182 86.6882502 
50.4716254 255.695132 
202.691349 6.09539467 
279.115393 29.590269 
168.732563 81.053781 
253.262513 11.5235404 
81.0563442 280.335983 
146.139416 150.158357 
295.923082 42.6087588 
117.865673 255.039686 
237.808284 80.5564559 
43.9214115 181.761751 
236.909083 43.0499107 
118.979361 187.921946 
22.8087595 177.128875 
96.9842091 230.272078 
161.222811 176.219491 
291.005653 55.1247205 
24.5969074 278.867886 
6.14046192 112.037849 
6.4194 5.0674e-05 
73.8211 8.52763 
19.2331 2.91399 
21.3232 3.54566 
35.8175 4.92675 
53.5666 2.83191 
42.1629 3.93399 
12.8076 4.4231 
11.2815 1.84914 
2.78297 0.7541 
27.4677 6.5925 
18.6042 3.20821 
5.43653 1.23554 
3.64848 0.561042 
1.14603 0.572729 
4.97842 2.03569 
2.766 0.895221 
6.38418 4.61564 
1.53126 0.943971 
2.278 1.60698 
15.4113 11.0943 
2.07597 1.74956 
5.82448 7.13439 
4.68418 4.28572 
4.2926 4.64762 
1.76618 2.00453 
1.3176 1.29088 
6.8745 13.4059 
2.11294 4.82253 
5.29522 7.41602 
6.54696 12.9638 
1.27786 1.93917 
0.687983 3.02457 
10.5788 39.0283 
0.654023 5.28988 
218.719905 194.763481 
93.8292695 199.929367 
25.9988933 122.717929 
78.5868544 346.203197 
203.446444 83.0011277 
99.0865422 100.415148 
220.695824 75.6201901 
75.5455606 261.492637 
37.0631466 233.560262 
334.391302 78.0386865 
205.061531 34.3118518 
6.40251381 353.78732 
247.955693 22.7864007 
153.526832 38.6673861 
318.931863 2.790176 
71.2402906 122.263296 
265.258835 38.0114798 
119.326026 43.4322876 
146.776196 106.966604 
108.632169 224.64985 
26.9913136 293.748771 
173.846544 161.590062 
259.449152 131.55219 
274.798176 82.1126808 
157.435586 105.843808 
47.3958463 89.2565929 
64.2268029 48.7474329 
99.2991616 12.9891224 
83.1608187 228.068855 
217.222654 11.2077832 
81.0850374 44.8900867 
45.2862726 176.067674 
93.5382758 281.586984 
9.22141265 72.7479061 
74.2969967 173.623967 
158.845767 181.113425 
227.298998 102.831477 
157.846421 82.9241573 
176.483097 32.7924666 
220.036799 9.16142742 
192.185554 126.830254 
45.7188311 257.543946 
24.3375364 238.919065 
117.080431 99.0579052 
133.572127 224.072931 
3.01464303 318.718731 
12.5561868 303.091833 
76.0828352 44.97563 
107.361569 144.220511 
135.557672 164.407034 
55.566705 138.3647 
107.860762 112.649887 
264.523867 58.543304 
95.4622459 118.583295 
10.5124489 151.489304 
290.034973 34.8133862 
153.742858 231.399166 
60.0557956 193.576243 
175.531454 13.7016378 
325.816231 100.260492 
14.1127699 236.769315 
212.576216 93.2885592 
49.1151572 255.411741 
297.606434 6.9496781 
145.633603 213.534964 
19.1682 1.97463 
73.0832 5.74096 
15.0268 3.61949 
55.4425 8.93327 
72.8076 12.5266 
52.1177 7.94952 
84.1184 15.4977 
3.95852 1.61209 
9.08559 2.95242 
10.1636 5.17655 
22.1147 7.50977 
16.2076 4.58642 
7.29392 4.2501 
11.2579 4.30816 
10.9711 7.758 
10.2162 4.48097 
3.47249 1.67188 
3.33811 2.91662 
2.40657 1.63995 
11.583 5.76706 
1.52517 0.843823 
4.01404 2.9745 
0.561754 0.697122 
0.536595 0.544993 
2.00674 1.8672 
6.63555 8.03101 
4.25098 4.87659 
4.56279 9.51358 
3.82367 8.33866 
5.17406 8.56195 
4.33765 7.1413 
1.84665 5.73129 
4.90904 30.5005 
5.07322 24.9781 
4.22892 22.2156 
58.4747728 47.3375387 
57.465132 158.024288 
28.9485512 55.4602602 
78.0795077 96.9293243 
189.291773 139.416011 
290.527286 71.7783297 
188.982398 7.27396211 
198.832189 119.504643 
12.6278274 274.591413 
281.861243 37.7250661 
48.1886841 168.732912 
106.570256 227.547607 
276.815068 17.0214485 
220.399975 68.0551075 
139.423222 163.531221 
337.669375 37.830732 
62.9857275 101.300259 
139.087435 120.747792 
290.142568 75.5351298 
242.665439 23.6230011 
97.8839728 171.854114 
221.857066 93.5601626 
121.199753 128.314752 
72.8937995 27.2542391 
234.352842 48.4213847 
214.333182 139.568497 
40.8409936 228.513189 
75.6946765 300.932916 
154.47282 88.8637295 
53.2043189 331.835671 
20.8487072 376.656082 
76.7641748 87.2127491 
107.055762 264.305206 
50.0334518 147.451028 
194.984068 39.6391854 
173.513029 59.7750916 
17.8316408 85.6175333 
7.79019543 82.4865084 
159.888672 222.602671 
216.645995 208.380729 
173.940092 90.5311335 
20.0934451 183.717544 
67.6832704 213.110314 
10.3660421 4.63186417 
129.91289 99.6100576 
155.865391 314.014568 
66.6409272 100.628394 
82.6602138 57.8182303 
41.0737619 94.0071492 
29.639456 361.30729 
366.791629 4.18590154 
41.8716163 339.003021 
344.874981 10.8085241 
174.719799 51.1037485 
180.815291 87.5515605 
251.569228 100.20419 
68.0430231 335.341728 
60.8336245 255.97825 
222.3345 32.5848076 
51.6575118 52.1634358 
100.183794 141.278735 
1.98886751 279.445924 
383.418416 31.0617732 
6.73644581 348.172976 
241.116026 41.8975154 
50.9279 3.3448 
98.7948 6.64504 
35.4251 9.78526 
73.7877 9.70463 
21.304 3.09259 
6.8255 4.33546 
47.9954 15.5258 
30.0994 6.23338 
20.8615 5.46506 
22.2191 8.8843 
39.7436 8.83026 
79.6544 13.9745 
10.7374 8.53097 
5.75389 2.81942 
17.2672 9.82051 
15.3004 7.37159 
0.717225 0.86035 
2.23515 2.04021 
4.30525 3.25232 
8.25743 8.56385 
3.4277 3.7909 
11.735 11.0583 
7.96096 10.9343 
4.05876 4.9514 
4.9384 8.3456 
2.09995 4.55058 
6.35861 10.1717 
5.17064 12.2097 
5.10455 10.2937 
6.10351 11.1745 
9.11031 25.1009 
5.82285 10.8388 
13.2822 65.2849 
8.77563 33.7503 
5.02847 39.2378 
136.330651 113.580556 
79.5621852 245.572775 
157.282623 160.006914 
174.367477 193.066137 
61.6526771 384.191633 
348.084393 92.7060083 
182.303761 75.0940619 
73.4532742 292.825601 
191.138118 167.611433 
75.6239111 114.39617 
69.9408947 87.8295169 
237.599358 35.839316 
186.45435 33.7458688 
287.933841 0.935631374 
54.8456174 132.283337 
20.6185425 316.302549 
244.038908 107.854675 
20.7844662 248.723517 
266.517106 51.4599842 
110.082882 118.110151 
125.871335 182.64649 
45.6255489 280.676032 
139.092312 2.18416274 
321.153993 106.429972 
256.999668 57.35035 
195.901495 104.581754 
106.886168 183.897636 
84.5916571 225.877542 
194.526227 8.42973656 
0.633136392 75.277803 
112.790954 10.3182006 
35.0996547 69.6199643 
206.927723 67.2929364 
61.884408 187.998618 
158.701045 257.281207 
181.751043 41.3471336 
109.512663 105.692254 
136.807245 262.983527 
78.1551978 390.446208 
7.38454567 231.17913 
95.341426 240.13654 
221.823367 168.501324 
202.907504 16.5095167 
159.413737 104.054333 
15.5764801 208.323671 
193.287411 24.2721072 
296.968527 112.008633 
147.952883 68.9733796 
201.400199 110.512863 
335.987092 39.0886776 
126.420327 77.6136494 
217.373482 59.8546878 
41.6045642 172.986824 
42.1630518 153.424386 
26.1448448 232.561607 
54.8990358 119.046874 
25.4727646 193.054302 
4.16284185 237.132888 
24.6920396 111.543549 
139.025085 171.532941 
169.990345 125.745713 
82.4504833 56.8009221 
53.8378275 71.236563 
182.553812 87.2064092 
218.57346 11.180065 
2.38801 0.491463 
26.8379 1.18363 
76.1118 9.91884 
29.7422 11.2976 
55.5775 8.38232 
45.3997 5.80925 
36.2031 5.59785 
6.59768 3.78742 
11.8559 3.52677 
4.93482 2.2786 
16.9629 4.01753 
9.56259 2.25013 
10.612 5.74194 
17.674 12.0047 
8.08782 7.0978 
4.86244 1.5606 
6.95046 3.01157 
0.427414 0.328083 
3.20442 3.34336 
4.22559 4.1799 
4.66814 5.52259 
2.7763 2.66932 
7.82876 9.33444 
2.89526 4.86303 
5.12107 5.26057 
4.19906 6.13446 
4.37017 5.89056 
9.65759 21.5545 
3.69614 7.14195 
4.80825 11.971 
1.78649 5.19033 
4.27342 7.88188 
5.15362 23.071 
6.45663 38.5924 
9.2412 39.6006 
153.058226 115.854366 
40.5317884 154.940647 
91.2853447 46.2253107 
32.2100401 302.422922 
59.5720718 92.7509704 
317.853052 53.0278368 
195.796689 29.6147105 
190.306987 228.806713 
4.5469499 234.763571 
189.22006 87.4644267 
155.09984 57.9865272 
126.618517 210.549359 
162.316619 7.66348398 
225.136059 12.1904412 
114.757718 207.942266 
172.289095 108.936824 
22.9515808 152.306962 
138.420532 160.022077 
40.6104513 119.144806 
325.894364 2.61722396 
261.365422 20.0106553 
52.8079398 131.296547 
237.989412 24.2279646 
30.8728442 161.212123 
43.3426322 319.782508 
30.974959 140.180229 
30.4245962 328.598027 
65.2648106 138.455364 
157.330364 87.2520149 
261.464255 23.6574476 
77.6599959 274.046175 
165.990136 157.948787 
276.204355 60.1610302 
140.661545 58.3465199 
137.825826 83.0618331 
60.2931224 346.706722 
95.0072333 176.982171 
125.161007 103.033988 
56.1624849 114.091984 
159.856395 174.245259 
62.8911659 172.220783 
213.525851 184.006686 
136.423375 72.6427263 
286.616303 92.6621493 
62.1955777 274.105679 
349.662786 44.442713 
2.29851815 231.948543 
365.373169 6.82356039 
14.4806331 205.69477 
125.858085 35.915439 
333.507498 61.8145893 
14.6608574 338.257582 
28.293184 92.6681409 
83.4696519 121.206538 
66.5055998 87.931042 
231.762332 54.5625555 
128.947458 169.561122 
189.239916 128.652868 
297.461682 97.1470201 
117.43115 46.7549075 
101.081665 244.111511 
83.4416453 82.0109962 
16.7718669 291.721932 
151.715515 112.944013 
308.765559 80.902517 
22.1987 3.49044 
152.862 6.60928 
102.333 0.829345 
4.35344 1.41552 
47.1719 11.5813 
4.10123 2.03597 
53.9711 6.12067 
8.15938 3.22311 
31.5335 6.86397 
23.0262 5.29487 
7.45269 3.25069 
20.1486 7.06125 
12.1634 6.10936 
11.3586 8.03916 
5.93258 3.02233 
4.47994 2.68221 
0.905667 0.566623 
9.38422 9.10354 
3.0222 3.91512 
6.09128 5.43002 
4.35163 2.49192 
1.15748 0.892206 
5.42349 6.47683 
2.94332 3.29067 
2.96436 4.58214 
6.52894 8.95865 
1.18512 2.23419 
7.98635 17.5975 
9.16685 17.1634 
9.42983 20.4589 
4.05394 7.27816 
6.41367 11.6931 
1.91344 11.2741 
2.15824 59.7053 
12.7093 57.2426 
81.9728 117.002 
310.835 46.0816 
121.347 121.325 
179.22 4.3569 
143.071 251.263 
196.893 19.4396 
123.856 254.823 
252 149.324 
142.651 126.428 
36.5613 247.73 
17.4519 211.59 
35.2211 261.173 
66.8805 72.6907 
211.472 43.9441 
107.205 29.7407 
77.166 221.493 
23.2134 193.958 
67.1039 243.938 
102.631 119.326 
142.857 32.8951 
103.096 253.252 
200.333 6.90461 
155.692 114.496 
237.234 14.2914 
39.8014 182.86 
279.575 177.448 
219.428 0.318542 
200.766 108.095 
132.526 304.816 
146.564 195.804 
81.8667 130.984 
213.509 93.9575 
194.031 37.4784 
6.20032 355.144 
274.045 84.5442 
10.2533 101.385 
169.262 56.1106 
147.163 246.052 
56.0602 66.367 
116.257 99.2252 
181.46 20.034 
221.044 207.581 
43.5738 114.065 
79.149 20.2837 
100.63 184.228 
197.196 138.138 
5.51528 356.971 
202.692 34.6408 
45.6663 195.141 
6.86465 15.1536 
123.555 9.21003 
9.40636 288.905 
209.845 101.844 
47.6693 278.461 
61.0398 198.218 
14.4241 289.532 
55.495 297.253 
191.482 85.5899 
74.9899 296.492 
151.838 191.442 
306.856 41.8812 
107.191 84.8753 
180.696 68.6624 
257.357 147.493 
192.235 76.2112 
13.253734 1.459669 
68.876437 15.058845 
22.980815 4.484613 
22.010224 5.507422 
15.812136 9.244899 
11.385677 4.531509 
75.733217 5.768292 
15.511558 4.896510 
3.800924 3.777787 
31.734084 8.435590 
19.565378 4.501625 
11.580264 1.976808 
2.259672 1.163208 
2.479262 1.860736 
7.602134 3.345689 
3.712158 5.020778 
5.635272 6.542088 
3.163801 3.377771 
2.628318 0.715754 
4.694671 3.814916 
5.281965 3.618607 
5.202685 4.847307 
3.995356 5.843567 
0.982298 1.305665 
0.888456 1.606053 
3.223310 4.211756 
4.523940 7.436198 
3.468774 6.159167 
0.985614 2.467493 
5.466437 11.766643 
7.975254 16.544858 
4.949360 11.014653 
8.585035 39.321598 
2.888931 25.721244 
0.858561 10.925649 
54.3613 74.9938 
244.423 54.3266 
76.7126 38.0956 
166.054 104.678 
10.8857 130.784 
86.6775 111.348 
1.78916 252.315 
6.94478 191.675 
186.117 16.3078 
349.254 22.3633 
173.524 140.814 
109.069 240.172 
66.053 63.1035 
37.6183 157.4 
198.924 77.9524 
36.8857 192.441 
196.319 15.9189 
129.368 95.0766 
136.118 161.578 
154.222 103.828 
264.944 61.6144 
19.6442 129.942 
161.594 3.56444 
444.65 0.572661 
352.658 42.3873 
107.244 202.097 
79.864 204.372 
91.5132 34.8021 
18.385 362.009 
119.391 279.035 
122.423 173.562 
44.4513 161.498 
164.471 260.065 
89.5702 249.823 
204.397 88.1107 
46.3109 82.1951 
235.673 107.554 
182.013 59.4859 
320.506 49.7039 
232.368 132.616 
115.264 235.821 
48.0942 278.186 
297.318 59.2611 
10.2629 376.004 
21.9319 221.074 
53.7669 263.943 
107.295 63.1472 
113.052 186.271 
101.068 289.909 
141.346 44.0791 
52.8636 197.862 
107.545 123.399 
181.055 23.983 
243.157 11.0599 
313.979 55.1973 
34.6508 298.739 
75.5492 247.477 
71.2168 21.296 
164.194 147.764 
119.91 94.3446 
148.891 78.9423 
257.004 64.4813 
22.8401 186.844 
158.324 158.075 
126.251 137.689 
1.442645 10.875824 
5.999693 110.351934 
2.142917 59.116259 
7.724422 29.583579 
2.008703 127.847714 
6.082944 35.467297 
11.498815 110.187892 
5.104305 154.340178 
5.019822 63.097987 
1.371898 193.858226 
0.000640 246.323235 
5.673211 219.899432 
6.544160 55.280157 
2.841018 27.821757 
5.146642 25.650657 
11.852294 78.054324 
3.261730 13.645130 
1.497195 2.023897 
1.277570 3.555902 
3.418277 8.691073 
4.910552 11.436414 
6.290345 21.411606 
2.047831 3.209004 
1.291973 2.486486 
2.773591 5.690774 
2.418160 4.215485 
3.555437 8.889330 
3.238435 3.151781 
8.912315 12.364921 
0.579526 1.542162 
3.473505 4.199364 
0.356772 1.560748 
6.097627 4.492360 
0.218011 0.904540 
0.241221 0.816604 
132.368 176.527 
258.884 66.2715 
254.137 49.74 
65.4224 195.812 
254.579 73.7087 
126.64 4.55541 
187.782 56.8065 
106.363 164.406 
288.521 140.072 
122.927 85.8922 
151.119 51.139 
224.189 32.7582 
120.836 243.705 
205.84 163.643 
305.429 63.2211 
32.0036 139.697 
39.1761 150.279 
127.338 146.367 
44.3775 252.043 
346.243 22.3817 
259.787 6.82903 
113.532 8.51253 
117.021 226.153 
6.83088 357.478 
13.9087 114.688 
103.445 273.794 
220.183 141.918 
146.989 122.069 
142.147 201.492 
173.559 62.9703 
176.594 101.2 
34.2148 309.359 
163.33 120.813 
210.571 128.228 
97.3266 13.2682 
223.919 88.1276 
88.4465 94.9614 
164.776 161.696 
96.9368 87.8689 
157.113 259.059 
263.98 111.506 
11.0941 128.226 
227.639 120.714 
74.7562 170.535 
2.81159 226.682 
58.6801 130.739 
234.33 0.181005 
167.304 206.584 
134.027 60.5247 
109.204 12.1162 
8.64987 128.435 
11.7574 265.904 
367.56 33.2234 
35.7608 232.176 
16.0935 327.388 
221.321 38.3192 
66.6646 172.182 
83.046 104.479 
174.858 40.9153 
42.3108 143.798 
73.6699 329.93 
33.101 167.041 
118.324 112.656 
113.051 193.188 
63.0101 201.655 
1.802783 20.285483 
2.035183 13.003658 
5.013007 3.955840 
5.735412 2.430762 
7.304676 4.419326 
6.402553 3.141702 
3.022610 4.140003 
15.313784 3.058397 
10.410699 2.712284 
29.661650 5.478579 
29.543580 6.700677 
33.811861 10.522459 
46.827350 4.282639 
58.070381 5.061139 
31.282032 3.858039 
26.566462 6.771535 
75.282662 8.323215 
84.902662 3.856380 
103.385220 0.000953 
74.619603 2.753618 
62.220205 2.104557 
82.750000 0.156280 
65.879053 8.254576 
32.318249 2.640728 
7.852754 0.848400 
73.536541 2.029713 
65.119679 4.159591 
3.556347 3.279425 
4.037333 1.410675 
8.909552 4.873034 
5.419512 1.582792 
43.618192 13.870456 
1.490819 4.003707 
4.014293 1.568386 
4.122965 1.857747 
137.324 177.066 
165.471 52.5887 
1.09051 243.937 
147.351 18.6746 
314.554 67.5828 
170.336 186.418 
108.405 28.4116 
200.004 195.851 
78.0501 21.9902 
13.7927 104.743 
71.0692 178.349 
158.318 73.1878 
120.075 85.347 
395.856 24.0162 
208.85 78.9726 
148.903 85.3074 
81.1388 175.409 
75.5966 45.1184 
20.6892 287.236 
121.819 242.444 
7.38391 252.584 
95.9217 141.502 
110.121 153.285 
97.7976 114.098 
203.184 7.4976 
207.365 104.583 
148.224 100.981 
298.318 73.0506 
73.2682 311.861 
56.8516 304.861 
255.893 100.256 
270.399 49.607 
31.1012 326.888 
75.8537 119.467 
26.1691 79.2391 
106.541 257.741 
56.1605 147.093 
174.606 200.539 
75.7279 131.032 
71.9255 257.742 
176.418 1.9352 
9.37684 216.666 
103.049 189.28 
45.3371 173.772 
172.825 75.0902 
24.3455 154.27 
88.676 79.9911 
233.239 119.997 
320.798 105.115 
62.0959 282.829 
341.813 57.8887 
177.614 170.136 
314.761 5.97762 
305.472 24.716 
272.777 30.3125 
154.184 101.792 
21.9432 71.0841 
204.174 160.748 
178.967 25.927 
17.862 356.628 
42.0694 244.663 
302.112 26.4175 
97.3079 159.704 
109.386 91.0672 
13.8464 133.645 
2.571754 20.010078 
6.345768 29.833142 
0.534797 0.493072 
2.917180 4.304827 
3.582169 5.434301 
7.545903 8.202578 
3.268503 4.259573 
0.683259 1.633315 
2.445528 4.525618 
3.194920 9.998301 
4.198518 8.359077 
7.940729 9.397210 
10.236848 22.045047 
1.302973 2.001667 
1.775915 7.084136 
0.619344 1.650484 
2.959221 12.405493 
7.436704 24.653147 
5.671873 11.683000 
1.029155 1.646456 
8.697671 32.680375 
6.226813 66.383886 
12.684289 135.007664 
9.482097 89.840678 
3.136789 129.109324 
8.159125 76.641525 
5.360455 125.033093 
0.002278 133.600266 
0.000600 181.988824 
3.191701 110.066907 
1.225431 177.158011 
0.021222 193.042860 
8.597884 64.508329 
8.364236 54.356766 
6.220004 54.124602 
66.614 83.057 
198.181 70.7702 
18.6448 67.8675 
30.7578 276.183 
267.177 1.52395 
64.2349 130.97 
221.278 55.4584 
82.0649 220.219 
201.007 102.047 
76.3183 194.12 
84.8502 128.979 
1.71094 131.86 
208.352 4.43449 
129.985 184.31 
149.236 209.263 
66.6011 72.4702 
309.339 50.6064 
71.3393 151.605 
289.495 29.7536 
99.1749 122.494 
58.3683 222.312 
223.114 64.0661 
285.292 35.8704 
78.4333 31.5161 
53.9578 346.307 
320.292 47.6681 
102.574 90.1235 
32.3214 154.468 
92.1505 175.426 
16.3003 225.029 
207.646 127.478 
77.0854 181.055 
66.0425 105.777 
283.099 193.59 
45.5219 1.96691 
115.764 24.1866 
299.354 74.0734 
182.098 203.179 
127.759 128.913 
10.4611 273.819 
189.926 105.045 
6.41275 277.078 
175.788 83.6653 
30.5356 310.677 
208.459 37.9605 
323.495 20.0398 
47.0716 339.691 
134.58 129.114 
132.698 99.1696 
248.091 21.8612 
14.2369 85.6491 
196.346 104.778 
42.1936 212.523 
299.991 102.963 
62.7063 178.947 
81.4555 254.723 
81.9697 143.105 
78.0322 322.496 
328.342 22.2515 
208.857 163.681 
200.279 170.956 
229.932 69.3469 
158.439 65.6195 
14.5799 257.869 
144.232 90.8523 
7.408170 56.925821 
5.335424 11.509615 
4.692821 12.837360 
2.153362 3.487169 
3.952095 16.184238 
11.696017 52.287905 
9.380266 33.212693 
8.679521 11.920540 
7.543736 7.746628 
9.163478 18.397419 
12.766444 28.752032 
5.220438 7.897888 
1.717832 1.964676 
2.216675 1.559588 
0.641300 1.756588 
1.021276 1.460340 
2.258305 2.670419 
2.394136 2.434697 
8.635169 4.683074 
8.639342 5.977809 
1.170331 2.381279 
3.650789 3.193851 
5.889534 2.198871 
14.578163 6.939976 
0.482850 1.352689 
13.765218 6.957025 
0.369153 1.281505 
0.852572 1.997707 
78.157377 8.302631 
30.537614 8.004524 
3.289026 1.586360 
34.679995 6.944750 
84.730649 5.287065 
87.140382 1.069179 
58.624596 3.640376 
102.068 123.077 
136.641 63.0888 
117.809 244.305 
43.2582 224.282 
253.701 27.5154 
51.1283 44.8694 
87.1065 115.129 
88.6304 219.788 
155.277 225.572 
168.263 117.461 
222.89 138.911 
7.62796 239.781 
17.3505 232.155 
69.5492 324.203 
223.809 9.06971 
114.97 31.882 
1.11235 184.522 
216.957 67.1242 
53.6944 315.479 
241.897 99.4193 
119.222 279.552 
197.044 15.9556 
229.327 32.2733 
13.2133 245.731 
226.641 117.359 
27.3938 290.231 
192.869 128.246 
94.3535 72.6007 
32.1607 209.577 
137.331 214.797 
44.1127 96.0001 
262.852 65.2861 
233.206 44.8624 
210.17 80.055 
121.263 124.215 
390.488 12.35 
165.2 158.799 
90.4588 156.945 
74.3674 60.9784 
93.1708 0.135997 
194.83 107.468 
219.425 108.447 
95.5998 124.442 
319.877 71.0183 
72.9255 215.063 
306.272 55.1815 
59.738 248.165 
121.652 140.823 
205.749 11.8575 
148.861 112.132 
58.1609 193.48 
137.983 143.678 
275.109 73.75 
312.035 37.8808 
190.739 84.3299 
174.588 57.2347 
19.0167 161.925 
129.182 245.623 
82.6535 140.87 
213.719 21.6431 
38.9905 105.788 
58.2397 195.704 
35.9835 289.844 
65.9496 252.813 
3.06284 138.951 
1.526678 7.946594 
2.849059 26.369357 
2.283955 0.275179 
62.590306 3.607805 
8.856845 2.794120 
111.209518 1.010451 
150.644812 2.758302 
29.543888 3.819873 
26.416985 4.269778 
68.125758 6.653149 
87.406455 0.001977 
115.152542 0.000925 
3.361619 3.645757 
60.443057 15.239798 
1.614997 2.770091 
7.317532 3.096467 
3.536339 2.448061 
0.920326 2.144787 
5.339607 2.267390 
2.269086 4.267687 
2.930968 0.902116 
6.361431 1.773990 
1.120732 0.857627 
2.105582 1.953306 
1.181751 4.168827 
3.856980 4.413707 
1.492344 4.278694 
1.087383 1.543419 
1.365246 1.676205 
5.096090 6.504872 
2.296628 2.859737 
6.476705 6.604030 
6.973906 19.142705 
3.469883 10.986020 
4.346138 9.920336 
174.184 216.16 
273.693 149.471 
150.988 154.983 
194.238 44.3373 
194.101 128.974 
14.2494 222.579 
207.34 69.4723 
116.456 89.9184 
71.5412 173.884 
167.16 45.95 
312.112 8.19757 
142.265 153.731 
107.78 52.4681 
185.783 49.489 
45.9568 163.564 
323.562 19.8992 
109.629 23.1226 
11.3381 158.277 
369.999 42.0516 
80.9454 158.15 
64.642 365.552 
11.3621 371.844 
80.2287 92.2943 
214.48 36.5914 
53.9586 216.528 
3.76612 267.611 
147.375 106.791 
167.875 260.742 
168.464 280.042 
133.333 56.9127 
8.75204 270.858 
35.2719 116.277 
171.6 22.9238 
81.4296 104.358 
156.748 48.5047 
370.134 32.0744 
124.976 216.495 
245.182 134.356 
91.9497 265.343 
143.05 209.305 
104.184 138.156 
71.8902 198.559 
141.266 86.8431 
10.7216 39.3819 
216.8 8.706 
38.8565 417.398 
230.99 46.2039 
241.281 35.2102 
28.3926 125.602 
183.34 75.409 
65.9915 147.569 
31.0334 238.543 
30.9264 284.355 
39.4862 211.917 
166.619 2.51833 
149.583 137.011 
268.796 189.796 
219.652 103.528 
178.041 158.85 
73.3485 176.188 
70.9925 145.329 
149.185 124.189 
86.2157 31.7994 
137.395 10.558 
33.3697 213.581 
0.303769 3.383788 
5.665649 46.287373 
3.546865 9.679770 
4.835816 22.452937 
4.613732 24.602826 
11.960579 46.612501 
4.830264 34.342100 
0.001042 154.959958 
1.553511 50.649083 
6.509495 112.151809 
9.316315 71.497088 
7.308922 79.017218 
1.844505 103.728144 
4.476718 79.820281 
0.006719 126.441254 
0.162184 30.790092 
4.917350 81.446258 
8.206130 93.186726 
5.281085 12.512542 
4.723938 57.321477 
3.116550 71.231897 
4.243354 31.183614 
2.698986 37.139406 
0.903578 5.003923 
12.217909 29.917138 
2.047392 7.894956 
5.788620 19.509397 
4.441797 9.562152 
0.173932 1.235728 
1.691736 2.925043 
1.465041 4.299469 
0.630945 3.780802 
0.062443 1.734753 
1.074016 1.159059 
1.008146 1.355496 
108.988 122.955 
238.438 143.179 
5.72078 405.979 
129.987 260.715 
47.41 49.4161 
54.4394 207.909 
273.968 23.0089 
5.23117 266.495 
176.799 118.891 
113.756 136.78 
209.161 53.3023 
144.315 193.675 
191.776 80.3176 
65.847 48.4614 
27.0031 162.024 
150.488 146.875 
230.024 196.896 
25.8863 316.258 
237.573 27.6023 
99.4202 88.5278 
72.893 250.777 
284.611 95.307 
295.167 14.9616 
291.639 84.5093 
25.0249 208.833 
115.55 60.7382 
111.789 163.178 
31.9161 90.3956 
210.682 65.1659 
58.3777 188.641 
193.53 253.372 
30.0345 302.078 
50.8744 270.863 
20.3642 165.596 
122.114 187.674 
169.361 32.1417 
108.986 177.917 
8.43257 215.978 
193.644 147.835 
162.3 28.8064 
207.079 92.81 
407.616 30.6968 
114.228 217.143 
113.992 66.0584 
226.565 8.76531 
37.7774 152.299 
34.8768 229.801 
64.3465 163.77 
218.914 85.3447 
39.4175 186.142 
9.9241 183.397 
102.583 248.038 
135.756 293.002 
69.9501 120.229 
103.371 51.6481 
256.194 96.4107 
188.164 123.377 
120.604 0.039193 
213.672 3.84559 
143.225 18.8417 
235.472 37.2558 
92.3592 257.04 
160.855 154.813 
156.745 35.4845 
170.737 41.2389 
0.357777 1.767536 
3.817069 36.671867 
0.542852 0.514194 
1.939437 3.434793 
2.950047 3.327069 
1.429149 2.077089 
1.551965 4.935805 
10.907247 5.718760 
6.810707 3.155896 
2.106442 1.557907 
4.077705 2.760390 
1.031533 2.689427 
23.429816 4.830570 
44.247409 0.213459 
14.350297 3.626259 
0.752104 3.117751 
0.826952 1.803911 
34.463293 3.325045 
30.921741 2.567152 
45.751043 5.292652 
91.768548 1.600276 
45.989515 1.975763 
82.039693 0.004884 
77.339873 5.885439 
29.995994 5.649944 
59.501597 1.299384 
121.118787 0.709420 
69.352493 7.110182 
20.200725 3.370189 
6.021210 1.967098 
25.583015 5.494620 
131.687541 0.631140 
2.762455 1.151718 
2.404797 2.524775 
4.091651 3.682232 
172.602 200.366 
268.002 188.205 
226.323 41.475 
26.4767 273.283 
14.1552 305.95 
23.392 210.714 
124.083 19.3301 
80.0473 267.67 
95.8698 167.229 
47.5065 221.766 
194.768 181.204 
105.717 87.2282 
94.7897 135.691 
122.578 191.313 
137.963 3.59438 
132.209 30.5009 
307.923 126.014 
352.084 26.6784 
162.391 139.252 
47.2827 367.18 
150.096 243.983 
92.9515 112.291 
221.577 231.88 
73.8407 294.975 
185.994 83.7355 
19.5718 55.0393 
173.879 89.602 
56.0211 40.8699 
115.46 221.702 
43.6538 221.893 
85.1157 47.6725 
158.394 48.1495 
37.3222 28.8862 
152.741 155.294 
233.21 19.7649 
90.7387 212.765 
181.044 90.9453 
474.001 0.156611 
13.9323 61.2009 
140.012 37.5425 
17.312 234.55 
7.56425 285.44 
31.2893 211.184 
58.6938 22.4065 
102.586 308.811 
163.355 45.3244 
42.4666 236.113 
271.587 13.9663 
157.898 26.9191 
78.3913 196.059 
1.18712 310.574 
148.483 193.645 
58.8056 181.599 
150.262 5.77679 
154.386 101.516 
296.581 61.8457 
359.351 48.6725 
17.8167 319.568 
75.6123 165.495 
135.061 47.1875 
98.4955 204.547 
136.727 56.9964 
247.109 27.1978 
207.641 126.685 
115.587 154.875 
1.477614 13.135486 
3.180752 43.203818 
1.718620 0.932548 
4.215639 4.719924 
6.193143 5.125073 
20.674830 9.419680 
0.643196 1.564609 
7.070365 8.586403 
1.634559 2.351281 
2.338415 2.024285 
1.403663 0.990212 
3.907050 8.142123 
2.701327 2.723473 
3.725271 2.817047 
4.129538 8.311730 
1.945098 4.707435 
7.015522 7.832320 
4.521560 15.757997 
5.141754 11.328836 
2.574875 5.115296 
1.757478 7.483556 
3.776205 10.400399 
7.985152 47.941105 
7.130950 41.979670 
11.470719 65.848539 
4.470679 23.031707 
3.406939 66.571331 
0.042063 140.315711 
3.441185 109.915567 
4.508084 66.415439 
7.234444 77.609588 
5.580120 83.108388 
2.228543 131.814390 
0.016924 185.077675 
0.562133 137.138522 
126.401 133.449 
142.74 116.738 
4.6782 348.106 
142.171 58.0623 
219.31 75.9148 
137.015 81.3392 
225.793 100.452 
81.8892 349.909 
37.8392 435.582 
23.5807 205.637 
68.2278 326.405 
64.5657 247.067 
280.086 27.2627 
225.815 8.49518 
74.3672 181.032 
38.635 225.571 
318.126 85.4041 
41.005 265.124 
3.14061 167.097 
68.2063 164.174 
141.08 225.533 
33.5499 171.45 
14.5391 395.742 
227.781 154.58 
145.991 291.831 
29.3533 96.4496 
221.885 32.5677 
221.617 68.1386 
189.393 145.927 
103.488 139.753 
140.705 90.3248 
92.21 6.20577 
248.422 54.1992 
219.525 197.33 
129.426 144.046 
24.6292 179.163 
139.441 51.9475 
81.4801 23.9612 
304.784 37.895 
121.9 178.162 
62.7091 187.588 
309.222 53.5682 
52.2921 146.765 
14.2682 226.065 
20.7867 281.534 
81.6432 0.595858 
170.635 124.798 
21.2072 25.8456 
86.3503 139.08 
109.619 142.983 
97.7318 216.843 
145.816 261.384 
294.818 34.0308 
194.798 93.5664 
112.476 6.98667 
103.063 57.9153 
88.0635 161.21 
195.256 187.486 
273.363 4.74693 
139.277 61.4851 
319.879 64.1378 
244.015 60.3692 
51.4624 180.681 
84.8163 45.6007 
72.4195 71.3481 
1.780131 11.509319 
11.527312 28.141378 
7.131648 92.988646 
6.695414 50.913791 
7.239650 68.800335 
4.674452 23.200110 
7.042740 36.184026 
2.783716 5.148577 
2.999899 9.315711 
4.188541 11.049908 
2.912095 11.325609 
4.492053 17.008533 
3.668583 4.670926 
3.469586 14.765281 
3.276102 7.165247 
7.089700 15.888160 
14.568946 28.861644 
2.021262 1.988999 
7.459430 6.830300 
7.863886 10.300882 
1.310166 2.075273 
10.020307 10.447765 
1.785589 1.145034 
7.867150 3.869273 
3.341724 2.504164 
3.840772 2.972716 
16.217562 10.967336 
14.188134 6.922830 
5.721626 3.842455 
2.444329 2.110568 
5.738019 3.243885 
15.192201 5.897647 
15.145380 3.583909 
23.891881 5.033562 
40.659627 9.066646 
161.812 175.77 
159.612 151.672 
21.7955 98.3589 
154.798 272.237 
195.95 232.939 
49.8582 307.105 
134.928 133.002 
122.974 268.614 
136.367 1.11164 
163.466 19.5615 
20.8758 190.314 
210.322 82.9651 
15.1449 216.507 
60.6092 70.0502 
146.433 108.145 
66.5241 258.216 
47.7532 136.29 
67.9403 190.692 
12.7818 270.622 
15.8953 178.533 
256.692 34.8462 
111.28 170.254 
53.8416 219.915 
173.539 105.301 
162.523 127.084 
29.3285 220.884 
139.297 125.21 
274.831 77.1723 
247.839 111.783 
259.227 21.2275 
94.7084 62.3116 
384.258 88.8305 
114.79 78.4543 
137.987 49.8944 
13.8426 280.275 
176.867 147.484 
219.729 95.761 
14.4609 76.6728 
169.916 84.5797 
180.789 60.263 
226.324 36.5185 
116.212 10.3013 
308.938 80.8431 
244.959 77.1823 
117.65 160.759 
369.403 58.0123 
112.011 3.26852 
191.53 109.49 
62.2947 100.278 
69.9335 143.94 
242.276 54.1147 
110.302 21.7986 
55.138 193.504 
99.2185 319.895 
284.404 18.0043 
88.3355 162.771 
100.155 254.508 
79.7468 104.496 
68.2263 98.3987 
8.11698 270.193 
55.707 359.213 
241.303 125.616 
101.109 241.339 
1.13091 130.116 
357.491 12.2441 
2.188488 16.598839 
4.568003 43.207447 
1.281655 0.316780 
29.530225 2.788782 
52.182310 7.461525 
46.069441 6.719300 
9.187049 5.322247 
100.452309 7.588975 
66.544481 8.138583 
145.834962 2.848347 
198.759665 0.001381 
43.300194 8.083070 
21.690469 6.165472 
3.763305 2.945239 
15.888753 4.601146 
26.286091 4.320346 
11.260434 4.735390 
5.518578 1.831631 
2.747829 1.340109 
18.637451 5.938455 
9.759100 5.899591 
2.219854 4.149879 
2.125798 2.198861 
1.024720 3.375599 
2.796454 1.189098 
2.712310 1.486420 
3.737911 2.547796 
3.091088 4.134420 
0.652711 0.548104 
12.427115 9.979416 
1.333978 1.237314 
1.854106 1.732955 
2.868270 6.766004 
3.739993 6.862257 
2.067245 2.468525 
172.247 170.203 
139.591 144.833 
84.3371 168.059 
194.343 0.0817284 
11.5381 62.6544 
83.2352 285.587 
276.759 23.8971 
39.6899 222.183 
177.741 42.1758 
157.191 180.782 
206.08 66.9339 
275.329 123.572 
110.557 24.899 
49.5404 136.513 
59.3596 183.307 
134.792 110.501 
245.973 150.889 
22.5463 313.12 
206.642 80.1 
96.3536 55.7755 
183.31 65.3 
68.1242 129.925 
119.271 211.329 
317.198 37.1539 
43.7038 203.274 
182.782 99.7045 
13.9635 256.392 
56.145 217.371 
266.327 11.7051 
32.867 76.964 
353.956 68.6881 
102.253 35.3232 
184.442 121.656 
163.036 233.673 
197.791 27.9839 
7.43588 204.624 
23.3417 236.865 
153.221 202.302 
209.885 280.308 
26.8085 242.478 
59.3669 251.947 
222.555 11.7644 
268.008 17.6038 
163.841 83.4761 
114.494 172.841 
116.327 50.0651 
86.9339 141.676 
79.5235 236.971 
40.0997 101.751 
0.910895 233.109 
198.504 232.859 
5.33745 313.052 
57.1317 121.339 
160.709 140.875 
187.01 136.548 
35.8725 234.788 
199.88 5.00202 
92.5668 89.0063 
136.806 34.5735 
39.0919 316.827 
175.878 136.372 
350.284 47.901 
261.694 47.2951 
153.96 105.691 
190.889 54.1917 
1.549427 12.394885 
1.388950 45.085850 
0.593880 1.387887 
3.207597 10.911378 
4.454835 12.736975 
2.799777 9.162134 
3.664348 17.438665 
6.164238 36.439585 
0.489837 5.341092 
1.451384 7.831023 
3.920108 25.650269 
13.192928 35.906949 
0.001416 84.443540 
4.049137 62.510965 
6.436751 122.150845 
4.244713 69.794583 
6.016930 147.536578 
0.984590 79.140288 
3.095500 124.673180 
3.490213 199.204122 
2.517742 83.907321 
1.468189 87.774578 
0.013842 146.195801 
6.478054 59.181935 
3.499250 45.273041 
5.599807 31.142977 
3.146662 23.985953 
0.108020 0.481289 
9.796835 62.756447 
0.818803 3.238214 
1.399257 5.013454 
0.900105 3.451154 
4.125934 7.404157 
0.453033 2.182236 
3.478393 8.882302 
174.326 177.227 
125.484 151.258 
272.194 141.885 
260.79 59.9937 
285.705 11.4973 
132.737 88.1841 
75.4154 127.406 
45.5886 350.466 
176.352 48.2612 
132.445 199.415 
279.846 27.533 
3.49854 295.133 
198.874 111.823 
169.196 193.402 
56.5317 216.749 
61.9829 81.5571 
131.508 97.1275 
114.229 50.3625 
165.09 0.000196201 
291.113 59.1838 
363.836 21.4369 
109.423 39.1685 
303.678 9.15141 
14.708 149.122 
128.131 304.037 
46.4599 207.016 
320.471 41.8502 
85.2694 28.748 
125.799 8.80169 
37.5144 252.153 
60.2195 53.4487 
270.097 41.5438 
202.654 64.5479 
34.919 213.341 
36.6886 341.477 
43.4051 219.388 
60.728 213.861 
139.114 129.663 
100.141 218.797 
53.0499 74.3237 
6.89394 119.87 
80.1039 146.503 
15.0713 183.471 
194.683 88.6191 
361.424 145.766 
174.739 107.209 
229.933 26.5081 
85.5161 208.117 
329.965 93.9641 
3.14467 87.8318 
227.077 176.373 
123.296 245.814 
214.837 46.6201 
176.943 145.854 
6.37647 330.868 
64.1906 210.152 
111.043 120.065 
49.5967 84.9001 
64.0274 181.551 
170.268 86.9824 
62.3118 174.446 
181.839 124.732 
175.609 28.6038 
73.2827 297.832 
68.4018 97.4613 
0.593562 2.775305 
3.639057 110.744145 
2.791850 3.799488 
2.767306 5.359247 
2.490542 3.837246 
2.890107 7.052221 
0.861080 2.820262 
1.419365 1.064877 
1.142813 1.115538 
2.197374 2.450548 
2.233571 2.450016 
1.052523 1.799712 
2.281884 0.982471 
9.036168 4.261632 
6.380177 3.039389 
4.434495 2.404643 
12.366892 6.391139 
19.160639 4.586061 
31.531007 6.773981 
20.356479 5.669016 
45.118206 8.418428 
3.092345 2.787484 
60.292231 2.440938 
88.968330 6.187883 
115.528195 6.382658 
21.733682 2.534029 
2.356879 2.270464 
56.613557 0.000033 
110.729151 4.258744 
133.315709 0.003842 
167.223709 0.007571 
220.434884 0.014263 
97.317826 6.375594 
15.731868 2.590601 
136.848657 0.006645 
162.966 150.712 
166.763 249.42 
86.5108 42.5296 
96.9123 257.107 
150.872 101.025 
155.022 135.241 
156.254 151.896 
143.492 148.531 
335.919 7.4276 
284.836 9.09879 
13.2922 219.148 
202.523 171.372 
280.107 36.1706 
34.9427 21.4131 
48.7555 262.046 
34.9321 109.139 
360.406 32.8141 
2.95009 121.512 
209.478 39.0121 
88.297 144.815 
143.785 31.2265 
273.454 22.6127 
230.264 73.3082 
44.3508 160.604 
234.452 25.496 
35.1928 220.453 
16.2307 99.1064 
83.5412 126.356 
128.713 169.67 
194.057 1.83206 
138.758 154.619 
148.507 177.984 
26.2064 260.556 
109.724 151.727 
72.3285 278.127 
11.2379 234.429 
202.051 130.485 
82.8902 196.012 
55.5129 160.205 
0.792148 310.788 
223.289 80.8739 
176.413 140.832 
169.51 59.3517 
168.958 38.6882 
23.8507 318.036 
152.701 111.162 
21.3383 194.621 
30.4519 245.696 
161.765 285.998 
73.9709 317.658 
174.459 73.8846 
437.562 28.5545 
47.8106 104.369 
40.9843 77.8543 
97.4781 248.235 
138.725 65.4479 
196.843 30.5769 
11.7785 56.1309 
231.875 93.1126 
354.844 62.6512 
146.773 82.8748 
248.955 69.3915 
282.002 73.7335 
96.9696 191.818 
150.754 78.9452 
1.595395 16.097330 
6.420996 86.223215 
5.067096 2.380666 
1.474514 1.854328 
8.196542 2.001738 
11.821827 3.639687 
18.543227 6.357707 
3.715322 2.416126 
9.558139 4.761448 
5.738620 2.362147 
10.471064 4.175228 
9.044997 9.225403 
7.859697 5.555871 
1.672198 1.009000 
2.120038 3.773880 
5.543950 2.974974 
0.523394 1.666674 
1.362720 1.874427 
2.621879 5.882748 
0.448003 0.429353 
1.471290 4.124568 
5.094771 6.244365 
2.382665 9.199802 
5.936960 19.202674 
2.534152 6.460844 
3.444643 10.418669 
2.078687 0.942493 
7.119947 34.927708 
4.518746 30.587280 
8.417667 76.893147 
4.049786 23.550435 
7.281996 32.264572 
0.003173 131.126637 
7.450645 57.972193 
4.527205 94.720743 
107.841 102.613 
124.963 204.99 
134.533 25.9019 
36.9431 135.97 
186.551 341.877 
82.2065 268.26 
159.211 59.7936 
80.1784 285.372 
119.286 48.2274 
118.26 57.3229 
171.565 168.926 
3.85564 225.922 
100.022 207.554 
239.517 62.6815 
347.89 74.8244 
287.617 19.8533 
0.0769254 381.014 
167.509 151.866 
61.2299 266.129 
218.497 1.35849 
189.73 21.0156 
83.854 175.891 
191.25 258.446 
93.4064 245.639 
112.42 81.778 
176.674 57.1298 
100.44 78.2357 
107.461 164.721 
247.276 140.068 
302.489 5.77047 
329.945 48.1048 
8.00233 148.184 
131.254 238.429 
260.161 46.5968 
181.216 94.7665 
205.081 167.36 
31.7684 251.88 
150.492 95.2687 
43.9423 18.2092 
318.869 18.5869 
44.6738 57.2841 
31.29 168.351 
146.966 89.0764 
29.629 194.652 
45.9184 104.111 
54.117 335.214 
112.695 121.82 
207.867 145.307 
243.356 69.7715 
24.297 244.979 
14.1593 119.408 
139.154 161.414 
38.9939 17.7175 
29.4668 144.278 
158.324 15.2572 
302.647 38.5401 
284.776 99.6216 
99.5098 303.617 
154.955 7.47165 
150.056 221.032 
51.1678 133.521 
15.0795 188.479 
129.59 152.382 
236.603 54.8494 
11.661 243.264 
0.502306 2.940347 
4.884219 51.501377 
2.485439 61.079954 
2.471875 161.145642 
1.921082 40.066202 
0.003492 191.292512 
0.000941 216.907797 
5.947040 17.934456 
6.671678 91.293412 
7.643814 41.550563 
5.698237 61.258437 
7.494253 20.285650 
3.981539 17.867242 
3.816654 6.163190 
4.016577 19.828508 
5.542038 33.671650 
4.702888 24.048821 
1.611789 5.770260 
4.223977 6.578130 
4.468439 9.396383 
0.287034 2.088274 
2.425101 4.379060 
0.508832 2.146677 
3.858587 4.164271 
2.261087 1.833509 
2.047422 2.635315 
5.318032 5.265197 
2.240629 1.617171 
1.751815 1.618438 
7.369466 4.935369 
3.138608 2.768447 
3.598059 3.738874 
10.769117 4.568991 
3.310189 1.606523 
13.525313 7.228673 
169.562 146.738 
130.659 252.081 
1.76921 262.829 
114.932 72.1849 
159.25 50.1126 
83.715 68.4874 
240.915 101.343 
304.992 78.586 
172.281 213.612 
162.224 156.178 
115.759 27.9552 
125.81 227.817 
79.3043 56.5398 
158.122 196.69 
84.4215 261.915 
234.001 107.07 
26.2749 176.743 
153.234 8.10257 
147.318 213.531 
88.2843 60.4953 
139.913 17.1448 
42.6324 112.435 
25.7439 231.622 
307.904 64.7961 
40.4998 247.893 
99.4208 36.5152 
18.0168 219.396 
84.5794 218.021 
52.7978 198.547 
212.928 86.7773 
118.133 198.216 
154.021 93.4895 
306.501 24.7498 
149.563 81.6869 
126.821 71.7957 
107.38 224.333 
53.1328 158.233 
5.80404 231.45 
42.5281 190.811 
312.492 3.70563 
79.0437 104.457 
11.6351 254.853 
150.042 170.428 
279.536 26.2529 
213.556 58.8037 
111.255 86.6883 
50.4716 255.695 
202.691 6.09539 
279.115 29.5903 
168.733 81.0538 
253.263 11.5235 
81.0563 280.336 
146.139 150.158 
295.923 42.6088 
117.866 255.04 
237.808 80.5565 
43.9214 181.762 
236.909 43.0499 
118.979 187.922 
22.8088 177.129 
96.9842 230.272 
161.223 176.219 
291.006 55.1247 
24.5969 278.868 
6.14046 112.038 
0.418653 3.275347 
7.617928 43.313705 
1.420693 0.533216 
0.343006 0.560379 
8.622949 4.809654 
15.316725 7.425959 
1.781812 4.926093 
53.656796 3.155278 
54.980545 6.161757 
33.969603 3.044316 
51.854046 1.683490 
14.215457 2.026876 
102.907789 2.669459 
35.507532 6.611432 
163.892542 0.004773 
141.635768 6.577155 
95.454670 0.001993 
82.037578 1.903363 
55.389436 2.923105 
89.385079 4.557579 
37.464895 5.446352 
0.207606 0.941253 
8.994402 2.600982 
15.320050 3.488152 
3.791898 0.958786 
1.969657 1.831153 
7.276739 1.588617 
6.255295 2.991494 
1.755453 1.136469 
1.884230 0.751766 
1.776738 1.228939 
20.659689 6.283827 
0.262981 1.435331 
1.647424 1.906366 
1.830060 2.358549 
218.72 194.763 
93.8293 199.929 
25.9989 122.718 
78.5869 346.203 
203.446 83.0011 
99.0865 100.415 
220.696 75.6202 
75.5456 261.493 
37.0631 233.56 
334.391 78.0387 
205.062 34.3119 
6.40251 353.787 
247.956 22.7864 
153.527 38.6674 
318.932 2.79018 
71.2403 122.263 
265.259 38.0115 
119.326 43.4323 
146.776 106.967 
108.632 224.65 
26.9913 293.749 
173.847 161.59 
259.449 131.552 
274.798 82.1127 
157.436 105.844 
47.3958 89.2566 
64.2268 48.7474 
99.2992 12.9891 
83.1608 228.069 
217.223 11.2078 
81.085 44.8901 
45.2863 176.068 
93.5383 281.587 
9.22141 72.7479 
74.297 173.624 
158.846 181.113 
227.299 102.831 
157.846 82.9242 
176.483 32.7925 
220.037 9.16143 
192.186 126.83 
45.7188 257.544 
24.3375 238.919 
117.08 99.0579 
133.572 224.073 
3.01464 318.719 
12.5562 303.092 
76.0828 44.9756 
107.362 144.221 
135.558 164.407 
55.5667 138.365 
107.861 112.65 
264.524 58.5433 
95.4622 118.583 
10.5124 151.489 
290.035 34.8134 
153.743 231.399 
60.0558 193.576 
175.531 13.7016 
325.816 100.26 
14.1128 236.769 
212.576 93.2886 
49.1152 255.412 
297.606 6.94968 
145.634 213.535 
3.352072 23.152958 
8.520007 34.621516 
1.108210 1.445721 
3.599141 7.968952 
4.042206 6.117236 
1.766992 1.742200 
5.729755 6.980353 
3.675643 7.375130 
0.475765 1.397124 
4.370087 14.689990 
4.506257 10.990634 
2.908231 5.390651 
8.925865 40.482344 
3.555769 8.290038 
4.047589 8.609061 
0.742467 6.262794 
3.930951 19.708481 
6.017455 61.148943 
5.695210 69.317962 
3.244150 103.205845 
7.546374 82.252872 
0.002951 132.143477 
0.021449 189.795392 
7.945702 190.812367 
0.000215 171.720983 
0.002074 171.538631 
1.642599 121.540118 
11.347743 100.544043 
2.944245 26.804251 
0.615379 10.432885 
1.782853 11.314625 
5.529400 55.156375 
1.273314 6.123789 
0.213710 1.156215 
2.269417 3.202239 
58.4748 47.3375 
57.4651 158.024 
28.9486 55.4603 
78.0795 96.9293 
189.292 139.416 
290.527 71.7783 
188.982 7.27396 
198.832 119.505 
12.6278 274.591 
281.861 37.7251 
48.1887 168.733 
106.57 227.548 
276.815 17.0214 
220.4 68.0551 
139.423 163.531 
337.669 37.8307 
62.9857 101.3 
139.087 120.748 
290.143 75.5351 
242.665 23.623 
97.884 171.854 
221.857 93.5602 
121.2 128.315 
72.8938 27.2542 
234.353 48.4214 
214.333 139.568 
40.841 228.513 
75.6947 300.933 
154.473 88.8637 
53.2043 331.836 
20.8487 376.656 
76.7642 87.2127 
107.056 264.305 
50.0335 147.451 
194.984 39.6392 
173.513 59.7751 
17.8316 85.6175 
7.7902 82.4865 
159.889 222.603 
216.646 208.381 
173.94 90.5311 
20.0934 183.718 
67.6833 213.11 
10.366 4.63186 
129.913 99.6101 
155.865 314.015 
66.6409 100.628 
82.6602 57.8182 
41.0738 94.0071 
29.6395 361.307 
366.792 4.1859 
41.8716 339.003 
344.875 10.8085 
174.72 51.1037 
180.815 87.5516 
251.569 100.204 
68.043 335.342 
60.8336 255.978 
222.335 32.5848 
51.6575 52.1634 
100.184 141.279 
1.98887 279.446 
383.418 31.0618 
6.73645 348.173 
241.116 41.8975 
2.065908 10.988763 
4.290614 70.885799 
2.177065 3.097291 
5.356410 11.389860 
3.608222 11.181013 
5.476997 9.634792 
4.629634 16.391623 
1.375019 3.774958 
2.012926 5.242431 
0.657028 0.596206 
5.861790 5.008808 
3.464364 3.558569 
5.564961 3.444090 
10.388411 7.299309 
8.294712 5.389054 
8.452435 6.480633 
4.396704 4.875793 
3.244282 1.556510 
19.093777 9.171288 
20.128476 8.598200 
17.768618 9.849148 
1.562755 2.986891 
53.295925 11.013723 
50.480168 10.119272 
81.231319 8.796274 
48.855925 11.707023 
42.127674 9.874775 
80.182183 7.675835 
137.557938 0.003708 
54.003412 8.069931 
192.992166 0.003375 
56.266827 10.631807 
102.396528 0.412239 
167.378741 5.519134 
161.614732 1.518624 
136.331 113.581 
79.5622 245.573 
157.283 160.007 
174.367 193.066 
61.6527 384.192 
348.084 92.706 
182.304 75.0941 
73.4533 292.826 
191.138 167.611 
75.6239 114.396 
69.9409 87.8295 
237.599 35.8393 
186.454 33.7459 
287.934 0.935631 
54.8456 132.283 
20.6185 316.303 
244.039 107.855 
20.7845 248.724 
266.517 51.46 
110.083 118.11 
125.871 182.646 
45.6255 280.676 
139.092 2.18416 
321.154 106.43 
257 57.3503 
195.901 104.582 
106.886 183.898 
84.5917 225.878 
194.526 8.42974 
0.633136 75.2778 
112.791 10.3182 
35.0997 69.62 
206.928 67.2929 
61.8844 187.999 
158.701 257.281 
181.751 41.3471 
109.513 105.692 
136.807 262.984 
78.1552 390.446 
7.38455 231.179 
95.3414 240.137 
221.823 168.501 
202.908 16.5095 
159.414 104.054 
15.5765 208.324 
193.287 24.2721 
296.969 112.009 
147.953 68.9734 
201.4 110.513 
335.987 39.0887 
126.42 77.6136 
217.373 59.8547 
41.6046 172.987 
42.1631 153.424 
26.1448 232.562 
54.899 119.047 
25.4728 193.054 
4.16284 237.133 
24.692 111.544 
139.025 171.533 
169.99 125.746 
82.4505 56.8009 
53.8378 71.2366 
182.554 87.2064 
218.573 11.1801 
2.172148 9.570577 
5.981657 46.413476 
2.970822 0.747656 
47.435640 8.074386 
76.230246 5.082070 
35.097524 6.406018 
1.713565 1.211591 
6.990364 4.662518 
14.067163 6.852484 
9.522605 3.336010 
0.667158 1.219404 
20.462145 6.616723 
2.363214 2.603256 
1.874411 2.119091 
3.228368 2.780671 
3.419588 8.542811 
6.318597 3.565967 
4.580118 6.265216 
1.785437 3.672097 
2.489983 2.490683 
1.050226 0.856546 
0.646363 0.301864 
6.823200 10.465148 
1.850602 0.719241 
5.302607 4.747408 
8.256253 4.066420 
1.801447 5.128295 
3.561890 12.013711 
6.372514 17.158853 
5.386734 7.096043 
3.877607 14.965400 
1.247083 0.841180 
2.527170 5.663366 
6.877781 29.802789 
4.447317 16.195717 
153.058 115.854 
40.5318 154.941 
91.2853 46.2253 
32.21 302.423 
59.5721 92.751 
317.853 53.0278 
195.797 29.6147 
190.307 228.807 
4.54695 234.764 
189.22 87.4644 
155.1 57.9865 
126.619 210.549 
162.317 7.66348 
225.136 12.1904 
114.758 207.942 
172.289 108.937 
22.9516 152.307 
138.421 160.022 
40.6105 119.145 
325.894 2.61722 
261.365 20.0107 
52.8079 131.297 
237.989 24.228 
30.8728 161.212 
43.3426 319.783 
30.975 140.18 
30.4246 328.598 
65.2648 138.455 
157.33 87.252 
261.464 23.6574 
77.66 274.046 
165.99 157.949 
276.204 60.161 
140.662 58.3465 
137.826 83.0618 
60.2931 346.707 
95.0072 176.982 
125.161 103.034 
56.1625 114.092 
159.856 174.245 
62.8912 172.221 
213.526 184.007 
136.423 72.6427 
286.616 92.6621 
62.1956 274.106 
349.663 44.4427 
2.29852 231.949 
365.373 6.82356 
14.4806 205.695 
125.858 35.9154 
333.507 61.8146 
14.6609 338.258 
28.2932 92.6681 
83.4697 121.207 
66.5056 87.931 
231.762 54.5626 
128.947 169.561 
189.24 128.653 
297.462 97.147 
117.431 46.7549 
101.082 244.112 
83.4416 82.011 
16.7719 291.722 
151.716 112.944 
308.766 80.9025 
0.427045 7.329913 
7.514266 50.651629 
3.259435 31.366444 
6.516483 35.204011 
6.516032 30.122477 
7.354597 65.379724 
6.028794 42.039553 
0.007286 176.471476 
1.444949 93.954827 
4.550080 122.773946 
6.115590 140.904522 
0.000171 153.118081 
6.184306 87.862154 
6.883767 24.498444 
5.515164 42.393219 
4.859857 55.374918 
3.639700 48.966014 
0.231303 1.177125 
2.420798 6.410863 
1.979711 6.731226 
6.195073 28.310364 
2.611078 11.855885 
0.499861 3.208107 
3.511373 6.736623 
1.386901 4.476693 
2.726088 6.046897 
1.383300 4.997922 
3.945071 5.181711 
2.639093 3.982144 
1.712087 2.995529 
0.774804 4.101171 
2.822283 2.859036 
8.552507 6.341401 
12.483885 10.902177 
0.054154 0.552752 
