0.971833788 0.412843616 1.19181045 
0.317476176 1.53229366 0.365952049 
0.250112847 0.469347292 1.22845117 
0.978250148 0.821273713 0.0173935849 
0.00630859917 0.0372638246 1.44912912 
0.114195537 0.168242882 1.91871177 
0.675675902 0.014687365 0.980870475 
0.377424363 0.126877691 1.09594384 
0.931117798 0.506573452 0.724087319 
0.137819734 1.72103432 0.149507838 
1.0802878 0.536718352 1.02338744 
0.137595032 0.501356147 1.31073363 
0.0697664034 0.0252106312 1.42910049 
0.0372886852 0.391125559 1.40112224 
0.534130422 0.5958075 1.24709135 
0.566454093 0.73074118 1.24262192 
0.766660769 0.948020656 0.721187007 
0.390882869 1.00759567 1.36779726 
0.44115674 1.5560883 0.6316581 
0.576325069 0.118797882 1.28078883 
1.17045636 0.314090723 0.759192409 
1.10000839 0.616695927 1.11915534 
0.122349263 0.27821358 1.51202396 
0.412124296 1.20237397 0.210473321 
0.103356631 0.0165865463 1.89130538 
0.184810509 1.13871375 0.855189091 
0.666750829 0.0838907132 1.08449619 
0.512069408 0.818583662 1.12147032 
0.688506666 1.04399881 1.23013163 
0.179239337 0.358004073 1.34251431 
1.04964477 0.698855744 0.538125476 
0.835048356 1.15983607 0.943851022 
1.09328923 0.509025477 0.982501814 
1.21783024 0.793681922 0.197706742 
0.496304754 0.837650812 1.04044296 
1.33012292 0.549521205 0.438687907 
0.262092013 0.407465219 1.50892088 
0.196991628 0.0361052007 1.49299346 
0.259405825 0.0228270212 1.10738967 
1.60342696 0.60854863 0.119247767 
0.472496394 0.511381635 1.33532093 
0.0349939091 0.258683485 1.2889001 
0.695991208 0.824892207 0.689750704 
0.507240522 0.966147019 1.40889653 
0.128872254 0.0290986817 1.20805628 
0.233802436 0.0167484318 1.50563342 
0.30522656 1.30795321 0.97451414 
0.295025329 0.960422154 0.961272647 
0.965659298 0.892220586 0.699749314 
0.740626564 0.858563598 1.35005274 
0.823119389 0.796530361 1.17155646 
0.578644964 0.165867367 1.50737474 
1.09835237 0.636057411 0.997305244 
1.1556763 0.715958333 0.448515821 
0.27134335 0.00387175997 1.5786238 
0.386703574 1.19212828 0.035329259 
0.825822855 1.09539026 0.274918005 
0.860991637 0.087324053 1.49754413 
1.03274943 0.719577807 0.708546699 
0.0239142581 0.00118279298 1.47115482 
0.40136832 0.283733464 1.39114338 
0.110647368 0.0826819941 1.70312413 
0.0907962051 1.44292003 0.375488487 
0.44939347 0.786342727 1.38110341 
0.0480608855 1.54026526 0.169935291 
1.27141368 1.03341077 0.148318804 
1.49048676 0.382553556 0.395474196 
1.25529544 0.172302489 0.581938041 
1.51019774 0.799456436 0.274360678 
1.1059063 0.502788321 0.0458194321 
0.379559658 0.114346826 1.62077036 
0.643002534 1.34449312 0.780146455 
0.0285866928 0.679498982 1.3458067 
1.16695381 1.01560152 0.33477686 
0.117614818 0.613152018 1.17625958 
0.996520061 0.338396911 0.51701208 
0.257611976 0.628330986 1.44106613 
0.120761026 0.327658479 1.32406414 
0.167699084 1.38270203 1.21128357 
0.00699837558 1.31803552 0.637434916 
1.15705934 0.882029155 0.598036903 
0.951134732 0.936308708 0.371309794 
0.579567673 0.611159795 1.16729242 
0.249398692 1.02822555 0.378673159 
0.379728059 0.832526976 0.84731827 
0.709036097 0.125363184 1.28497925 
1.07499662 0.960551672 0.491279785 
0.696757 0.795443 0.0926731 
1.05215 0.711565 0.0730394 
0.807226 0.738911 4.89598e-05 
0.879005 0.714903 0.0391648 
0.779832 0.676584 2.49819e-06 
0.961205 0.53263 0.19109 
1.05215 0.574741 0.260508 
1.13926 0.551963 0.170415 
0.977621 0.467046 0.175763 
1.31252 0.546485 0.169261 
0.923926 0.211018 0.593565 
0.992873 0.112968 0.574263 
1.00114 0.137539 0.464136 
0.912912 0.127246 0.618656 
0.880246 0.236216 0.508866 
0.15981 0.0248133 1.03902 
0.298547 0.0339545 1.16725 
0.25208 0.022323 1.06161 
0.0771488 0.0166873 1.22362 
0.273726 0.0213077 1.2227 
0.0190838 0.00784615 1.15768 
0.0601191 0.0183859 1.20922 
0.000149078 7.22365e-05 1.06661 
0.000119011 8.41184e-05 1.0914 
4.92266e-05 1.92884e-05 1.11034 
0.613563 0.593938 0.54358 
0.627077 0.59207 0.551643 
0.593076 0.548878 0.633944 
0.600205 0.611883 0.582676 
0.627706 0.541355 0.615317 
0.216988 1.24835 0.123704 
0.252587 1.28707 0.132401 
0.220519 1.4912 0.000224144 
0.208631 1.44468 0.132989 
0.263884 1.07527 0.000160587 
0.0376245 1.19237 0.302807 
0.0915046 1.47322 0.177274 
0.000103981 1.49344 0.259426 
7.59217e-05 1.51907 0.187126 
0.00973711 1.35776 0.226898 
3.18625e-05 7.20722e-05 1.02096 
0.0585061 0.0755742 1.0527 
0.0351935 0.102818 1.11676 
0.0167208 0.00929171 1.14379 
0.000112958 9.57803e-05 1.1246 
0.0386361 0.319349 0.988502 
0.000186761 0.750031 0.698919 
0.000513325 0.325342 1.17851 
0.0205171 0.12245 1.1221 
7.13196e-05 2.47602e-05 1.03884 
4.22359e-05 1.54111e-05 1.16522 
0.0155051 0.00617103 1.02606 
0.000449168 0.000616002 1.11163 
0.000110059 0.000222214 1.13184 
2.75385e-05 3.23765e-05 1.03137 
0.0852676 1.47633 0.118117 
0.0653376 1.50615 0.174343 
0.000161054 1.44258 0.171423 
0.074682 1.4788 0.321453 
0.042982 1.38113 0.152344 
0.243384 1.17843 0.0368385 
0.248905 1.37064 0.0901488 
0.216507 1.45733 1.95973e-05 
0.175171 1.37115 0.101004 
0.122877 1.32233 1.29009e-05 
0.439724 0.595541 0.686851 
0.692204 0.63966 0.468303 
0.540659 0.618325 0.584501 
0.576119 0.582372 0.576736 
0.574474 0.580602 0.591141 
8.3788e-05 4.84025e-05 1.12286 
2.27657e-05 1.19373e-05 1.33998 
0.0258976 0.0184872 1.21328 
0.0458666 0.0246286 1.03378 
1.01266e-05 5.80695e-06 1.03393 
0.125636 0.00661947 1.13881 
0.125953 0.00524841 1.17763 
0.495902 0.0348244 0.924445 
0.192405 0.015109 1.19483 
9.36136e-05 2.51981e-05 1.27659 
1.02253 0.0141246 0.426327 
1.01043 0.11608 0.424956 
1.06769 0.0940417 0.479888 
0.946196 0.000200445 0.447613 
1.01323 3.9596e-05 0.47611 
1.03959 0.472472 0.220374 
0.962612 0.437568 0.0796895 
0.934762 0.43627 0.215211 
0.943621 0.473955 0.0398608 
0.967372 0.412852 0.119234 
0.712949 0.903484 8.67433e-07 
0.859809 0.735243 2.37444e-05 
0.542906 1.13767 0.000200188 
0.845812 0.710073 2.43445e-05 
0.49306 0.996726 1.6648e-06 
1.05708 0.50532 0.0187502 
1.00141 0.367981 0.127039 
1.07283 0.412218 0.0361292 
0.969701 0.364515 0.0701733 
1.00509 0.397516 6.59791e-06 
1.0984 0.0525215 0.462258 
1.0696 0.0334012 0.34302 
1.02307 5.27282e-06 0.470029 
0.996904 0.0665489 0.320602 
1.0562 0.0313611 0.103063 
0.125663 0.00406917 1.24551 
0.0904148 0.00237652 1.22852 
0.000301879 4.61996e-08 1.24033 
6.31033e-05 1.39151e-05 1.34604 
0.0204491 0.00099795 1.2314 
0.000272666 5.67938e-05 1.27473 
2.19965e-05 1.035e-05 1.12575 
5.55344e-06 2.95322e-07 1.17844 
0.102288 0.0454718 1.04062 
1.68703e-05 1.00429e-05 1.11926 
0.588416 0.564646 0.603763 
0.587448 0.582199 0.567457 
0.56699 0.578102 0.590161 
0.587068 0.593412 0.564686 
0.578857 0.612079 0.544382 
0.097175 1.30763 7.4539e-06 
0.000107125 1.27632 0.0365205 
0.101857 1.21225 0.0151022 
0.0816202 1.20531 0.0198729 
0.0755978 1.26771 2.65912e-05 
2.35385e-05 1.28876 0.111096 
3.10709e-05 1.15344 0.0387002 
0.0292145 1.21181 0.0123651 
2.1749e-05 1.08897 0.0306008 
4.73896e-05 1.09981 0.0742062 
0.000147103 0.000104859 1.20788 
1.9448e-05 1.61029e-05 1.11151 
4.79891e-05 1.11775e-05 1.12116 
7.66234e-05 2.64476e-05 1.13456 
5.84875e-05 3.61663e-05 1.12129 
1.62839e-05 4.33511e-06 1.07541 
0.00688746 0.293276 1.06233 
0.00549225 0.0286192 1.11554 
0.000113538 3.64584e-05 1.2199 
7.00975e-05 5.27472e-05 1.07789 
3.76146e-06 9.24774e-07 1.09469 
1.12836e-05 8.0521e-06 1.12366 
0.000344086 2.69114e-05 1.22291 
3.10317e-05 2.21862e-05 1.0262 
6.72277e-06 2.30988e-06 1.16774 
1.0147e-05 1.10494 0.0307294 
0.000107193 1.13125 0.0313274 
7.84436e-05 1.12697 0.0370113 
7.94287e-05 1.06568 0.0366868 
2.11306e-05 1.04166 0.0297636 
7.43598e-05 1.13588 0.0102958 
7.13349e-05 1.1172 3.99627e-05 
0.110588 1.09947 8.54628e-06 
2.36737e-05 1.167 9.8142e-06 
3.38168e-05 1.14067 0.014128 
0.580719 0.572589 0.586362 
0.567457 0.563843 0.608218 
0.574758 0.580943 0.582896 
0.591702 0.568679 0.577967 
0.576964 0.583301 0.580098 
9.10512e-05 4.53068e-05 1.12785 
2.37483e-05 1.24674e-05 1.10031 
0.000222649 7.91888e-05 1.20209 
