0.30320764 1.14384341 1.19166903 
0.884482729 0.285898824 1.09158659 
0.146994887 0.0918966213 1.47337374 
0.840468145 0.760994866 0.295228007 
0.00138271644 0.073213821 1.38651558 
0.342750246 1.08027205 1.06125803 
0.175575128 0.856634196 1.08047177 
0.636773179 0.925734258 0.998230287 
1.33553802 0.341167303 0.941407466 
0.518073798 0.250639105 1.31213326 
0.102204654 1.19467598 0.768823766 
0.794884777 1.02336465 0.661341195 
0.21530438 0.143431068 1.63271185 
1.23934412 0.113883541 0.629802915 
0.347913329 0.516073109 1.33530937 
0.0458258718 0.760365354 1.2240673 
1.07959844 0.606073984 0.686578399 
0.0118565149 0.316224371 1.39954198 
0.271959303 1.51852144 0.37408942 
1.10512977 1.10721798 0.628981349 
0.354985541 0.0218388237 1.25092216 
0.831846085 0.541281421 0.814302662 
0.247104842 1.33101418 0.793613896 
0.549722036 0.472595064 1.02387722 
0.886425816 1.06097401 0.83663721 
0.549663838 0.105503831 1.41916932 
0.89558292 0.233301836 0.99009674 
1.264792 0.266930948 0.563662298 
0.0272395997 0.263334084 1.30850966 
0.522280259 1.0221409 1.11498288 
0.947622423 0.351264915 1.22555703 
0.802905049 1.35776776 0.233478718 
0.586568621 0.0807117232 1.57917612 
0.758815294 0.122629339 1.43648209 
0.56099848 1.2900944 0.559128363 
1.691504 0.532518804 0.250687524 
0.821001285 0.0128513239 1.48079794 
0.35778372 0.294415791 1.77657589 
0.648389701 1.30344009 0.653612716 
1.07321903 1.22907594 0.0623245365 
0.887596949 0.929079034 0.704685267 
1.17350845 0.886426502 0.273964477 
0.96882602 0.435496094 0.919567232 
1.10893238 0.471270391 0.0874241576 
0.161616627 1.30999719 0.954918336 
1.2381527 0.613223562 0.444447983 
0.121751939 0.39661403 1.25527409 
0.465731496 0.355576741 1.29183321 
0.85598951 1.33677019 0.276006307 
0.688398333 1.46801719 0.151001845 
0.209910449 0.52608039 1.35970751 
1.4458585 0.798648293 0.0505465643 
1.30634848 0.443576741 0.161238861 
0.673120899 0.939934056 1.18301658 
0.238765807 0.170933791 1.20232072 
1.12170471 0.267419394 0.894495705 
0.0941565066 0.0379052241 1.45217504 
0.440757394 0.547542898 1.4443403 
1.24483922 0.477546379 1.06715595 
0.533071658 0.593241091 1.17344729 
0.285459437 0.0229119819 1.56163258 
0.809405381 0.760126474 0.0138906353 
0.736903087 0.519236476 1.42793021 
1.52588521 0.19339656 0.559897221 
0.37970457 0.822061595 1.35728429 
0.403895128 0.441658768 1.13014848 
0.421709654 1.14572627 0.356373673 
0.0273818704 0.0266693925 1.39616129 
0.97322965 0.783035863 1.41187411 
0.0887291827 0.260859868 1.6371574 
0.866717868 0.512749055 0.670713012 
0.427150981 0.582330212 0.924068349 
0.0274090438 0.188257961 1.39901665 
0.118024368 0.00569120207 1.46026735 
0.00786101895 1.32976301 0.407501627 
1.22935041 0.218040955 0.443968183 
0.234890135 0.408900329 1.35431844 
0.20605029 0.536530921 1.82108071 
0.565890358 0.910549319 0.511940866 
0.226872683 0.954526925 1.31666675 
1.41816355 0.0308023336 0.304695104 
1.22564918 0.357845615 0.945464611 
0.131896601 0.939083834 1.61926847 
0.726741422 1.36315859 0.0962268367 
0.0354351484 0.121017925 1.19513978 
0.00674289933 0.0273027224 1.65553292 
1.48462263 0.764690637 0.387947361 
0.862261 0.650693 0.0682007 
0.641521 0.899739 9.75275e-05 
0.523256 0.950486 0.000116761 
1.1372 0.80789 0.0454886 
0.907335 0.498943 1.65145e-05 
0.983686 0.369211 0.156871 
1.10162 0.27548 4.93598e-06 
1.06145 0.325822 0.160961 
0.999602 0.339411 0.121614 
1.01789 0.399052 0.0992164 
1.11343 2.10911e-05 0.441621 
1.29922 0.0301299 0.156769 
1.29585 4.41639e-05 0.0860776 
1.19027 0.0258196 0.281735 
1.22601 0.0368621 0.0967267 
0.257507 0.0303533 0.992561 
0.0356417 0.018794 1.12274 
0.0413633 0.0240175 1.16912 
0.848432 3.02052e-05 0.986072 
9.38869e-05 1.79375e-05 1.32179 
1.40056e-05 1.11809e-05 1.13987 
0.0249243 0.0228944 1.21345 
0.0819398 0.0376282 1.13065 
7.13921e-05 0.000108076 1.06401 
0.115167 0.0818558 1.2012 
0.61918 0.560815 0.562493 
0.555446 0.521623 0.659633 
0.654832 0.547275 0.592542 
0.670124 0.613866 0.480954 
0.631975 0.563785 0.549974 
0.452579 0.956062 0.197688 
0.52992 0.96349 0.104979 
0.492865 1.05684 0.0765461 
0.523129 1.00473 0.115481 
0.451986 0.985217 0.120183 
0.117231 1.04089 0.468702 
1.44736e-05 1.05575 0.399136 
0.0366441 1.04395 0.451263 
2.36261e-05 1.17351 0.401449 
0.0703139 1.11624 0.46475 
0.0181713 0.0534611 1.06878 
7.01202e-05 6.835e-05 1.12692 
0.0115136 0.0250376 1.13079 
0.0294066 0.0250989 1.10318 
0.0438869 0.0905808 1.11991 
0.0208352 0.288327 1.09866 
0.0208085 0.37726 1.07211 
0.00121576 0.252902 1.22117 
0.0388025 0.156742 1.20733 
0.0112588 0.0439466 1.1212 
0.00757777 0.0143252 1.11748 
0.0015539 0.00171809 1.05691 
2.55215e-06 2.28957e-06 1.15158 
1.21496e-05 1.18482e-05 1.07938 
5.73948e-05 5.72091e-05 1.07587 
5.68444e-05 1.17146 0.358875 
1.98597e-05 1.13448 0.397674 
0.00779584 1.15648 0.358354 
0.0211572 1.08728 0.330624 
5.50438e-06 1.03924 0.320427 
0.383793 1.007 8.85433e-06 
0.414958 0.96474 0.152641 
0.320695 0.969762 1.62472e-05 
0.428014 0.952055 0.0292497 
0.316219 0.971094 0.0769613 
0.627603 0.562454 0.559878 
0.580286 0.607128 0.57051 
0.600131 0.566957 0.589963 
0.58283 0.593126 0.573505 
0.564347 0.57264 0.619994 
1.66228e-06 1.30203e-06 1.08602 
0.00758559 0.00215962 1.15265 
0.0484145 0.0137384 1.20152 
4.22999e-05 4.1152e-05 1.07651 
3.67743e-05 5.15827e-05 1.09272 
0.527445 4.12946e-06 0.975852 
0.22472 0.01694 1.14225 
0.249717 0.037215 1.13771 
0.216267 0.00825976 1.20575 
0.717838 4.16192e-05 0.909376 
1.27942 2.44181e-05 2.86131e-05 
1.30865 5.99197e-06 0.0252286 
1.31017 1.46015e-05 0.0333349 
1.29673 2.92629e-07 2.74979e-06 
1.28785 5.81546e-05 1.96899e-05 
1.22377 0.00195673 3.79799e-05 
1.27459 0.0924732 7.624e-06 
1.26933 0.0773685 4.6565e-05 
1.12985 6.67611e-06 7.68999e-06 
1.14914 3.48341e-05 0.0169738 
1.01024 0.285055 3.49931e-05 
0.960966 0.523081 3.05133e-05 
0.983474 0.475297 1.68139e-05 
0.809509 0.761097 9.2942e-06 
0.868218 0.95507 2.74807e-06 
1.22998 2.74156e-06 7.98989e-06 
1.20071 1.51441e-06 4.76617e-05 
1.20883 3.86944e-05 1.86723e-06 
1.16317 5.75284e-08 3.57494e-05 
1.25513 1.90522e-06 1.93875e-06 
1.20733 4.52456e-05 6.96168e-05 
1.21209 6.02076e-06 3.035e-05 
1.17386 5.86446e-05 0.0399629 
1.25815 1.57778e-06 4.35933e-05 
1.25896 8.93601e-06 7.33153e-05 
0.95945 6.67038e-06 0.671215 
0.582643 4.1785e-07 0.851255 
0.920301 0.000497438 0.459743 
0.385035 0.00938969 1.07136 
0.337338 0.0161152 1.15454 
1.26116e-06 1.01386e-06 1.12983 
7.34815e-07 2.9589e-07 1.297 
7.62016e-05 5.4941e-05 1.16452 
6.56508e-05 2.73639e-05 1.21604 
3.81204e-05 3.40355e-05 1.19486 
0.595068 0.622929 0.519682 
0.581318 0.592709 0.57099 
0.587779 0.597409 0.562363 
0.595891 0.577864 0.57248 
0.587595 0.581011 0.590021 
0.25056 1.02053 0.0403493 
0.245658 1.03295 0.040536 
0.285368 1.02389 0.0419497 
0.239018 1.01311 1.49177e-05 
0.24775 1.04476 4.2505e-05 
9.44701e-05 1.00234 0.298824 
0.00792979 1.03523 0.255971 
0.0464815 1.03726 0.145504 
4.86046e-05 1.05487 5.91225e-05 
2.65595e-05 1.06498 5.30922e-06 
0.0356644 0.0576573 1.04461 
0.0114551 0.0143188 1.0795 
4.76162e-05 4.3853e-05 1.05416 
1.79322e-05 2.3405e-05 1.11719 
6.56575e-06 4.81756e-06 1.12359 
1.44163e-06 1.2027e-06 1.09035 
3.39048e-06 1.46408e-06 1.04984 
1.91901e-06 0.6181 0.87397 
7.05362e-05 5.74477e-05 1.02063 
0.0257764 0.160575 1.20055 
8.47565e-05 3.801e-05 1.34653 
4.13775e-05 2.76286e-05 1.10814 
3.08662e-05 0.000116327 1.09007 
1.59625e-06 4.96985e-07 1.1673 
1.31436e-05 2.49416e-06 1.12783 
4.16159e-05 1.07066 2.65984e-06 
1.93826e-05 1.07986 7.04964e-05 
4.00206e-06 1.05827 0.0132104 
5.11807e-05 1.06724 0.0360663 
0.00407972 1.07227 6.25403e-06 
1.98781e-05 1.05832 3.15472e-07 
1.3479e-05 1.07206 3.83952e-05 
1.40165e-05 1.08324 2.29198e-06 
3.24441e-05 1.07058 3.2006e-07 
1.59051e-05 1.12627 2.79798e-06 
0.606322 0.572205 0.583247 
0.593335 0.585866 0.595093 
0.593233 0.593239 0.573215 
0.585419 0.578496 0.589147 
0.603756 0.576646 0.568552 
2.57457e-05 1.12264e-05 1.16312 
9.83272e-05 8.75427e-05 1.03993 
4.48633e-05 3.51215e-05 1.04342 
