1 0.41125 0.17813 0.58056 0.52730 0.33408 0.14667 0.86906 0.00338 decision
1 1.5424 2.8658e-75 6.2297e-39 objective
2 0.89944 0.63277 0.18331 0.25296 0.50003 0.77534 0.68119 0.71198 decision
2 1.3149 2.7523e-20 5.1536e-05 objective
3 0.45251 0.97077 0.36528 0.75896 0.32533 0.69219 0.74364 0.35153 decision
3 1.23 0.099722 7.0912e-35 objective
4 0.01959 0.36120 0.95059 0.87365 0.18441 0.90987 0.26331 0.33780 decision
4 1.6926 1.5808e-44 4.2369e-171 objective
5 0.88790 0.27215 0.42911 0.01212 0.37929 0.79898 0.46134 0.78466 decision
5 1.4295 6.7846e-57 1.5416e-05 objective
6 0.87549 0.61856 0.24303 0.00868 0.91965 0.36693 0.96351 0.52252 decision
6 1.7166 3.7075e-21 4.5267e-06 objective
7 0.43963 0.09915 0.10655 0.67961 0.71607 0.13057 0.35505 0.18604 decision
7 1.4898 9.9942e-101 4.7598e-36 objective
8 0.92313 0.04813 0.31805 0.16853 0.06842 0.73804 0.44011 0.49617 decision
8 1.3895 3.7863e-132 0.00073306 objective
9 0.11927 0.41723 0.27726 0.71834 0.35917 0.95102 0.31137 0.58492 decision
9 1.3633 2.3341e-38 9.6059e-93 objective
10 0.29297 0.14350 0.72003 0.36929 0.62676 0.53247 0.02196 0.82548 decision
10 1.4171 1.0755e-84 1.0708e-53 objective
11 0.87168 0.22401 0.33640 0.80676 0.42111 0.88047 0.54620 0.15247 decision
11 1.3948 2.3321e-65 2.3782e-06 objective
12 0.91631 0.47921 0.65712 0.80069 0.19610 0.50182 0.88704 0.22421 decision
12 1.4333 2.5411e-32 0.00036022 objective
13 0.11434 0.19152 0.80507 0.92663 0.98389 0.47200 0.21866 0.16322 decision
13 1.7026 4.4585e-72 1.7707e-94 objective
14 0.35187 0.70133 0.36831 0.63902 0.59814 0.46041 0.51047 0.47500 decision
14 1.0486 6.4409e-16 7.1513e-46 objective
15 0.08355 0.81158 0.07989 0.99787 0.83486 0.01679 0.26799 0.64704 decision
15 1.8454 2.4851e-09 4.513e-108 objective
16 0.79470 0.56442 0.14361 0.75505 0.81416 0.51217 0.38682 0.98364 decision
16 1.5376 3.4902e-25 2.5308e-10 objective
17 0.34166 0.09145 0.82995 0.55101 0.83950 0.15943 0.40015 0.45296 decision
17 1.3549 2.7801e-104 4.8649e-47 objective
18 0.83420 0.51591 0.18416 0.70380 0.07832 0.45020 0.33725 0.12590 decision
18 1.488 4.2267e-29 3.1312e-08 objective
19 0.30052 0.91058 0.03250 0.32803 0.58237 0.57884 0.17953 0.89857 decision
19 1.5227 0.0002045 1.4664e-52 objective
20 0.28047 0.76600 0.58690 0.26659 0.76892 0.89399 0.80404 0.03452 decision
20 1.5987 6.6529e-12 1.5413e-55 objective
21 0.36569 0.96542 0.90103 0.93951 0.40836 0.03296 0.12725 0.55409 decision
21 1.7205 0.080122 5.5466e-44 objective
22 0.05344 0.24505 0.66870 0.39624 0.08161 0.76911 0.49195 0.32527 decision
22 1.3173 1.744e-61 1.2738e-127 objective
23 0.69069 0.72516 0.57460 0.46437 0.51707 0.42329 0.82356 0.83828 decision
23 1.2321 2.1386e-14 1.6408e-16 objective
24 0.73817 0.97924 0.09005 0.86637 0.43576 0.37931 0.56633 0.75472 decision
24 1.3645 0.26646 1.4283e-13 objective
25 0.02922 0.45797 0.79290 0.31792 0.69123 0.23333 0.97923 0.27686 decision
25 1.5061 2.8694e-34 8.7436e-154 objective
26 0.00261 0.86653 0.87875 0.94519 0.78238 0.60735 0.47452 0.06458 decision
26 1.6232 1.5301e-06 1.3947e-258 objective
27 0.06132 0.50252 0.33109 0.98519 0.15835 0.67838 0.12063 0.03274 decision
27 1.7747 3.6357e-30 1.5993e-121 objective
28 0.73138 0.57960 0.45599 0.48422 0.30938 0.75489 0.66589 0.17551 decision
28 1.2363 3.9944e-24 5.0403e-14 objective
29 0.64548 0.94280 0.35223 0.56349 0.00470 0.10434 0.96619 0.77410 decision
29 1.7202 0.0074794 2.6283e-19 objective
30 0.58208 0.66384 0.27147 0.41458 0.53653 0.82511 0.14046 0.68664 decision
30 1.3307 3.3598e-18 6.5843e-24 objective
31 0.42617 0.73969 0.06669 0.47847 0.28022 0.32776 0.21436 0.29470 decision
31 1.3899 1.7538e-13 1.9827e-37 objective
32 0.31173 0.13112 0.65417 0.11384 0.25373 0.39834 0.45221 0.41696 decision
32 1.2531 1.1472e-88 4.7053e-51 objective
33 0.84827 0.75176 0.46855 0.20059 0.68257 0.94096 0.03898 0.84098 decision
33 1.6472 1.0486e-12 1.8459e-07 objective
34 0.09817 0.33960 0.76373 0.96941 0.88712 0.57156 0.56184 0.44209 decision
34 1.452 2.8541e-47 3.598e-101 objective
35 0.23849 0.89123 0.12615 0.07742 0.24278 0.81346 0.42610 0.66275 decision
35 1.5147 2.3744e-05 1.331e-62 objective
36 0.59143 0.30571 0.16751 0.08646 0.52132 0.31155 0.24072 0.89098 decision
36 1.5376 8.197e-52 3.7464e-23 objective
37 0.04515 0.56307 0.74726 0.23250 0.87668 0.97277 0.76126 0.07223 decision
37 1.7493 3.1293e-25 7.9441e-135 objective
38 0.49863 0.70015 0.30596 0.59335 0.94542 0.07908 0.50116 0.54609 decision
38 1.4241 7.3967e-16 1.3413e-30 objective
39 0.26610 0.78072 0.04354 0.67164 0.82331 0.48675 0.28329 0.92641 decision
39 1.5713 4.3822e-11 7.8851e-58 objective
40 0.66933 0.52262 0.60875 0.29575 0.11100 0.08175 0.58878 0.31045 decision
40 1.4236 1.4719e-28 8.1916e-18 objective
41 0.71246 0.80306 0.93986 0.72930 0.91101 0.65276 0.01137 0.86619 decision
41 1.8112 8.488e-10 5.3731e-15 objective
42 0.21763 0.00585 0.67903 0.66570 0.87330 0.43811 0.85647 0.63657 decision
42 1.3484 1.1919e-223 1.2504e-66 objective
43 0.94077 0.83388 0.72887 0.44440 0.01916 0.21622 0.29287 0.10564 decision
43 1.5656 3.1725e-08 0.0054837 objective
44 0.32754 0.28900 0.20507 0.74181 0.70450 0.86815 0.19278 0.67495 decision
44 1.4478 2.7944e-54 7.6529e-49 objective
45 0.46646 0.60812 0.49969 0.35851 0.64053 0.54049 0.53314 0.81189 decision
45 1.1398 4.4834e-22 1.3635e-33 objective
46 0.37861 0.78520 0.85012 0.10073 0.93668 0.28574 0.41167 0.42561 decision
46 1.5319 7.5753e-11 1.5858e-42 objective
47 0.51073 0.62199 0.48121 0.40661 0.64712 0.98277 0.57873 0.36686 decision
47 1.2877 4.8321e-21 1.3327e-29 objective
48 0.51760 0.33156 0.62576 0.53938 0.02963 0.84139 0.32556 0.60837 decision
48 1.3973 2.5011e-48 5.503e-29 objective
49 0.22463 0.28342 0.25336 0.19524 0.57310 0.67542 0.91364 0.72517 decision
49 1.4116 3.8845e-55 3.1057e-65 objective
50 0.78608 0.11861 0.22492 0.22302 0.72603 0.63404 0.06831 0.95574 decision
50 1.6155 6.5798e-93 8.9339e-11 objective
51 0.15948 0.59054 0.70183 0.35300 0.48381 0.30960 0.77696 0.72263 decision
51 1.2251 2.5655e-23 3.5958e-80 objective
52 0.25876 0.35074 0.91741 0.03073 0.14561 0.40958 0.17200 0.73834 decision
52 1.6926 8.38e-46 5.1754e-59 objective
53 0.61112 0.20345 0.52309 0.62386 0.74364 0.28750 0.60824 0.05560 decision
53 1.3296 1.4628e-69 8.5641e-22 objective
54 0.07958 0.91956 0.74465 0.50566 0.60980 0.71032 0.88213 0.38679 decision
54 1.275 0.00045653 2.4172e-110 objective
55 0.54338 0.54613 0.41174 0.33617 0.99954 0.72719 0.61346 0.95359 decision
55 1.5544 1.3089e-26 7.9076e-27 objective
56 0.18960 0.44372 0.12945 0.43221 0.75064 0.61063 0.62605 0.14202 decision
56 1.361 1.0977e-35 1.3013e-72 objective
57 0.38041 0.98983 0.39687 0.91302 0.31237 0.37111 0.92712 0.20423 decision
57 1.2691 0.80518 2.5046e-42 objective
58 0.97493 0.87431 0.42512 0.45775 0.47707 0.82982 0.64845 0.90838 decision
58 1.2955 2.9848e-06 0.16141 objective
59 0.76059 0.03084 0.92473 0.51077 0.23924 0.34149 0.64250 0.61044 decision
59 1.3061 1.6709e-151 2.6746e-12 objective
60 0.53288 0.52884 0.79312 0.82499 0.17482 0.11892 0.07896 0.24331 decision
60 1.6857 5.6957e-28 1.2195e-27 objective
61 0.13708 0.42718 0.01533 0.83846 0.54066 0.42643 0.83514 0.41037 decision
61 1.4769 2.6695e-37 1.1597e-86 objective
62 0.71489 0.26379 0.09634 0.18143 0.67014 0.62184 0.90344 0.13404 decision
62 1.6049 3.3662e-58 6.6883e-15 objective
63 0.25248 0.38927 0.15782 0.59932 0.22669 0.34755 0.09687 0.79732 decision
63 1.4758 2.4546e-41 3.8743e-60 objective
64 0.18123 0.49109 0.38448 0.30859 0.65641 0.59029 0.94062 0.39260 decision
64 1.2883 2.6448e-31 1.3475e-74 objective
65 0.39559 0.67839 0.20806 0.15276 0.46291 0.85380 0.75153 0.85551 decision
65 1.522 3.3618e-17 1.2672e-40 objective
66 0.77698 0.15192 0.96883 0.39062 0.58898 0.24810 0.20178 0.01248 decision
66 1.6298 3.7088e-82 2.8117e-11 objective
67 0.62628 0.85873 0.53506 0.61106 0.12889 0.16655 0.67602 0.25727 decision
67 1.3524 5.1601e-07 1.0098e-20 objective
68 0.63726 0.64870 0.95974 0.12164 0.95958 0.05266 0.72208 0.97621 decision
68 2.0419 5.1321e-19 8.6627e-20 objective
69 0.47770 0.84105 0.81627 0.77452 0.09717 0.19852 0.99646 0.56478 decision
69 1.6792 8.0035e-08 2.1704e-32 objective
70 0.56554 0.71493 0.99633 0.06065 0.39595 0.22397 0.35955 0.21353 decision
70 1.6282 6.8239e-15 4.5114e-25 objective
71 0.81124 0.23016 0.61152 0.12858 0.21211 0.17375 0.05355 0.30802 decision
71 1.5759 3.9437e-64 2.034e-09 objective
72 0.98321 0.21679 0.63604 0.58490 0.34717 0.56253 0.08604 0.46630 decision
72 1.1747 7.3968e-67 0.34927 objective
73 0.13869 0.82672 0.77574 0.78554 0.27188 0.27025 0.52729 0.27103 decision
73 1.3156 1.125e-08 3.3199e-86 objective
74 0.19654 0.06444 0.43949 0.86097 0.29771 0.52506 0.70724 0.08812 decision
74 1.3881 1.7989e-119 4.8185e-71 objective
75 0.75215 0.37747 0.69537 0.03587 0.85983 0.89658 0.42184 0.49134 decision
75 1.5465 1.1854e-42 1.0371e-12 objective
76 0.60837 0.90721 0.89322 0.28049 0.90706 0.78518 0.11109 0.37100 decision
76 1.6177 0.00014986 6.629e-22 objective
77 0.86097 0.32092 0.86352 0.69465 0.55389 0.66293 0.94812 0.50722 decision
77 1.4003 9.6065e-50 6.9383e-07 objective
78 0.82633 0.67782 0.55547 0.84569 0.16960 0.26033 0.80865 0.23974 decision
78 1.4522 2.9484e-17 1.1839e-08 objective
79 0.55803 0.39834 0.48289 0.89071 0.80109 0.09995 0.69300 0.69676 decision
79 1.4796 2.4642e-40 1.0757e-25 objective
80 0.68547 0.47105 0.51509 0.05562 0.45188 0.00003 0.15680 0.99891 decision
80 1.8167 5.7843e-33 1.1327e-16 objective
81 0.16848 0.04061 0.98462 0.21785 0.77748 0.04043 0.84286 0.59055 decision
81 1.7284 1.998e-139 1.2274e-77 objective
82 0.99572 0.10598 0.24063 0.96013 0.96656 0.99146 0.02386 0.53242 decision
82 1.0242 5.3389e-98 1.6781 objective
83 0.41624 0.07325 0.29507 0.56090 0.38405 0.92037 0.72457 0.09930 decision
83 1.4469 6.8377e-114 1.9536e-38 objective
84 0.48403 0.94070 0.00725 0.24990 0.12252 0.18775 0.25029 0.62392 decision
84 1.623 0.0056447 7.8352e-32 objective
85 0.66112 0.01833 0.54634 0.65007 0.44559 0.95684 0.37616 0.93110 decision
85 1.4375 4.7805e-174 2.4086e-18 objective
86 0.95501 0.40390 0.85323 0.14282 0.04091 0.71268 0.30074 0.88360 decision
86 1.695 1.1298e-39 0.026681 objective
87 0.94582 0.17001 0.04742 0.90682 0.05208 0.06377 0.78259 0.75921 decision
87 1.9083 3.336e-77 0.01142 objective
ei= -0.041196
88 0.33459 0.20731 0.30291 0.62366 0.54482 0.75418 0.38864 0.95512 decision
88 1.34029 0.00000 0.00000 objective
ei= -0.040122
89 0.21167 0.36272 0.18746 0.50437 0.66179 0.72812 0.34797 0.67522 decision
89 1.22973 0.00000 0.00000 objective
ei= -0.034962
90 0.33609 0.31964 0.79658 0.79266 0.5468 0.70136 0.76346 0.16166 decision
90 1.40022 0.00000 0.00000 objective
ei= -0.036827
91 0.61082 0.014456 0.56985 0.19325 0.44647 0.81605 0.38064 0.99998 decision
91 1.46596 0.00000 0.00000 objective
ei= -0.031072
92 0.51299 0.34912 0.3242 0.60962 0.21105 0.20469 0.53189 0.1522 decision
92 1.33561 0.00000 0.00000 objective
ei= -0.023699
93 0.11299 0.44626 0.76598 0.66157 0.56704 0.27867 0.25929 0.18319 decision
93 1.30864 0.00000 0.00000 objective
ei= -0.025906
94 0.77352 0.56069 0.26447 0.20555 0.70711 0.51968 0.3311 0.9668 decision
94 1.43189 0.00000 0.00000 objective
ei= -0.023710
95 0.59683 0.42763 0.84783 0.20012 0.61762 0.63511 0.81496 0.59031 decision
95 1.35036 0.00000 0.00000 objective
ei= -0.022500
96 0.60146 0.27666 0.35315 0.73539 0.17314 0.8478 0.74586 0.29456 decision
96 1.40743 0.00000 0.00000 objective
ei= -0.021309
97 0.86009 0.29756 0.4034 0.25847 0.21637 0.2604 0.76324 0.4293 decision
97 1.27981 0.00000 0.00000 objective
ei= -0.020442
98 0.13827 0.66934 0.6868 0.74185 0.61594 0.69179 0.4597 0.48875 decision
98 1.14536 0.00000 0.00000 objective
ei= -0.026148
99 0.30798 0.71994 0.84058 0.57874 0.15075 0.2442 0.4329 0.35158 decision
99 1.33613 0.00000 0.00000 objective
ei= -0.031885
100 0.8155 0.58776 0.83229 0.72247 0.076756 0.16903 0.80813 0.51587 decision
100 1.54378 0.00000 0.00000 objective
ei= -0.013984
101 0.13687 0.67777 0.615 0.3924 0.26794 0.27018 0.25012 0.47426 decision
101 1.19457 0.00000 0.00000 objective
ei= -0.015224
102 0.079462 0.15792 0.27603 0.76219 0.54057 0.5251 0.45792 0.12606 decision
102 1.26279 0.00000 0.00000 objective
ei= -0.018163
103 0.55143 0.70155 0.36327 0.60093 0.54494 0.69219 0.34593 0.44151 decision
103 1.09500 0.00000 0.00000 objective
ei= -0.017065
104 0.45263 0.73968 0.066931 0.37135 0.16965 0.69521 0.21205 0.35594 decision
104 1.45501 0.00000 0.00000 objective
ei= -0.018317
105 0.13856 0.45674 0.8545 0.78544 0.16956 0.25833 0.52749 0.34907 decision
105 1.39827 0.00000 0.00000 objective
ei= -0.017332
106 0.89729 0.65953 0.54565 0.61437 0.12945 0.19734 0.35108 0.2623 decision
106 1.32275 0.00000 0.00004 objective
ei= -0.017019
107 0.13238 0.31585 0.1539 0.58157 0.68762 0.19878 0.51054 0.4104 decision
107 1.26051 0.00000 0.00000 objective
ei= -0.015844
108 0.25082 0.47624 0.52383 0.50441 0.49718 0.51522 0.52166 0.45934 decision
108 1.00295 0.00000 0.00000 objective
ei= -0.006959
109 0.52268 0.44069 0.49651 0.43448 0.46882 0.51981 0.50169 0.5485 decision
109 1.00803 0.00000 0.00000 objective
ei= -0.007732
110 0.41355 0.56357 0.6306 0.5812 0.48352 0.50269 0.5446 0.48569 decision
110 1.02612 0.00000 0.00000 objective
ei= -0.005390
111 0.3508 0.24495 0.50754 0.47919 0.47742 0.4976 0.45968 0.47429 decision
111 1.00329 0.00000 0.00000 objective
ei= -0.005520
112 0.15934 0.41305 0.49815 0.50422 0.51364 0.42311 0.48973 0.48378 decision
112 1.00649 0.00000 0.00000 objective
ei= -0.005738
113 0.38271 0.62199 0.49552 0.50617 0.54504 0.52742 0.52777 0.50039 decision
113 1.00361 0.00000 0.00000 objective
ei= -0.006543
114 0.39664 0.44862 0.52282 0.51665 0.53524 0.37889 0.47571 0.4429 decision
114 1.02056 0.00000 0.00000 objective
ei= -0.004541
115 0.39566 0.40332 0.44429 0.54393 0.51019 0.56251 0.49257 0.50006 decision
115 1.00910 0.00000 0.00000 objective
ei= -0.003653
116 0.3117 0.32555 0.58665 0.49518 0.49933 0.4389 0.51743 0.50706 decision
116 1.01162 0.00000 0.00000 objective
ei= -0.003587
117 0.18123 0.44873 0.549 0.47217 0.41832 0.50683 0.51647 0.4743 decision
117 1.01083 0.00000 0.00000 objective
ei= -0.006418
118 0.74066 0.39566 0.50337 0.52996 0.36768 0.53856 0.49351 0.47818 decision
118 1.02042 0.00000 0.00000 objective
ei= -0.005097
119 0.31137 0.58558 0.51073 0.51912 0.50441 0.53182 0.40017 0.49018 decision
119 1.01157 0.00000 0.00000 objective
ei= -0.005824
120 0.34705 0.47832 0.49812 0.5066 0.35222 0.46215 0.45669 0.47596 decision
120 1.02577 0.00000 0.00000 objective
ei= -0.005456
121 0.24266 0.43005 0.55892 0.39298 0.5488 0.48716 0.45181 0.49207 decision
121 1.01986 0.00000 0.00000 objective
ei= -0.003874
122 0.20879 0.29487 0.49913 0.57523 0.57688 0.54046 0.4861 0.48046 decision
122 1.01378 0.00000 0.00000 objective
ei= -0.005355
123 0.31031 0.59399 0.5011 0.52612 0.50053 0.4773 0.54519 0.48339 decision
123 1.00352 0.00000 0.00000 objective
ei= -0.005112
124 0.29346 0.65389 0.51596 0.4722 0.48059 0.50341 0.48392 0.48142 decision
124 1.00202 0.00000 0.00000 objective
ei= -0.004095
125 0.29297 0.37669 0.46342 0.48354 0.47484 0.48149 0.46003 0.43467 decision
125 1.00845 0.00000 0.00000 objective
ei= -0.004412
126 0.21704 0.54973 0.52508 0.47766 0.59636 0.46059 0.49243 0.52572 decision
126 1.01269 0.00000 0.00000 objective
ei= -0.008015
127 0.35649 0.47019 0.49627 0.4863 0.5557 0.52431 0.48497 0.47427 decision
127 1.00478 0.00000 0.00000 objective
ei= -0.005269
128 0.31345 0.66962 0.52094 0.60871 0.49074 0.52085 0.50654 0.49706 decision
128 1.01283 0.00000 0.00000 objective
ei= -0.004459
129 0.59387 0.63825 0.48576 0.52761 0.43468 0.55199 0.51766 0.48445 decision
129 1.00849 0.00000 0.00000 objective
ei= -0.005893
130 0.56463 0.32902 0.53166 0.50764 0.51699 0.51327 0.45846 0.47668 decision
130 1.00379 0.00000 0.00000 objective
ei= -0.004949
131 0.1963 0.60863 0.57424 0.53715 0.50074 0.45995 0.4597 0.46497 decision
131 1.01135 0.00000 0.00000 objective
ei= -0.005872
132 0.13686 0.58555 0.51725 0.54645 0.51773 0.53183 0.5101 0.49424 decision
132 1.00392 0.00000 0.00000 objective
ei= -0.008624
133 0.34142 0.43604 0.5164 0.46492 0.4806 0.50208 0.46375 0.52195 decision
133 1.00368 0.00000 0.00000 objective
ei= -0.006905
134 0.35013 0.35174 0.38554 0.45424 0.50872 0.49284 0.50115 0.47671 decision
134 1.01587 0.00000 0.00000 objective
ei= -0.006143
135 0.53512 0.32679 0.54567 0.46096 0.42023 0.5676 0.46257 0.47876 decision
135 1.01639 0.00000 0.00000 objective
ei= -0.006639
136 0.2797 0.58439 0.53871 0.49406 0.49701 0.54107 0.4969 0.53284 decision
136 1.00432 0.00000 0.00000 objective
ei= -0.005046
137 0.28507 0.44193 0.51175 0.50044 0.48566 0.49582 0.47469 0.49015 decision
137 1.00110 0.00000 0.00000 objective
ei= -0.002071
138 0.26606 0.36039 0.50525 0.47305 0.49714 0.52491 0.50104 0.4952 decision
138 1.00141 0.00000 0.00000 objective
ei= -0.003990
139 0.18098 0.36725 0.54658 0.49114 0.5278 0.52065 0.47608 0.47557 decision
139 1.00462 0.00000 0.00000 objective
ei= -0.003083
140 0.22061 0.33783 0.50282 0.51349 0.47642 0.50707 0.45106 0.48277 decision
140 1.00349 0.00000 0.00000 objective
ei= -0.004878
141 0.48739 0.38407 0.50534 0.51424 0.44737 0.50337 0.49198 0.4663 decision
141 1.00421 0.00000 0.00000 objective
ei= -0.003759
142 0.29995 0.41275 0.53068 0.55512 0.52136 0.49821 0.43733 0.47617 decision
142 1.00893 0.00000 0.00000 objective
ei= -0.004868
143 0.44753 0.488 0.50756 0.47918 0.4772 0.45742 0.51839 0.47823 decision
143 1.00364 0.00000 0.00000 objective
ei= -0.002969
144 0.34451 0.42857 0.5253 0.47761 0.47341 0.5347 0.45934 0.48177 decision
144 1.00504 0.00000 0.00000 objective
ei= -0.004850
145 0.31382 0.57774 0.50805 0.43555 0.51606 0.50722 0.51048 0.48387 decision
145 1.00490 0.00000 0.00000 objective
ei= -0.002419
146 0.20873 0.55411 0.47038 0.47208 0.50839 0.51785 0.48303 0.48603 decision
146 1.00253 0.00000 0.00000 objective
ei= -0.002223
147 0.23454 0.62809 0.50911 0.51905 0.5012 0.49016 0.50129 0.39384 decision
147 1.01182 0.00000 0.00000 objective
ei= -0.002594
148 0.24684 0.41481 0.40543 0.57137 0.51898 0.47593 0.35922 0.42021 decision
148 1.04116 0.00000 0.00000 objective
ei= -0.000839
149 0.24128 0.32573 0.51495 0.48466 0.5105 0.4928 0.48109 0.48095 decision
149 1.00134 0.00000 0.00000 objective
ei= -0.003380
150 0.70498 0.21626 0.55816 0.521 0.40003 0.47552 0.47985 0.48932 decision
150 1.01494 0.00000 0.00000 objective
ei= -0.002214
151 0.20206 0.35891 0.51874 0.41276 0.4807 0.46166 0.49382 0.45752 decision
151 1.01165 0.00000 0.00000 objective
ei= -0.003110
152 0.43145 0.30427 0.48487 0.36693 0.51771 0.51708 0.52735 0.53332 decision
152 1.02040 0.00000 0.00000 objective
ei= -0.000827
153 0.17017 0.26845 0.4434 0.45694 0.52345 0.51218 0.47399 0.48879 decision
153 1.00656 0.00000 0.00000 objective
ei= -0.001179
154 0.18342 0.5294 0.5012 0.51199 0.54852 0.50363 0.50537 0.48822 decision
154 1.00268 0.00000 0.00000 objective
ei= -0.001016
155 0.58184 0.27079 0.48394 0.51962 0.46799 0.53189 0.47707 0.50935 decision
155 1.00330 0.00000 0.00000 objective
ei= -0.000856
156 0.49853 0.3052 0.47896 0.49299 0.48099 0.5067 0.50968 0.49197 decision
156 1.00106 0.00000 0.00000 objective
ei= -0.001176
157 0.17475 0.53162 0.51075 0.48064 0.46081 0.39676 0.41533 0.47491 decision
157 1.02048 0.00000 0.00000 objective
ei= -0.002186
158 0.51056 0.58798 0.51572 0.52208 0.52981 0.54123 0.54388 0.5089 decision
158 1.00533 0.00000 0.00000 objective
ei= -0.000679
159 0.25493 0.39635 0.47413 0.50199 0.53132 0.51099 0.51465 0.48575 decision
159 1.00219 0.00000 0.00000 objective
ei= -0.001475
160 0.43086 0.29157 0.50208 0.47265 0.50096 0.45373 0.42242 0.48628 decision
160 1.00910 0.00000 0.00000 objective
ei= -0.001570
161 0.54529 0.26481 0.51637 0.48036 0.38319 0.51696 0.49379 0.49397 decision
161 1.01466 0.00000 0.00000 objective
ei= -0.001066
162 0.39866 0.29741 0.51223 0.44617 0.47182 0.48695 0.47964 0.49613 decision
162 1.00444 0.00000 0.00000 objective
ei= -0.033913
163 0.99995 0.41627 0.57462 0.82569 0.1421 0.26028 0.80866 0.22123 decision
163 0.01146 0.00000 1.47014 objective
ei= -0.014266
164 0.53273 0.18748 0.58699 0.67052 0.20753 0.53595 0.20332 0.069888 decision
164 1.39650 0.00000 0.00000 objective
ei= -0.024110
165 0.52044 0.75671 0.5166 0.37596 0.0019404 0.050214 0.96261 0.77409 decision
165 1.75516 0.00000 0.00000 objective
ei= -0.029550
166 0.51896 0.84369 0.72984 0.60604 0.16857 0.76833 0.68603 0.53841 decision
166 1.28200 0.00000 0.00000 objective
ei= -0.021655
167 0.00036164 0.80865 0.99999 0.69639 0.27169 0.26656 0.50405 0.27113 decision
167 1.44758 0.00000 0.00000 objective
ei= -0.036853
168 0.6706 0.72464 0.79848 0.76845 0.19407 0.27028 0.52716 0.27219 decision
168 1.36015 0.00000 0.00000 objective
ei= -0.062751
169 0.83127 0.67725 0.67136 0.70184 0.19752 0.54395 0.92342 0.33041 decision
169 1.37157 0.00000 0.00000 objective
ei= -0.028931
170 0.80002 0.67757 0.35845 0.25244 0.17063 0.092979 0.42746 0.42412 decision
170 1.36649 0.00000 0.00000 objective
ei= -0.023832
171 0.71613 0.17021 0.18431 0.25843 0.21656 0.20449 0.71054 0.68237 decision
171 1.40327 0.00000 0.00000 objective
ei= -0.013740
172 0.41548 0.17834 0.65708 0.29908 0.65071 0.16244 0.63654 0.0028406 decision
172 1.46751 0.00000 0.00000 objective
ei= -0.031778
173 0.51293 0.29754 0.18202 0.22235 0.21626 0.18701 0.37124 0.093143 decision
173 1.53878 0.00000 0.00000 objective
ei= -0.042730
174 0.79158 0.29574 0.40324 0.0019135 0.39294 0.32499 0.76329 0.49479 decision
174 1.36889 0.00000 0.00000 objective
ei= -0.053798
175 0.90752 0.48355 0.68763 0.80011 0.29229 0.78579 0.91385 0.17436 decision
175 1.52740 0.00000 0.00015 objective
ei= -0.029244
176 0.013433 0.44443 0.2026 0.70687 0.64828 0.8437 0.19282 0.78691 decision
176 1.44803 0.00000 0.00000 objective
ei= -0.064051
177 0.63729 0.752 0.74406 0.85842 0.076257 0.15733 0.80824 0.55698 decision
177 1.58326 0.00000 0.00000 objective
ei= -0.042168
178 0.8023 0.69254 0.54558 0.33575 0.12366 0.1559 0.32833 0.26369 decision
178 1.37440 0.00000 0.00000 objective
ei= -0.150889
179 0.78732 0.78512 0.53207 0.99923 0.19619 0.49336 0.87459 0.12069 decision
179 1.62680 0.00000 0.00000 objective
ei= -0.132604
180 0.82567 0.99977 0.51124 0.80136 0.16964 0.19791 0.33961 0.33356 decision
180 0.04727 1.34394 0.00000 objective
ei= -0.062451
181 0.63284 0.52292 0.62746 0.79962 0.34457 0.50184 0.88695 0.21291 decision
181 1.36233 0.00000 0.00000 objective
ei= -0.041942
182 0.62205 0.6896 0.40385 0.33674 0.25025 0.081667 0.81289 0.40205 decision
182 1.38077 0.00000 0.00000 objective
ei= -0.064602
183 0.7727 0.81609 0.83269 0.61419 0.18244 0.29604 0.80818 0.24107 decision
183 1.42818 0.00000 0.00000 objective
ei= -0.041501
184 0.85937 0.53327 0.37487 0.26166 0.19807 0.49913 0.55289 0.23935 decision
184 1.23436 0.00000 0.00000 objective
ei= -0.028091
185 0.76843 0.47752 0.84003 0.25477 0.07106 0.19626 0.39908 0.54406 decision
185 1.46413 0.00000 0.00000 objective
ei= -0.042062
186 0.73694 0.61625 0.35824 0.26273 0.099288 0.27385 0.76314 0.69851 decision
186 1.39676 0.00000 0.00000 objective
ei= -0.051275
187 0.52508 0.66381 0.55324 0.58911 0.083791 0.19722 0.63784 0.074658 decision
187 1.47560 0.00000 0.00000 objective
ei= -0.030725
188 0.62453 0.52242 0.019892 0.60191 0.19228 0.070782 0.57292 0.75565 decision
188 1.59048 0.00000 0.00000 objective
ei= -0.028105
189 0.75067 0.67786 0.37741 0.78456 0.17769 0.62596 0.71773 0.25006 decision
189 1.32563 0.00000 0.00000 objective
ei= -0.049083
190 0.66361 0.50696 0.92301 0.6076 0.11569 0.12426 0.36344 0.24077 decision
190 1.56524 0.00000 0.00000 objective
ei= -0.032607
191 0.32678 0.88785 0.3377 0.57187 0.39197 0.9029 0.69133 0.40936 decision
191 1.25033 0.00001 0.00000 objective
ei= -0.027672
192 0.43369 0.57114 0.0014722 0.23084 0.12802 0.26053 0.22041 0.49566 decision
192 1.59488 0.00000 0.00000 objective
ei= -0.080391
193 0.97658 0.4848 0.54867 0.52463 0.030917 0.17314 0.53165 0.19986 decision
193 1.40564 0.00000 0.20795 objective
ei= -0.043878
194 0.98747 0.58233 0.72876 0.45202 0.12729 0.27151 0.25583 0.12028 decision
194 1.30824 0.00000 0.62428 objective
ei= -0.045704
195 0.11888 0.7527 0.99998 0.94596 0.41958 0.00018508 0.12656 0.6013 decision
195 1.85486 0.00000 0.00000 objective
ei= -0.055140
196 0.91086 0.24444 0.54567 0.58556 0.13292 0.20582 0.35592 0.26155 decision
196 1.30831 0.00000 0.00018 objective
ei= -0.077502
197 0.62386 0.83134 0.6233 0.40623 0.00048954 0.12197 0.87944 0.25387 decision
197 1.62097 0.00000 0.00000 objective
ei= -0.029090
198 0.99999 0.37495 0.56793 0.97046 0.16201 0.1097 0.8064 0.21856 decision
198 0.00177 0.00000 1.66560 objective
ei= -0.016816
199 0.99999 0.32631 0.55969 0.9427 0.14143 0.23918 0.80876 0.21815 decision
199 0.00256 0.00000 1.57091 objective
ei= -0.006367
200 0.99994 0.37586 0.57553 0.90726 0.14543 0.24844 0.81515 0.21023 decision
200 0.01365 0.00000 1.54379 objective
ei= -0.008918
201 0.99999 0.35847 0.56928 0.85185 0.1415 0.14581 0.80861 0.22128 decision
201 0.00165 0.00000 1.55549 objective
ei= -0.012889
202 0.99999 0.40865 0.5709 0.94389 0.1491 0.1731 0.86515 0.22109 decision
202 0.00200 0.00000 1.64318 objective
ei= -0.001549
203 0.45246 0.6896 0.43068 0.52176 0.46223 0.52268 0.5202 0.47082 decision
203 1.00848 0.00000 0.00000 objective
ei= -0.000826
204 0.32974 0.29099 0.48602 0.51622 0.51755 0.52885 0.48299 0.48875 decision
204 1.00201 0.00000 0.00000 objective
ei= -0.001500
205 0.21868 0.34434 0.45762 0.49605 0.54221 0.51451 0.5062 0.60931 decision
205 1.01579 0.00000 0.00000 objective
ei= -0.002457
206 0.62844 0.57569 0.46525 0.50254 0.46731 0.47985 0.52659 0.41681 decision
206 1.01032 0.00000 0.00000 objective
ei= -0.001458
207 0.46637 0.34859 0.50749 0.47457 0.52021 0.51408 0.48242 0.53774 decision
207 1.00304 0.00000 0.00000 objective
ei= -0.003954
208 0.82698 0.99998 0.46116 0.82009 0.1799 0.22655 0.2632 0.35891 decision
208 0.00375 1.35718 0.00000 objective
ei= -0.004185
209 0.82618 0.99998 0.45468 0.8528 0.22612 0.23443 0.32572 0.36528 decision
209 0.00365 1.32058 0.00000 objective
ei= -0.003445
210 0.82566 0.99998 0.44078 0.84719 0.17981 0.22879 0.31153 0.35217 decision
210 0.00375 1.35750 0.00000 objective
ei= -0.007121
211 0.81013 1 0.48267 0.94222 0.19519 0.23955 0.33957 0.35081 decision
211 0.00045 1.40460 0.00000 objective
ei= -0.004935
212 0.81529 0.99999 0.48605 0.88292 0.199 0.22577 0.28628 0.34323 decision
212 0.00110 1.38288 0.00000 objective
ei= -0.007073
213 0.82323 0.99999 0.48017 0.83729 0.1917 0.23614 0.31953 0.35349 decision
213 0.00106 1.33286 0.00000 objective
ei= -0.015547
214 0.81928 1 0.46143 0.90726 0.17746 0.19832 0.31453 0.39329 decision
214 0.00027 1.40818 0.00000 objective
ei= -0.013714
215 0.93126 0.99998 0.47063 0.94177 0.20053 0.1987 0.29112 0.35388 decision
215 0.00399 1.44146 0.00183 objective
ei= -0.008480
216 0.86548 1 0.46113 0.91522 0.17682 0.23244 0.31002 0.35207 decision
216 0.00000 1.40793 0.00000 objective
ei= -0.006738
217 0.84017 0.99997 0.47027 0.94163 0.21014 0.21596 0.29806 0.37234 decision
217 0.00559 1.41769 0.00000 objective
ei= -0.050205
218 0.99999 0.22878 0.56628 0.82358 0.13022 0.21451 0.85048 0.1372 decision
218 0.00185 0.00000 1.58180 objective
ei= -0.018493
219 1 0.26538 0.57487 0.82592 0.14281 0.2082 0.80755 0.21884 decision
219 0.00074 0.00000 1.49819 objective
ei= -0.020395
220 0.99999 0.3318 0.57841 0.9317 0.15749 0.17307 0.80865 0.14547 decision
220 0.00174 0.00000 1.63766 objective
ei= -0.055507
221 0.99999 0.37117 0.58171 0.99106 0.1421 0.11005 0.79764 0.066161 decision
221 0.00211 0.00000 1.80477 objective
ei= -0.023825
222 0.99998 0.32345 0.57606 0.95651 0.13438 0.1355 0.8572 0.18887 decision
222 0.00603 0.00000 1.70511 objective
ei= -0.005776
223 0.80888 1 0.45706 0.85672 0.17702 0.27151 0.28616 0.37605 decision
223 0.00065 1.34671 0.00000 objective
ei= -0.010641
224 0.80888 1 0.46117 0.82908 0.20564 0.19965 0.2963 0.35923 decision
224 0.00026 1.34797 0.00000 objective
ei= -0.009583
225 0.81911 1 0.46655 0.92512 0.17643 0.24154 0.27711 0.36418 decision
225 0.00067 1.42147 0.00000 objective
ei= -0.007081
226 0.81063 1 0.47275 0.8325 0.19777 0.22916 0.33784 0.41568 decision
226 0.00042 1.30940 0.00000 objective
ei= -0.008746
227 0.86608 0.99995 0.47284 0.87288 0.19236 0.20312 0.3396 0.38586 decision
227 0.00991 1.36127 0.00000 objective
ei= -0.022733
228 1 0.40249 0.53443 0.83002 0.13246 0.17008 0.80266 0.15671 decision
228 0.00061 0.00000 1.56348 objective
ei= -0.014577
229 0.99999 0.38528 0.47371 0.9693 0.13729 0.18835 0.8106 0.11881 decision
229 0.00177 0.00000 1.69139 objective
ei= -0.012552
230 1 0.35732 0.56691 0.82585 0.1421 0.20266 0.8323 0.13948 decision
230 0.00062 0.00000 1.56756 objective
ei= -0.012176
231 0.99999 0.29508 0.5338 0.83023 0.13995 0.25723 0.82176 0.18697 decision
231 0.00159 0.00000 1.50028 objective
ei= -0.010942
232 0.99998 0.28638 0.53275 0.8922 0.14035 0.1702 0.85014 0.072646 decision
232 0.00570 0.00000 1.69823 objective
ei= -0.003290
233 0.81001 1 0.46625 0.90191 0.18148 0.22699 0.33232 0.36915 decision
233 0.00044 1.38390 0.00000 objective
ei= -0.005245
234 0.81016 1 0.45707 0.85694 0.182 0.2325 0.29032 0.39665 decision
234 0.00026 1.35657 0.00000 objective
ei= -0.005466
235 0.82639 1 0.45871 0.82543 0.19829 0.25463 0.31111 0.38835 decision
235 0.00025 1.30699 0.00000 objective
ei= -0.006125
236 0.82567 1 0.47274 0.8921 0.19723 0.23958 0.29899 0.35079 decision
236 0.00026 1.37665 0.00000 objective
ei= -0.001922
237 0.8225 1 0.4604 0.83413 0.20047 0.24444 0.28543 0.35988 decision
237 0.00025 1.33391 0.00000 objective
ei= -0.003280
238 0.88393 0.99999 0.49982 0.89514 0.20489 0.26771 0.26732 0.38027 decision
238 0.00174 1.36566 0.00001 objective
ei= -0.002867
239 0.85376 0.99997 0.49161 0.9262 0.20213 0.19857 0.26509 0.35823 decision
239 0.00631 1.43657 0.00000 objective
ei= -0.002360
240 0.82702 1 0.47926 0.85959 0.20119 0.21154 0.28058 0.37802 decision
240 0.00026 1.36525 0.00000 objective
ei= -0.003734
241 0.85268 1 0.46219 0.89333 0.20286 0.257 0.29128 0.3608 decision
241 0.00026 1.36642 0.00000 objective
ei= -0.002219
242 0.89381 1 0.46177 0.9343 0.19527 0.2263 0.28603 0.37946 decision
242 0.00000 1.41816 0.00003 objective
ei= -0.001979
243 0.39598 0.21685 0.50306 0.5463 0.5405 0.48875 0.48133 0.46257 decision
243 1.00567 0.00000 0.00000 objective
ei= -0.000878
244 0.17038 0.41776 0.48447 0.47916 0.5177 0.50899 0.47635 0.5104 decision
244 1.00174 0.00000 0.00000 objective
ei= -0.000888
245 0.14606 0.33432 0.48024 0.46778 0.50322 0.53157 0.49169 0.4853 decision
245 1.00272 0.00000 0.00000 objective
ei= -0.001261
246 0.22429 0.50032 0.50763 0.4599 0.48317 0.48877 0.50826 0.47094 decision
246 1.00299 0.00000 0.00000 objective
ei= -0.000538
247 0.15407 0.47466 0.50969 0.48983 0.50773 0.49869 0.50245 0.50015 decision
247 1.00026 0.00000 0.00000 objective
ei= -0.012877
248 0.99999 0.31869 0.51834 0.88712 0.14637 0.21655 0.89182 0.1569 decision
248 0.00348 0.00000 1.62684 objective
ei= -0.004110
249 0.99999 0.2642 0.56266 0.85547 0.14231 0.22748 0.84326 0.16224 decision
249 0.00164 0.00000 1.56440 objective
ei= -0.005375
250 0.99999 0.35467 0.50289 0.82564 0.13405 0.24018 0.80859 0.15963 decision
250 0.00328 0.00000 1.51855 objective
265.979
