1 0.41125 0.17813 0.58056 0.52730 0.33408 0.14667 0.86906 0.00338 decision
1 0.41125 0.17813 16.584 objective
2 0.89944 0.63277 0.18331 0.25296 0.50003 0.77534 0.68119 0.71198 decision
2 0.89944 0.63277 17.908 objective
3 0.45251 0.97077 0.36528 0.75896 0.32533 0.69219 0.74364 0.35153 decision
3 0.45251 0.97077 19.287 objective
4 0.01959 0.36120 0.95059 0.87365 0.18441 0.90987 0.26331 0.33780 decision
4 0.01959 0.3612 21.548 objective
5 0.88790 0.27215 0.42911 0.01212 0.37929 0.79898 0.46134 0.78466 decision
5 0.8879 0.27215 16.813 objective
6 0.87549 0.61856 0.24303 0.00868 0.91965 0.36693 0.96351 0.52252 decision
6 0.87549 0.61856 17.579 objective
7 0.43963 0.09915 0.10655 0.67961 0.71607 0.13057 0.35505 0.18604 decision
7 0.43963 0.099153 15.534 objective
8 0.92313 0.04813 0.31805 0.16853 0.06842 0.73804 0.44011 0.49617 decision
8 0.92313 0.048127 14.428 objective
9 0.11927 0.41723 0.27726 0.71834 0.35917 0.95102 0.31137 0.58492 decision
9 0.11927 0.41723 20.062 objective
10 0.29297 0.14350 0.72003 0.36929 0.62676 0.53247 0.02196 0.82548 decision
10 0.29297 0.1435 19.247 objective
11 0.87168 0.22401 0.33640 0.80676 0.42111 0.88047 0.54620 0.15247 decision
11 0.87168 0.22401 18.042 objective
12 0.91631 0.47921 0.65712 0.80069 0.19610 0.50182 0.88704 0.22421 decision
12 0.91631 0.47921 19.126 objective
13 0.11434 0.19152 0.80507 0.92663 0.98389 0.47200 0.21866 0.16322 decision
13 0.11434 0.19152 21.47 objective
14 0.35187 0.70133 0.36831 0.63902 0.59814 0.46041 0.51047 0.47500 decision
14 0.35187 0.70133 18.514 objective
15 0.08355 0.81158 0.07989 0.99787 0.83486 0.01679 0.26799 0.64704 decision
15 0.083545 0.81158 17.051 objective
16 0.79470 0.56442 0.14361 0.75505 0.81416 0.51217 0.38682 0.98364 decision
16 0.7947 0.56442 20.541 objective
17 0.34166 0.09145 0.82995 0.55101 0.83950 0.15943 0.40015 0.45296 decision
17 0.34166 0.091445 20.073 objective
18 0.83420 0.51591 0.18416 0.70380 0.07832 0.45020 0.33725 0.12590 decision
18 0.8342 0.51591 12.784 objective
19 0.30052 0.91058 0.03250 0.32803 0.58237 0.57884 0.17953 0.89857 decision
19 0.30052 0.91058 15.717 objective
20 0.28047 0.76600 0.58690 0.26659 0.76892 0.89399 0.80404 0.03452 decision
20 0.28047 0.766 19.3 objective
21 0.36569 0.96542 0.90103 0.93951 0.40836 0.03296 0.12725 0.55409 decision
21 0.36569 0.96542 17.804 objective
22 0.05344 0.24505 0.66870 0.39624 0.08161 0.76911 0.49195 0.32527 decision
22 0.053443 0.24505 17.793 objective
23 0.69069 0.72516 0.57460 0.46437 0.51707 0.42329 0.82356 0.83828 decision
23 0.69069 0.72516 20.435 objective
24 0.73817 0.97924 0.09005 0.86637 0.43576 0.37931 0.56633 0.75472 decision
24 0.73817 0.97924 17.548 objective
25 0.02922 0.45797 0.79290 0.31792 0.69123 0.23333 0.97923 0.27686 decision
25 0.02922 0.45797 20.739 objective
26 0.00261 0.86653 0.87875 0.94519 0.78238 0.60735 0.47452 0.06458 decision
26 0.0026144 0.86653 21.194 objective
27 0.06132 0.50252 0.33109 0.98519 0.15835 0.67838 0.12063 0.03274 decision
27 0.061318 0.50252 16.284 objective
28 0.73138 0.57960 0.45599 0.48422 0.30938 0.75489 0.66589 0.17551 decision
28 0.73138 0.5796 17.501 objective
29 0.64548 0.94280 0.35223 0.56349 0.00470 0.10434 0.96619 0.77410 decision
29 0.64548 0.9428 16.498 objective
30 0.58208 0.66384 0.27147 0.41458 0.53653 0.82511 0.14046 0.68664 decision
30 0.58208 0.66384 18.125 objective
31 0.42617 0.73969 0.06669 0.47847 0.28022 0.32776 0.21436 0.29470 decision
31 0.42617 0.73969 12.171 objective
32 0.31173 0.13112 0.65417 0.11384 0.25373 0.39834 0.45221 0.41696 decision
32 0.31173 0.13112 15.672 objective
33 0.84827 0.75176 0.46855 0.20059 0.68257 0.94096 0.03898 0.84098 decision
33 0.84827 0.75176 17.297 objective
34 0.09817 0.33960 0.76373 0.96941 0.88712 0.57156 0.56184 0.44209 decision
34 0.09817 0.3396 24.385 objective
35 0.23849 0.89123 0.12615 0.07742 0.24278 0.81346 0.42610 0.66275 decision
35 0.23849 0.89123 14.492 objective
36 0.59143 0.30571 0.16751 0.08646 0.52132 0.31155 0.24072 0.89098 decision
36 0.59143 0.30571 15.393 objective
37 0.04515 0.56307 0.74726 0.23250 0.87668 0.97277 0.76126 0.07223 decision
37 0.045145 0.56307 22.322 objective
38 0.49863 0.70015 0.30596 0.59335 0.94542 0.07908 0.50116 0.54609 decision
38 0.49863 0.70015 18.452 objective
39 0.26610 0.78072 0.04354 0.67164 0.82331 0.48675 0.28329 0.92641 decision
39 0.2661 0.78072 18.666 objective
40 0.66933 0.52262 0.60875 0.29575 0.11100 0.08175 0.58878 0.31045 decision
40 0.66933 0.52262 14.286 objective
41 0.71246 0.80306 0.93986 0.72930 0.91101 0.65276 0.01137 0.86619 decision
41 0.71246 0.80306 21.913 objective
42 0.21763 0.00585 0.67903 0.66570 0.87330 0.43811 0.85647 0.63657 decision
42 0.21763 0.0058547 24.255 objective
43 0.94077 0.83388 0.72887 0.44440 0.01916 0.21622 0.29287 0.10564 decision
43 0.94077 0.83388 11.025 objective
44 0.32754 0.28900 0.20507 0.74181 0.70450 0.86815 0.19278 0.67495 decision
44 0.32754 0.289 20.491 objective
45 0.46646 0.60812 0.49969 0.35851 0.64053 0.54049 0.53314 0.81189 decision
45 0.46646 0.60812 20.917 objective
46 0.37861 0.78520 0.85012 0.10073 0.93668 0.28574 0.41167 0.42561 decision
46 0.37861 0.7852 17.835 objective
47 0.51073 0.62199 0.48121 0.40661 0.64712 0.98277 0.57873 0.36686 decision
47 0.51073 0.62199 21.214 objective
48 0.51760 0.33156 0.62576 0.53938 0.02963 0.84139 0.32556 0.60837 decision
48 0.5176 0.33156 19.021 objective
49 0.22463 0.28342 0.25336 0.19524 0.57310 0.67542 0.91364 0.72517 decision
49 0.22463 0.28342 20.183 objective
50 0.78608 0.11861 0.22492 0.22302 0.72603 0.63404 0.06831 0.95574 decision
50 0.78608 0.11861 17.024 objective
51 0.15948 0.59054 0.70183 0.35300 0.48381 0.30960 0.77696 0.72263 decision
51 0.15948 0.59054 20.544 objective
52 0.25876 0.35074 0.91741 0.03073 0.14561 0.40958 0.17200 0.73834 decision
52 0.25876 0.35074 16.142 objective
53 0.61112 0.20345 0.52309 0.62386 0.74364 0.28750 0.60824 0.05560 decision
53 0.61112 0.20345 18.088 objective
54 0.07958 0.91956 0.74465 0.50566 0.60980 0.71032 0.88213 0.38679 decision
54 0.079582 0.91956 21.591 objective
55 0.54338 0.54613 0.41174 0.33617 0.99954 0.72719 0.61346 0.95359 decision
55 0.54338 0.54613 24.092 objective
56 0.18960 0.44372 0.12945 0.43221 0.75064 0.61063 0.62605 0.14202 decision
56 0.1896 0.44372 17.674 objective
57 0.38041 0.98983 0.39687 0.91302 0.31237 0.37111 0.92712 0.20423 decision
57 0.38041 0.98983 18.76 objective
58 0.97493 0.87431 0.42512 0.45775 0.47707 0.82982 0.64845 0.90838 decision
58 0.97493 0.87431 19.972 objective
59 0.76059 0.03084 0.92473 0.51077 0.23924 0.34149 0.64250 0.61044 decision
59 0.76059 0.03084 19.322 objective
60 0.53288 0.52884 0.79312 0.82499 0.17482 0.11892 0.07896 0.24331 decision
60 0.53288 0.52884 16.009 objective
61 0.13708 0.42718 0.01533 0.83846 0.54066 0.42643 0.83514 0.41037 decision
61 0.13708 0.42718 19.433 objective
62 0.71489 0.26379 0.09634 0.18143 0.67014 0.62184 0.90344 0.13404 decision
62 0.71489 0.26379 16.279 objective
63 0.25248 0.38927 0.15782 0.59932 0.22669 0.34755 0.09687 0.79732 decision
63 0.25248 0.38927 15.395 objective
64 0.18123 0.49109 0.38448 0.30859 0.65641 0.59029 0.94062 0.39260 decision
64 0.18123 0.49109 20.366 objective
65 0.39559 0.67839 0.20806 0.15276 0.46291 0.85380 0.75153 0.85551 decision
65 0.39559 0.67839 19.851 objective
66 0.77698 0.15192 0.96883 0.39062 0.58898 0.24810 0.20178 0.01248 decision
66 0.77698 0.15192 15.099 objective
67 0.62628 0.85873 0.53506 0.61106 0.12889 0.16655 0.67602 0.25727 decision
67 0.62628 0.85873 14.6 objective
68 0.63726 0.64870 0.95974 0.12164 0.95958 0.05266 0.72208 0.97621 decision
68 0.63726 0.6487 22.061 objective
69 0.47770 0.84105 0.81627 0.77452 0.09717 0.19852 0.99646 0.56478 decision
69 0.4777 0.84105 19.824 objective
70 0.56554 0.71493 0.99633 0.06065 0.39595 0.22397 0.35955 0.21353 decision
70 0.56554 0.71493 14.991 objective
71 0.81124 0.23016 0.61152 0.12858 0.21211 0.17375 0.05355 0.30802 decision
71 0.81124 0.23016 10.669 objective
72 0.98321 0.21679 0.63604 0.58490 0.34717 0.56253 0.08604 0.46630 decision
72 0.98321 0.21679 16.526 objective
73 0.13869 0.82672 0.77574 0.78554 0.27188 0.27025 0.52729 0.27103 decision
73 0.13869 0.82672 17.133 objective
74 0.19654 0.06444 0.43949 0.86097 0.29771 0.52506 0.70724 0.08812 decision
74 0.19654 0.064441 18.647 objective
75 0.75215 0.37747 0.69537 0.03587 0.85983 0.89658 0.42184 0.49134 decision
75 0.75215 0.37747 19.784 objective
76 0.60837 0.90721 0.89322 0.28049 0.90706 0.78518 0.11109 0.37100 decision
76 0.60837 0.90721 19.172 objective
77 0.86097 0.32092 0.86352 0.69465 0.55389 0.66293 0.94812 0.50722 decision
77 0.86097 0.32092 22.985 objective
78 0.82633 0.67782 0.55547 0.84569 0.16960 0.26033 0.80865 0.23974 decision
78 0.82633 0.67782 16.558 objective
79 0.55803 0.39834 0.48289 0.89071 0.80109 0.09995 0.69300 0.69676 decision
79 0.55803 0.39834 22.239 objective
80 0.68547 0.47105 0.51509 0.05562 0.45188 0.00003 0.15680 0.99891 decision
80 0.68547 0.47105 14.979 objective
81 0.16848 0.04061 0.98462 0.21785 0.77748 0.04043 0.84286 0.59055 decision
81 0.16848 0.040613 21.149 objective
82 0.99572 0.10598 0.24063 0.96013 0.96656 0.99146 0.02386 0.53242 decision
82 0.99572 0.10598 21.487 objective
83 0.41624 0.07325 0.29507 0.56090 0.38405 0.92037 0.72457 0.09930 decision
83 0.41624 0.073246 19.186 objective
84 0.48403 0.94070 0.00725 0.24990 0.12252 0.18775 0.25029 0.62392 decision
84 0.48403 0.9407 11.042 objective
85 0.66112 0.01833 0.54634 0.65007 0.44559 0.95684 0.37616 0.93110 decision
85 0.66112 0.018334 22.929 objective
86 0.95501 0.40390 0.85323 0.14282 0.04091 0.71268 0.30074 0.88360 decision
86 0.95501 0.4039 17.7 objective
87 0.94582 0.17001 0.04742 0.90682 0.05208 0.06377 0.78259 0.75921 decision
87 0.94582 0.17001 16.005 objective
ei= -0.013803
88 0.79767 0.46042 0.58056 0.13325 0.17529 0.21466 0.15925 0.21329 decision
88 0.79767 0.46042 11.06099 objective
ei= -0.019680
89 0.78939 0.26201 0.35568 0.24271 0.17688 0.21099 0.17413 0.28661 decision
89 0.78939 0.26201 10.57433 objective
ei= -0.019684
90 0.81138 0.56264 0.22499 0.24935 0.13536 0.19481 0.18451 0.30788 decision
90 0.81138 0.56264 10.13534 objective
ei= -0.017073
91 0.73354 0.76997 0.32151 0.25062 0.12072 0.21584 0.22487 0.32144 decision
91 0.73354 0.76997 9.97494 objective
ei= -0.011827
92 0.82991 0.74134 0.30779 0.27897 0.0683 0.19342 0.28912 0.27437 decision
92 0.82991 0.74134 9.47339 objective
ei= -0.007159
93 0.81132 0.3913 0.31291 0.17489 0.14532 0.2585 0.065401 0.30774 decision
93 0.81132 0.39130 9.89815 objective
ei= -0.005327
94 0.81769 0.35409 0.39581 0.18261 0.21195 0.22563 0.091948 0.31524 decision
94 0.81769 0.35409 10.49258 objective
ei= -0.005941
95 0.81584 0.24817 0.24998 0.12869 0.13768 0.27225 0.12504 0.29786 decision
95 0.81584 0.24817 9.40446 objective
ei= -0.003552
96 0.82483 0.33378 0.21537 0.1595 0.15999 0.29917 0.19938 0.29883 decision
96 0.82483 0.33378 10.01567 objective
ei= -0.003146
97 0.815 0.22774 0.24176 0.16325 0.045832 0.28292 0.11308 0.30785 decision
97 0.81500 0.22774 9.15942 objective
ei= -0.077607
98 0.67202 0.013914 0.46502 0.34933 0.38686 0.34129 0.20079 0.43813 decision
98 0.67202 0.01391 15.09469 objective
ei= -0.044189
99 0.78726 0.14786 0.48872 0.16422 0.13571 0.4858 0.32557 0.4868 decision
99 0.78726 0.14786 13.59587 objective
ei= -0.035174
100 0.76397 0.051084 0.28276 0.15373 0.08595 0.28275 0.13995 0.47651 decision
100 0.76397 0.05108 10.95220 objective
ei= -0.026379
101 0.7514 0.1105 0.24176 0.27281 0.34037 0.55805 0.17363 0.4962 decision
101 0.75140 0.11050 13.87713 objective
ei= -0.013037
102 0.77128 0.068443 0.24346 0.12959 0.056771 0.17243 0.27364 0.40414 decision
102 0.77128 0.06844 10.23610 objective
ei= -0.127127
103 0.46833 0.011696 0.63755 0.54552 0.55535 0.44006 0.56267 0.57913 decision
103 0.46833 0.01170 20.90761 objective
ei= -0.075867
104 0.52092 6.917e-06 0.42245 0.65006 0.4604 0.64357 0.43769 0.50141 decision
104 0.52092 0.00001 20.01005 objective
ei= -0.041720
105 0.58316 0.048123 0.45109 0.51075 0.59451 0.35793 0.38507 0.44346 decision
105 0.58316 0.04812 18.10331 objective
ei= -0.050765
106 0.44155 0.0511 0.57341 0.66535 0.40493 0.49546 0.6722 0.39841 decision
106 0.44155 0.05110 20.30385 objective
ei= -0.053276
107 0.66758 0.018519 0.31795 0.45792 0.2968 0.6314 0.49435 0.5323 decision
107 0.66758 0.01852 17.59318 objective
ei= -0.030499
108 0.19659 0.040637 0.74115 0.37405 0.70131 0.19402 0.84082 0.51728 decision
108 0.19659 0.04064 20.71760 objective
ei= -0.019912
109 0.22281 0.038445 0.90566 0.31429 0.73741 0.38267 0.84389 0.60995 decision
109 0.22281 0.03845 22.60526 objective
ei= -0.036048
110 0.21762 0.1399 0.66805 0.5414 0.63095 0.4678 0.4572 0.44373 decision
110 0.21762 0.13990 19.75506 objective
ei= -0.016992
111 0.19768 0.084375 0.43954 0.77777 0.54967 0.44657 0.72399 0.19134 decision
111 0.19768 0.08437 19.54836 objective
ei= -0.025359
112 0.18723 0.040768 0.80811 0.21823 0.71484 0.14673 0.71317 0.5635 decision
112 0.18723 0.04077 19.81370 objective
ei= -0.023973
113 0.24423 0.20208 0.32156 0.60066 0.17496 0.39766 0.11923 0.38678 decision
113 0.24423 0.20208 14.18479 objective
ei= -0.010506
114 0.23845 0.30552 0.38659 0.46107 0.2458 0.35516 0.22577 0.50938 decision
114 0.23845 0.30552 15.01787 objective
ei= -0.011176
115 0.28686 0.24475 0.31393 0.56553 0.3079 0.34875 0.31336 0.17611 decision
115 0.28686 0.24475 14.28049 objective
ei= -0.006084
116 0.25698 0.31667 0.28376 0.69549 0.23311 0.39263 0.1303 0.27392 decision
116 0.25698 0.31667 14.24891 objective
ei= -0.005729
117 0.26103 0.17347 0.4235 0.5531 0.21537 0.41736 0.22533 0.26919 decision
117 0.26103 0.17347 14.69525 objective
ei= -0.017280
118 0.50152 0.80747 0.19211 0.24897 0.14346 0.21584 0.18009 0.46804 decision
118 0.50152 0.80747 10.92719 objective
ei= -0.008514
119 0.49141 0.7866 0.14145 0.28441 0.12179 0.2199 0.24411 0.45236 decision
119 0.49141 0.78660 11.08838 objective
ei= -0.006836
120 0.54621 0.82699 0.064208 0.20686 0.17049 0.23269 0.22053 0.55576 decision
120 0.54621 0.82699 10.82397 objective
ei= -0.006967
121 0.48395 0.89107 0.18543 0.19527 0.15176 0.23852 0.22428 0.40832 decision
121 0.48395 0.89107 10.65715 objective
ei= -0.004843
122 0.60352 0.90898 0.18332 0.1827 0.13476 0.25857 0.22343 0.52484 decision
122 0.60352 0.90898 10.92260 objective
ei= -0.041603
123 0.11435 0.46772 0.42805 0.63548 0.30264 0.52141 0.32313 0.32794 decision
123 0.11435 0.46772 17.18744 objective
ei= -0.024785
124 0.14604 0.35672 0.31979 0.74465 0.35133 0.67837 0.37015 0.21145 decision
124 0.14604 0.35672 17.47273 objective
ei= -0.045458
125 0.16077 0.51348 0.15894 0.32592 0.40508 0.60806 0.2442 0.68381 decision
125 0.16077 0.51348 16.59162 objective
ei= -0.024191
126 0.10957 0.77127 0.31159 0.26516 0.44402 0.79153 0.52401 0.42847 decision
126 0.10957 0.77127 16.82354 objective
ei= -0.025537
127 0.22459 0.39472 0.32588 0.53029 0.19732 0.61124 0.16504 0.51946 decision
127 0.22459 0.39472 15.97613 objective
ei= -0.024348
128 0.0771 0.22095 0.673 0.86147 0.84867 0.4921 0.28461 0.33756 decision
128 0.07710 0.22095 21.19638 objective
ei= -0.026391
129 0.031714 0.19406 0.79754 0.86455 0.71962 0.5746 0.33985 0.27366 decision
129 0.03171 0.19406 21.64142 objective
ei= -0.018395
130 0.037885 0.23702 0.62247 0.82388 0.18466 0.73906 0.44173 0.32143 decision
130 0.03788 0.23702 19.62455 objective
ei= -0.020148
131 0.053463 0.2121 0.72565 0.78867 0.37272 0.7445 0.26244 0.28249 decision
131 0.05346 0.21210 19.80978 objective
ei= -0.018604
132 0.069009 0.18513 0.62417 0.88803 0.49126 0.66006 0.37567 0.27752 decision
132 0.06901 0.18513 20.44690 objective
ei= -0.098206
133 2.9251e-05 0.55477 0.76761 0.53164 0.62664 0.66207 0.67847 0.25354 decision
133 0.00003 0.55477 21.76754 objective
ei= -0.054986
134 0.011181 0.5049 0.79973 0.87115 0.59266 0.60453 0.44611 0.13262 decision
134 0.01118 0.50490 21.49766 objective
ei= -0.044758
135 0.029733 0.65642 0.74092 0.92662 0.74497 0.58068 0.47869 0.2496 decision
135 0.02973 0.65642 22.11560 objective
ei= -0.047208
136 0.045094 0.54833 0.79274 0.43746 0.75415 0.60071 0.765 0.2097 decision
136 0.04509 0.54833 21.89934 objective
ei= -0.042818
137 3.7723e-05 0.47601 0.79762 0.87376 0.27184 0.76837 0.39553 0.27287 decision
137 0.00004 0.47601 21.19780 objective
ei= -0.016437
138 0.089086 0.20396 0.73392 0.92946 0.61054 0.51871 0.31703 0.18429 decision
138 0.08909 0.20396 20.27192 objective
ei= -0.017362
139 0.071279 0.18145 0.72397 0.87142 0.66223 0.6432 0.23121 0.29639 decision
139 0.07128 0.18145 20.95115 objective
ei= -0.015300
140 0.027192 0.18955 0.66977 0.68443 0.2288 0.66201 0.3058 0.34903 decision
140 0.02719 0.18955 18.64049 objective
ei= -0.015660
141 0.01785 0.17175 0.62879 0.87193 0.70397 0.65694 0.35363 0.1622 decision
141 0.01785 0.17175 20.83447 objective
ei= -0.007398
142 0.034261 0.22605 0.72497 0.41273 0.17497 0.72498 0.31646 0.38631 decision
142 0.03426 0.22605 17.86912 objective
ei= -0.034417
143 0.058239 0.49002 0.13386 0.62456 0.59553 0.39784 0.27153 0.56556 decision
143 0.05824 0.49002 17.55907 objective
ei= -0.022552
144 0.16956 0.45564 0.26847 0.59913 0.22668 0.40968 0.20447 0.66271 decision
144 0.16956 0.45564 16.29178 objective
ei= -0.024299
145 0.25086 0.28535 0.24252 0.54941 0.42814 0.48506 0.14998 0.67174 decision
145 0.25086 0.28535 16.53402 objective
ei= -0.024108
146 0.17707 0.31703 0.56199 0.30609 0.15321 0.4337 0.13172 0.704 decision
146 0.17707 0.31703 15.58929 objective
ei= -0.016160
147 0.1001 0.24595 0.33485 0.85252 0.21359 0.3919 0.17856 0.28311 decision
147 0.10010 0.24595 15.53788 objective
ei= -0.004847
148 0.53349 0.85051 0.31924 0.21034 0.16142 0.21621 0.22061 0.35803 decision
148 0.53349 0.85051 10.97006 objective
ei= -0.004159
149 0.51922 0.86121 0.10264 0.23333 0.089905 0.31384 0.21442 0.40328 decision
149 0.51922 0.86121 10.40701 objective
ei= -0.003694
150 0.57846 0.73313 0.12239 0.17448 0.091458 0.26924 0.22482 0.40291 decision
150 0.57846 0.73313 10.46988 objective
ei= -0.004483
151 0.50161 0.85891 0.0078555 0.19491 0.10551 0.27913 0.22469 0.41233 decision
151 0.50161 0.85891 9.81687 objective
ei= -0.002673
152 0.47113 0.87227 0.007238 0.13372 0.15565 0.29254 0.20683 0.38437 decision
152 0.47113 0.87227 9.60776 objective
ei= -0.007112
153 0.32808 0.21212 0.3032 0.62767 0.20683 0.26028 0.2309 0.29475 decision
153 0.32808 0.21212 13.90689 objective
ei= -0.005893
154 0.27721 0.23985 0.45577 0.72571 0.17121 0.23879 0.10432 0.19771 decision
154 0.27721 0.23985 13.67883 objective
ei= -0.003780
155 0.19886 0.27678 0.32243 0.65567 0.14626 0.27074 0.17547 0.19996 decision
155 0.19886 0.27678 13.16133 objective
ei= -0.003796
156 0.19647 0.22752 0.32193 0.57926 0.23334 0.27069 0.1197 0.21894 decision
156 0.19647 0.22752 13.04353 objective
ei= -0.003870
157 0.15994 0.18811 0.30123 0.64512 0.17345 0.15578 0.12042 0.18732 decision
157 0.15994 0.18811 12.43303 objective
ei= -0.018769
158 0.17205 0.033201 0.97249 0.38865 0.78056 0.18848 0.75422 0.56538 decision
158 0.17205 0.03320 22.03671 objective
ei= -0.019077
159 0.19325 3.3945e-05 0.83289 0.33941 0.77849 0.075015 0.75587 0.6157 decision
159 0.19325 0.00003 20.90768 objective
ei= -0.009497
160 0.12474 0.049579 0.92567 0.37235 0.74671 0.048738 0.74229 0.5502 decision
160 0.12474 0.04958 20.92502 objective
ei= -0.009102
161 0.11325 1.8853e-05 0.91605 0.30235 0.74704 0.098352 0.79944 0.46946 decision
161 0.11325 0.00002 20.78468 objective
ei= -0.014599
162 0.15091 4.6486e-05 0.89255 0.29075 0.61663 0.040439 0.68621 0.40541 decision
162 0.15091 0.00005 18.89374 objective
ei= -0.026809
163 0.6499 2.1964e-05 0.41569 0.29355 0.33778 0.32746 0.44412 0.5851 decision
163 0.64990 0.00002 16.26899 objective
ei= -0.040899
164 0.36941 2.9201e-06 0.86719 0.34455 0.57326 0.18047 0.76881 0.4754 decision
164 0.36941 0.00000 20.19738 objective
ei= -0.033560
165 0.67176 1.0234e-05 0.35104 0.20749 0.40632 0.6814 0.42617 0.60082 decision
165 0.67176 0.00001 17.32557 objective
ei= -0.043075
166 0.65529 1.9477e-07 0.59429 0.41439 0.46658 0.70022 0.40185 0.71615 decision
166 0.65529 0.00000 20.23547 objective
ei= -0.042917
167 0.59775 0.016688 0.71454 0.3675 0.3869 0.45532 0.45084 0.60248 decision
167 0.59775 0.01669 19.14356 objective
ei= -0.010923
168 0.57073 0.060572 0.24016 0.33397 0.10281 0.11584 0.11506 0.30916 decision
168 0.57073 0.06057 11.26095 objective
ei= -0.014274
169 0.66064 0.065161 0.44509 0.12873 0.06574 0.25074 0.1915 0.30804 decision
169 0.66064 0.06516 11.52844 objective
ei= -0.014308
170 0.63792 0.085797 0.27614 0.16583 0.23557 0.17198 0.24734 0.33635 decision
170 0.63792 0.08580 11.83438 objective
ei= -0.014645
171 0.5273 0.089295 0.46561 0.30372 0.1268 0.17246 0.13932 0.40425 decision
171 0.52730 0.08929 13.08154 objective
ei= -0.012964
172 0.81459 0.00012833 0.26584 0.20072 0.06714 0.17312 0.12693 0.2275 decision
172 0.81459 0.00013 9.15903 objective
ei= -0.012373
173 0.81547 0.17067 0.19285 0.13406 0.055492 0.15301 0.083511 0.20981 decision
173 0.81547 0.17067 7.76865 objective
ei= -0.003227
174 0.85448 0.1707 0.19611 0.14966 0.066996 0.17427 0.028365 0.18555 decision
174 0.85448 0.17070 7.57099 objective
ei= -0.002674
175 0.87201 0.14281 0.16848 0.15326 1.6623e-05 0.17289 0.059078 0.18489 decision
175 0.87201 0.14281 7.35499 objective
ei= -0.002888
176 0.9372 0.1427 0.20261 0.107 0.019134 0.17144 0.053808 0.1223 decision
176 0.93720 0.14270 7.30152 objective
ei= -0.003335
177 0.92504 0.11975 0.1717 0.14273 0.043712 0.1475 0.053689 0.1107 decision
177 0.92504 0.11975 7.26164 objective
ei= -0.006442
178 0.90079 0.13859 0.2147 0.1419 0.031764 0.14989 0.069823 0.13634 decision
178 0.90079 0.13859 7.45197 objective
ei= -0.005039
179 0.95498 0.13528 0.18374 0.15221 4.4509e-05 0.16896 0.063471 0.13913 decision
179 0.95498 0.13528 7.57119 objective
ei= -0.007581
180 0.86202 0.14432 0.16872 0.12439 0.022454 0.18584 0.051657 0.12617 decision
180 0.86202 0.14432 7.07840 objective
ei= -0.004554
181 0.84983 0.12123 0.050523 0.12533 0.019589 0.17315 0.045214 0.11146 decision
181 0.84983 0.12123 6.44276 objective
ei= -0.004435
182 0.83931 0.11033 3.2602e-06 0.10003 0.01147 0.16146 0.044043 0.11147 decision
182 0.83931 0.11033 6.04540 objective
ei= -0.002249
183 0.8482 0.09435 1.2063e-05 0.017569 4.1557e-06 0.14675 0.030951 0.11741 decision
183 0.84820 0.09435 5.55146 objective
ei= -0.002121
184 0.86293 0.068431 5.8851e-05 0.022812 0.010878 0.094409 0.015539 0.11893 decision
184 0.86293 0.06843 5.37973 objective
ei= -0.001738
185 0.83945 0.068117 2.2291e-06 4.4587e-06 1.4124e-05 0.11166 0.0053965 0.13296 decision
185 0.83945 0.06812 5.33872 objective
ei= -0.002859
186 0.86312 0.068133 0.010705 0.017175 0.033812 0.15111 0.0093632 0.14042 decision
186 0.86312 0.06813 5.83027 objective
ei= -0.005260
187 0.84021 0.064745 1.0453e-05 3.3946e-06 1.588e-06 0.0055399 0.00019059 0.11889 decision
187 0.84021 0.06475 4.78035 objective
ei= -0.006957
188 0.84072 0.051133 0.02905 0.079518 2.1657e-06 0.024592 0.13144 0.14448 decision
188 0.84072 0.05113 6.08666 objective
ei= -0.008554
189 0.91905 2.5917e-05 0.021401 0.060458 6.2494e-05 0.018465 5.3396e-05 0.074512 decision
189 0.91905 0.00003 5.23312 objective
ei= -0.008648
190 0.90791 0.040796 0.094859 0.052699 5.0313e-05 0.030583 7.4351e-06 0.13409 decision
190 0.90791 0.04080 5.74857 objective
ei= -0.007715
191 0.92491 0.034535 1.587e-05 6.1731e-05 0.0001903 0.04521 0.048324 0.13782 decision
191 0.92491 0.03454 5.47055 objective
ei= -0.008448
192 0.7923 0.022295 0.021382 0.052656 0.023377 0.00014869 0.030893 0.12437 decision
192 0.79230 0.02230 5.58469 objective
ei= -0.032140
193 0.31177 2.9402e-05 0.77274 0.49294 0.57385 0.34118 0.68629 0.63133 decision
193 0.31177 0.00003 21.36774 objective
ei= -0.029551
194 0.43116 5.3167e-06 0.62452 0.40751 0.45051 0.20782 0.46214 0.23021 decision
194 0.43116 0.00001 16.63454 objective
ei= -0.029544
195 0.69011 0.00010253 0.42112 0.33355 0.29036 0.38276 0.4225 0.18621 decision
195 0.69011 0.00010 14.32275 objective
ei= -0.031587
196 0.50775 6.8794e-06 0.37088 0.33847 0.36024 0.33308 0.52813 0.32618 decision
196 0.50775 0.00001 16.15503 objective
ei= -0.032793
197 0.63054 6.9802e-05 0.62139 0.34842 0.25214 0.29593 0.52337 0.37547 decision
197 0.63054 0.00007 16.45518 objective
ei= -0.010395
198 0.11269 0.013011 0.89479 0.51494 0.79096 0.13281 0.84304 0.48333 decision
198 0.11269 0.01301 22.24368 objective
ei= -0.015523
199 0.079968 0.040106 0.83272 0.4461 0.77213 0.10256 0.6918 0.40904 decision
199 0.07997 0.04011 20.45493 objective
ei= -0.008678
200 0.016495 1.8898e-05 0.84807 0.4555 0.74628 0.12063 0.65658 0.45319 decision
200 0.01649 0.00002 20.74210 objective
ei= -0.006492
201 5.5739e-06 6.7457e-05 0.80881 0.46359 0.82238 0.31102 0.65785 0.49896 decision
201 0.00001 0.00007 22.03166 objective
ei= -0.009568
202 0.017844 0.0026079 0.72565 0.55804 0.74615 0.31117 0.67055 0.46357 decision
202 0.01784 0.00261 21.61462 objective
ei= -0.002780
203 0.19063 0.1975 0.20792 0.61225 0.17443 0.16846 0.1203 0.12612 decision
203 0.19063 0.19750 11.57949 objective
ei= -0.002270
204 0.18724 0.14377 0.15984 0.51073 0.15672 0.1798 0.13342 0.14798 decision
204 0.18724 0.14377 11.14297 objective
ei= -0.002148
205 0.18694 0.10478 0.17912 0.51641 0.17095 0.13307 0.24341 0.099207 decision
205 0.18694 0.10478 11.47705 objective
ei= -0.002765
206 0.2131 0.11506 0.15153 0.60208 0.18947 0.17401 0.14027 0.10944 decision
206 0.21310 0.11506 11.52767 objective
ei= -0.002849
207 0.07759 0.12441 0.15781 0.52371 0.12487 0.19471 0.1265 0.11654 decision
207 0.07759 0.12441 11.23014 objective
ei= -0.003289
208 0.4461 0.85024 6.7747e-06 0.14718 0.11955 0.27889 0.1812 0.32208 decision
208 0.44610 0.85024 8.97406 objective
ei= -0.006291
209 0.34992 0.83086 5.3194e-06 0.14355 0.061858 0.21345 0.099735 0.23875 decision
209 0.34992 0.83086 7.45113 objective
ei= -0.002425
210 0.33572 0.77167 0.0014995 0.13123 0.052234 0.18746 0.099725 0.15668 decision
210 0.33572 0.77167 7.08493 objective
ei= -0.006573
211 0.27334 0.74831 1.2554e-05 0.055163 1.078e-05 0.12435 0.051868 0.13547 decision
211 0.27334 0.74831 5.96223 objective
ei= -0.002852
212 0.26185 0.59983 1.0096e-05 0.076397 2.9953e-05 0.11558 0.031348 0.12596 decision
212 0.26185 0.59983 6.90026 objective
ei= -0.016463
213 0.089019 0.29993 0.17167 0.44895 0.17095 0.28384 0.19053 0.18274 decision
213 0.08902 0.29993 11.97104 objective
ei= -0.015694
214 0.04747 0.35198 0.22146 0.5111 0.16054 0.18607 0.094635 0.12467 decision
214 0.04747 0.35198 11.48472 objective
ei= -0.011892
215 0.016633 0.23816 0.17508 0.49726 0.15117 0.11211 0.25028 0.08884 decision
215 0.01663 0.23816 11.29286 objective
ei= -0.012012
216 0.085346 0.19488 0.28767 0.4765 0.15671 0.15052 0.17592 0.1004 decision
216 0.08535 0.19488 11.53501 objective
ei= -0.014451
217 0.13643 0.32426 0.16198 0.51416 0.15113 0.15137 0.15419 0.096526 decision
217 0.13643 0.32426 10.91283 objective
ei= -0.007184
218 8.3939e-06 0.02286 0.80944 0.44413 0.66407 0.28225 0.59113 0.43756 decision
218 0.00001 0.02286 20.50091 objective
ei= -0.011254
219 2.584e-05 0.0053496 0.75297 0.4766 0.79091 0.36053 0.60233 0.41878 decision
219 0.00003 0.00535 21.30389 objective
ei= -0.008661
220 7.73e-06 0.0059037 0.84789 0.48794 0.74946 0.30162 0.64127 0.41707 decision
220 0.00001 0.00590 21.49734 objective
ei= -0.006710
221 1.1928e-06 0.021325 0.78767 0.60182 0.8243 0.31389 0.59135 0.29498 decision
221 0.00000 0.02133 21.33750 objective
ei= -0.014715
222 0.016513 0.017514 0.79131 0.45606 0.79662 0.31389 0.60712 0.39607 decision
222 0.01651 0.01751 21.08535 objective
ei= -0.030788
223 2.4771e-05 0.3735 0.62807 0.52747 0.66763 0.35135 0.59604 0.34889 decision
223 0.00002 0.37350 19.80205 objective
ei= -0.034043
224 3.2578e-06 0.38147 0.46806 0.57158 0.29759 0.21065 0.53193 0.2607 decision
224 0.00000 0.38147 16.31798 objective
ei= -0.035635
225 1.0542e-05 0.36117 0.75269 0.46766 0.46319 0.40865 0.58385 0.30987 decision
225 0.00001 0.36117 19.16909 objective
ei= -0.030399
226 1.5133e-06 0.25369 0.25335 0.59785 0.41811 0.37409 0.53789 0.3616 decision
226 0.00000 0.25369 17.01629 objective
ei= -0.032371
227 1.1297e-05 0.24261 0.53672 0.49748 0.33451 0.36384 0.4894 0.32289 decision
227 0.00001 0.24261 17.02607 objective
ei= -0.008615
228 1.1213e-05 7.6293e-06 0.80071 0.51943 0.80982 0.22804 0.58773 0.49259 decision
228 0.00001 0.00001 21.47249 objective
ei= -0.009873
229 3.0672e-05 1.1572e-05 0.75826 0.47154 0.81588 0.24408 0.65489 0.43755 decision
229 0.00003 0.00001 21.21983 objective
ei= -0.008872
230 6.9805e-06 4.0169e-06 0.7635 0.8095 0.82585 0.36712 0.55334 0.37906 decision
230 0.00001 0.00000 22.64271 objective
ei= -0.009699
231 2.5272e-05 9.9404e-06 0.80928 0.66165 0.82563 0.31364 0.60939 0.44633 decision
231 0.00003 0.00001 22.49660 objective
ei= -0.010459
232 2.6855e-08 7.3889e-06 0.76364 0.61171 0.77625 0.28747 0.58231 0.49293 decision
232 0.00000 0.00001 21.81440 objective
ei= -0.009897
233 0.1201 0.2511 0.17565 0.46736 3.296e-05 0.18087 0.12095 0.10757 decision
233 0.12010 0.25110 10.08035 objective
ei= -0.009645
234 3.9365e-05 0.278 0.17785 0.19547 0.0098728 0.13395 0.12321 0.17136 decision
234 0.00004 0.27800 9.23617 objective
ei= -0.008284
235 5.5393e-06 0.32607 0.16492 0.38187 0.021275 0.12759 0.12317 0.16603 decision
235 0.00001 0.32607 10.08349 objective
ei= -0.008149
236 0.075015 0.27393 0.14103 0.25669 5.8724e-05 0.1233 0.11948 0.19941 decision
236 0.07501 0.27393 9.23674 objective
ei= -0.007021
237 0.036753 0.34273 0.17087 0.15721 4.7207e-06 0.12583 0.052001 0.3087 decision
237 0.03675 0.34273 9.30412 objective
ei= -0.005490
238 0.27434 0.85313 0.0071023 0.043687 6.2826e-06 0.12989 0.10358 0.17157 decision
238 0.27434 0.85313 5.94064 objective
ei= -0.002903
239 0.2755 0.84827 0.038588 0.047655 7.6966e-05 0.12533 0.058409 0.13852 decision
239 0.27550 0.84827 5.73210 objective
ei= -0.002887
240 0.22965 0.81787 0.049603 0.041189 2.5347e-05 0.12265 0.11488 0.13673 decision
240 0.22965 0.81787 6.04573 objective
ei= -0.002737
241 0.25022 0.83543 0.0039372 0.060772 5.3916e-06 0.11692 4.4697e-05 0.13442 decision
241 0.25022 0.83543 5.32495 objective
ei= -0.002083
242 0.2262 0.83341 0.017028 0.064119 0.003612 0.063963 1.9251e-06 0.094405 decision
242 0.22620 0.83341 5.00955 objective
ei= -0.004104
243 0.086023 0.23314 0.17779 0.20228 0.022208 0.10149 0.11014 0.14707 decision
243 0.08602 0.23314 8.85400 objective
ei= -0.002357
244 0.038839 0.22222 0.16059 0.21092 0.00065357 0.13174 0.098385 0.10417 decision
244 0.03884 0.22222 8.71165 objective
ei= -0.002104
245 0.098524 0.20267 0.15552 0.19705 0.024008 0.1731 0.091971 0.16525 decision
245 0.09852 0.20267 9.05982 objective
ei= -0.001601
246 0.031955 0.22558 0.1524 0.20348 0.023536 0.10748 0.086382 0.15776 decision
246 0.03195 0.22558 8.83094 objective
ei= -0.002362
247 0.047833 0.14973 0.10909 0.19077 0.0020971 0.10127 0.13236 0.12089 decision
247 0.04783 0.14973 8.58788 objective
ei= -0.013787
248 0.012511 6.7038e-06 0.79885 0.61519 0.82116 0.38391 0.63363 0.44759 decision
248 0.01251 0.00001 22.63755 objective
ei= -0.008517
249 0.00012258 9.3428e-05 0.75528 0.71371 0.76885 0.25524 0.55414 0.35927 decision
249 0.00012 0.00009 21.32898 objective
ei= -0.006789
250 2.8833e-05 9.8145e-06 0.77443 0.57101 0.78239 0.16751 0.67741 0.39792 decision
250 0.00003 0.00001 21.16797 objective
268.891
