1 0.41125 0.17813 0.58056 0.52730 0.33408 0.14667 0.86906 0.00338 decision
1 1.1838 0.34014 0.92852 objective
2 0.89944 0.63277 0.18331 0.25296 0.50003 0.77534 0.68119 0.71198 decision
2 0.11281 0.17337 1.2985 objective
3 0.45251 0.97077 0.36528 0.75896 0.32533 0.69219 0.74364 0.35153 decision
3 0.042919 0.93423 0.80516 objective
4 0.01959 0.36120 0.95059 0.87365 0.18441 0.90987 0.26331 0.33780 decision
4 1.4267 0.90917 0.052074 objective
5 0.88790 0.27215 0.42911 0.01212 0.37929 0.79898 0.46134 0.78466 decision
5 0.22788 0.10382 1.4074 objective
6 0.87549 0.61856 0.24303 0.00868 0.91965 0.36693 0.96351 0.52252 decision
6 0.18814 0.27549 1.6839 objective
7 0.43963 0.09915 0.10655 0.67961 0.71607 0.13057 0.35505 0.18604 decision
7 1.1346 0.17815 0.94897 objective
8 0.92313 0.04813 0.31805 0.16853 0.06842 0.73804 0.44011 0.49617 decision
8 0.1669 0.012641 1.3794 objective
9 0.11927 0.41723 0.27726 0.71834 0.35917 0.95102 0.31137 0.58492 decision
9 1.062 0.81636 0.25392 objective
10 0.29297 0.14350 0.72003 0.36929 0.62676 0.53247 0.02196 0.82548 decision
10 1.2375 0.28377 0.62936 objective
11 0.87168 0.22401 0.33640 0.80676 0.42111 0.88047 0.54620 0.15247 decision
11 0.26213 0.096242 1.3665 objective
12 0.91631 0.47921 0.65712 0.80069 0.19610 0.50182 0.88704 0.22421 decision
12 0.13712 0.12845 1.421 objective
13 0.11434 0.19152 0.80507 0.92663 0.98389 0.47200 0.21866 0.16322 decision
13 1.6 0.4964 0.30416 objective
14 0.35187 0.70133 0.36831 0.63902 0.59814 0.46041 0.51047 0.47500 decision
14 0.40351 0.79604 0.55051 objective
15 0.08355 0.81158 0.07989 0.99787 0.83486 0.01679 0.26799 0.64704 decision
15 0.53363 1.75 0.24149 objective
16 0.79470 0.56442 0.14361 0.75505 0.81416 0.51217 0.38682 0.98364 decision
16 0.30801 0.37762 1.4584 objective
17 0.34166 0.09145 0.82995 0.55101 0.83950 0.15943 0.40015 0.45296 decision
17 1.1524 0.16668 0.69273 objective
18 0.83420 0.51591 0.18416 0.70380 0.07832 0.45020 0.33725 0.12590 decision
18 0.26409 0.27763 1.4378 objective
19 0.30052 0.91058 0.03250 0.32803 0.58237 0.57884 0.17953 0.89857 decision
19 0.18985 1.3428 0.6924 objective
20 0.28047 0.76600 0.58690 0.26659 0.76892 0.89399 0.80404 0.03452 decision
20 0.51962 1.3495 0.68175 objective
21 0.36569 0.96542 0.90103 0.93951 0.40836 0.03296 0.12725 0.55409 decision
21 0.0785 1.4438 0.93587 objective
22 0.05344 0.24505 0.66870 0.39624 0.08161 0.76911 0.49195 0.32527 decision
22 1.2166 0.49289 0.11045 objective
23 0.69069 0.72516 0.57460 0.46437 0.51707 0.42329 0.82356 0.83828 decision
23 0.24075 0.52258 1.0895 objective
24 0.73817 0.97924 0.09005 0.86637 0.43576 0.37931 0.56633 0.75472 decision
24 0.018118 0.55551 1.2743 objective
25 0.02922 0.45797 0.79290 0.31792 0.69123 0.23333 0.97923 0.27686 decision
25 1.1317 0.99134 0.069102 objective
26 0.00261 0.86653 0.87875 0.94519 0.78238 0.60735 0.47452 0.06458 decision
26 0.33782 1.5876 0.0066659 objective
27 0.06132 0.50252 0.33109 0.98519 0.15835 0.67838 0.12063 0.03274 decision
27 1.2442 1.254 0.17067 objective
28 0.73138 0.57960 0.45599 0.48422 0.30938 0.75489 0.66589 0.17551 decision
28 0.31057 0.39988 1.1279 objective
29 0.64548 0.94280 0.35223 0.56349 0.00470 0.10434 0.96619 0.77410 decision
29 0.081575 0.90554 1.4603 objective
30 0.58208 0.66384 0.27147 0.41458 0.53653 0.82511 0.14046 0.68664 decision
30 0.40919 0.70151 1.0541 objective
31 0.42617 0.73969 0.06669 0.47847 0.28022 0.32776 0.21436 0.29470 decision
31 0.43336 1.0001 0.86249 objective
32 0.31173 0.13112 0.65417 0.11384 0.25373 0.39834 0.45221 0.41696 decision
32 1.0824 0.22614 0.58935 objective
33 0.84827 0.75176 0.46855 0.20059 0.68257 0.94096 0.03898 0.84098 decision
33 0.14783 0.3597 1.6006 objective
34 0.09817 0.33960 0.76373 0.96941 0.88712 0.57156 0.56184 0.44209 decision
34 1.2355 0.72962 0.22303 objective
35 0.23849 0.89123 0.12615 0.07742 0.24278 0.81346 0.42610 0.66275 decision
35 0.23967 1.3891 0.55427 objective
36 0.59143 0.30571 0.16751 0.08646 0.52132 0.31155 0.24072 0.89098 decision
36 0.81634 0.42521 1.2317 objective
37 0.04515 0.56307 0.74726 0.23250 0.87668 0.97277 0.76126 0.07223 decision
37 1.1058 1.3499 0.12395 objective
38 0.49863 0.70015 0.30596 0.59335 0.94542 0.07908 0.50116 0.54609 decision
38 0.45792 0.89925 1.0048 objective
39 0.26610 0.78072 0.04354 0.67164 0.82331 0.48675 0.28329 0.92641 decision
39 0.48491 1.3517 0.63783 objective
40 0.66933 0.52262 0.60875 0.29575 0.11100 0.08175 0.58878 0.31045 decision
40 0.48161 0.51711 1.2359 objective
41 0.71246 0.80306 0.93986 0.72930 0.91101 0.65276 0.01137 0.86619 decision
41 0.24067 0.75299 1.6296 objective
42 0.21763 0.00585 0.67903 0.66570 0.87330 0.43811 0.85647 0.63657 decision
42 1.2703 0.011683 0.45203 objective
43 0.94077 0.83388 0.72887 0.44440 0.01916 0.21622 0.29287 0.10564 decision
43 0.037525 0.14053 1.5589 objective
44 0.32754 0.28900 0.20507 0.74181 0.70450 0.86815 0.19278 0.67495 decision
44 1.1327 0.5527 0.71247 objective
45 0.46646 0.60812 0.49969 0.35851 0.64053 0.54049 0.53314 0.81189 decision
45 0.48923 0.69175 0.76239 objective
46 0.37861 0.78520 0.85012 0.10073 0.93668 0.28574 0.41167 0.42561 decision
46 0.42006 1.1974 0.8583 objective
47 0.51073 0.62199 0.48121 0.40661 0.64712 0.98277 0.57873 0.36686 decision
47 0.5008 0.74187 0.92576 objective
48 0.51760 0.33156 0.62576 0.53938 0.02963 0.84139 0.32556 0.60837 decision
48 0.83304 0.47788 1.015 objective
49 0.22463 0.28342 0.25336 0.19524 0.57310 0.67542 0.91364 0.72517 decision
49 1.1955 0.57045 0.48781 objective
50 0.78608 0.11861 0.22492 0.22302 0.72603 0.63404 0.06831 0.95574 decision
50 0.52347 0.098677 1.5251 objective
51 0.15948 0.59054 0.70183 0.35300 0.48381 0.30960 0.77696 0.72263 decision
51 0.71183 0.94974 0.30371 objective
52 0.25876 0.35074 0.91741 0.03073 0.14561 0.40958 0.17200 0.73834 decision
52 1.3247 0.81387 0.66918 objective
53 0.61112 0.20345 0.52309 0.62386 0.74364 0.28750 0.60824 0.05560 decision
53 0.72399 0.23958 1.0892 objective
54 0.07958 0.91956 0.74465 0.50566 0.60980 0.71032 0.88213 0.38679 decision
54 0.15943 1.255 0.15897 objective
55 0.54338 0.54613 0.41174 0.33617 0.99954 0.72719 0.61346 0.95359 decision
55 0.66828 0.77289 1.1714 objective
56 0.18960 0.44372 0.12945 0.43221 0.75064 0.61063 0.62605 0.14202 decision
56 0.99765 0.83518 0.39938 objective
57 0.38041 0.98983 0.39687 0.91302 0.31237 0.37111 0.92712 0.20423 decision
57 0.019841 1.2424 0.84559 objective
58 0.97493 0.87431 0.42512 0.45775 0.47707 0.82982 0.64845 0.90838 decision
58 0.010084 0.050408 1.3045 objective
59 0.76059 0.03084 0.92473 0.51077 0.23924 0.34149 0.64250 0.61044 decision
59 0.47913 0.023228 1.2149 objective
60 0.53288 0.52884 0.79312 0.82499 0.17482 0.11892 0.07896 0.24331 decision
60 0.76122 0.83352 1.2519 objective
61 0.13708 0.42718 0.01533 0.83846 0.54066 0.42643 0.83514 0.41037 decision
61 1.13 0.89709 0.31557 objective
62 0.71489 0.26379 0.09634 0.18143 0.67014 0.62184 0.90344 0.13404 decision
62 0.63617 0.2798 1.4466 objective
63 0.25248 0.38927 0.15782 0.59932 0.22669 0.34755 0.09687 0.79732 decision
63 1.1146 0.78145 0.57008 objective
64 0.18123 0.49109 0.38448 0.30859 0.65641 0.59029 0.94062 0.39260 decision
64 0.88644 0.86197 0.36181 objective
65 0.39559 0.67839 0.20806 0.15276 0.46291 0.85380 0.75153 0.85551 decision
65 0.59891 1.0829 0.88606 objective
66 0.77698 0.15192 0.96883 0.39062 0.58898 0.24810 0.20178 0.01248 decision
66 0.54349 0.13221 1.5308 objective
67 0.62628 0.85873 0.53506 0.61106 0.12889 0.16655 0.67602 0.25727 decision
67 0.16487 0.7307 1.126 objective
68 0.63726 0.64870 0.95974 0.12164 0.95958 0.05266 0.72208 0.97621 decision
68 0.57748 0.93804 1.7193 objective
69 0.47770 0.84105 0.81627 0.77452 0.09717 0.19852 0.99646 0.56478 decision
69 0.30349 1.1902 1.1451 objective
70 0.56554 0.71493 0.99633 0.06065 0.39595 0.22397 0.35955 0.21353 decision
70 0.44461 0.92564 1.2635 objective
71 0.81124 0.23016 0.61152 0.12858 0.21211 0.17375 0.05355 0.30802 decision
71 0.43068 0.16286 1.5071 objective
72 0.98321 0.21679 0.63604 0.58490 0.34717 0.56253 0.08604 0.46630 decision
72 0.030454 0.010791 1.225 objective
73 0.13869 0.82672 0.77574 0.78554 0.27188 0.27025 0.52729 0.27103 decision
73 0.34531 1.2372 0.28435 objective
74 0.19654 0.06444 0.43949 0.86097 0.29771 0.52506 0.70724 0.08812 decision
74 1.3157 0.13364 0.42176 objective
75 0.75215 0.37747 0.69537 0.03587 0.85983 0.89658 0.42184 0.49134 decision
75 0.48681 0.32802 1.4308 objective
76 0.60837 0.90721 0.89322 0.28049 0.90706 0.78518 0.11109 0.37100 decision
76 0.1356 0.9237 1.3212 objective
77 0.86097 0.32092 0.86352 0.69465 0.55389 0.66293 0.94812 0.50722 decision
77 0.26565 0.14654 1.3671 objective
78 0.82633 0.67782 0.55547 0.84569 0.16960 0.26033 0.80865 0.23974 decision
78 0.18967 0.34222 1.3985 objective
79 0.55803 0.39834 0.48289 0.89071 0.80109 0.09995 0.69300 0.69676 decision
79 0.76732 0.55444 1.1371 objective
80 0.68547 0.47105 0.51509 0.05562 0.45188 0.00003 0.15680 0.99891 decision
80 0.63622 0.58084 1.5994 objective
81 0.16848 0.04061 0.98462 0.21785 0.77748 0.04043 0.84286 0.59055 decision
81 1.6649 0.10635 0.45211 objective
82 0.99572 0.10598 0.24063 0.96013 0.96656 0.99146 0.02386 0.53242 decision
82 0.013038 0.0021906 1.9659 objective
83 0.41624 0.07325 0.29507 0.56090 0.38405 0.92037 0.72457 0.09930 decision
83 1.1409 0.13184 0.88002 objective
84 0.48403 0.94070 0.00725 0.24990 0.12252 0.18775 0.25029 0.62392 decision
84 0.10939 1.171 1.1185 objective
85 0.66112 0.01833 0.54634 0.65007 0.44559 0.95684 0.37616 0.93110 decision
85 0.72928 0.021008 1.2386 objective
86 0.95501 0.40390 0.85323 0.14282 0.04091 0.71268 0.30074 0.88360 decision
86 0.096403 0.070948 1.691 objective
87 0.94582 0.17001 0.04742 0.90682 0.05208 0.06377 0.78259 0.75921 decision
87 0.15646 0.042804 1.9014 objective
ei= -0.126542
88 0.00087449 0.50697 0.69119 0.73267 0.5227 0.64787 0.49148 0.26901 decision
88 0.81576 0.83382 0.00160 objective
ei= -0.050970
89 0.021257 0.43875 0.67568 0.6863 0.24911 0.7198 0.28966 0.33246 decision
89 0.96350 0.79390 0.04170 objective
ei= -0.039462
90 0.036332 0.36238 0.75431 0.87022 0.29777 0.72716 0.43746 0.21699 decision
90 1.15903 0.74164 0.07861 objective
ei= -0.061004
91 1.1685e-05 0.45778 0.76916 0.42648 0.68514 0.57256 0.76125 0.30282 decision
91 0.92134 0.80659 0.00002 objective
ei= -0.037213
92 0.022762 0.34363 0.61616 0.51832 0.55043 0.52005 0.53425 0.38032 decision
92 0.88495 0.53018 0.03690 objective
ei= -0.030944
93 0.10865 0.28976 0.47565 0.42934 0.34722 0.5675 0.52278 0.50722 decision
93 0.91529 0.44796 0.17563 objective
ei= -0.024431
94 0.13271 0.24559 0.6682 0.37453 0.50944 0.5562 0.56035 0.46465 decision
94 0.95374 0.38733 0.21776 objective
ei= -0.020797
95 0.13072 0.28058 0.43965 0.67162 0.51346 0.53185 0.62336 0.34062 decision
95 0.95177 0.44893 0.21917 objective
ei= -0.026607
96 0.048476 0.27621 0.48308 0.36487 0.60966 0.51736 0.61157 0.59114 decision
96 0.95143 0.44080 0.08000 objective
ei= -0.019328
97 0.073712 0.34347 0.50089 0.3927 0.36557 0.61001 0.54018 0.33475 decision
97 0.91238 0.54632 0.12369 objective
ei= -0.045223
98 0.32717 0.056492 0.57292 0.56095 0.5641 0.46017 0.56304 0.47805 decision
98 0.88404 0.07865 0.50102 objective
ei= -0.020756
99 0.25979 0.076344 0.54013 0.59645 0.30047 0.49148 0.64478 0.18906 decision
99 1.06479 0.12831 0.46370 objective
ei= -0.027640
100 0.2176 3.1615e-06 0.6923 0.43521 0.777 0.36102 0.68005 0.59995 decision
100 1.11138 0.00001 0.39540 objective
ei= -0.013194
101 0.19712 0.030569 0.75102 0.21785 0.64657 0.25728 0.72156 0.59055 decision
101 1.21801 0.05853 0.39013 objective
ei= -0.009769
102 0.25198 0.025738 0.7189 0.25839 0.68416 0.42029 0.50263 0.63778 decision
102 1.07456 0.04347 0.44939 objective
ei= -0.088525
103 0.92146 0.16016 0.4851 0.40145 0.43515 0.60973 0.43887 0.65152 decision
103 0.12549 0.03225 1.04487 objective
ei= -0.049509
104 0.80504 0.099333 0.29887 0.60809 0.48352 0.51507 0.38434 0.4759 decision
104 0.31765 0.04997 1.01697 objective
ei= -0.042441
105 0.96705 0.19507 0.3683 0.60711 0.68468 0.82177 0.34919 0.54089 decision
105 0.05874 0.01859 1.18928 objective
ei= -0.054937
106 0.91578 0.15645 0.36833 0.56764 0.24007 0.46057 0.67623 0.38634 decision
106 0.14522 0.03642 1.12509 objective
ei= -0.041770
107 0.95692 0.30371 0.42573 0.53674 0.34838 0.77584 0.45518 0.90531 decision
107 0.07643 0.03950 1.26932 objective
ei= -0.034518
108 0.93118 0.32604 0.63849 0.4823 0.34251 0.56848 0.53273 0.4914 decision
108 0.09876 0.05552 1.04400 objective
ei= -0.027681
109 0.99999 0.29756 0.54601 0.21229 0.27931 0.71168 0.29269 0.60615 decision
109 0.00002 0.00001 1.23266 objective
ei= -0.017632
110 0.95486 0.33349 0.53432 0.25601 0.21076 0.69927 0.33545 0.77123 decision
110 0.07880 0.04552 1.28149 objective
ei= -0.017227
111 0.9555 0.21757 0.57619 0.17627 0.27468 0.59992 0.29154 0.45605 decision
111 0.08006 0.02848 1.21378 objective
ei= -0.031511
112 0.98929 0.39647 0.24229 0.76016 0.4481 0.6394 0.57627 0.59112 decision
112 0.01599 0.01148 1.17018 objective
ei= -0.027155
113 0.4612 0.49089 0.50702 0.53047 0.48417 0.58087 0.49607 0.52798 decision
113 0.54165 0.52636 0.66840 objective
ei= -0.008752
114 0.42671 0.53338 0.48343 0.40908 0.5458 0.51391 0.55618 0.51836 decision
114 0.53184 0.59075 0.63009 objective
ei= -0.004162
115 0.40717 0.53695 0.45786 0.46891 0.53964 0.51427 0.56218 0.60695 decision
115 0.54405 0.61117 0.60869 objective
ei= -0.002373
116 0.42414 0.60111 0.46574 0.46357 0.5057 0.56313 0.60418 0.58521 decision
116 0.47234 0.65250 0.63325 objective
ei= -0.002984
117 0.37689 0.50695 0.44794 0.46702 0.63734 0.46114 0.5347 0.4518 decision
117 0.59641 0.60957 0.57349 objective
ei= -0.029334
118 0.03446 0.87328 0.70756 0.83755 0.64267 0.58731 0.58211 0.27118 decision
118 0.24564 1.21775 0.06731 objective
ei= -0.020736
119 0.081628 0.86661 0.71182 0.59345 0.60988 0.51014 0.63406 0.33655 decision
119 0.22908 1.07726 0.14199 objective
ei= -0.016548
120 0.020804 0.83051 0.65111 0.78561 0.61827 0.3096 0.52389 0.33743 decision
120 0.31072 1.13941 0.03861 objective
ei= -0.013903
121 0.040141 0.85089 0.66004 0.55098 0.63089 0.61331 0.67832 0.38301 decision
121 0.25564 1.07140 0.06954 objective
ei= -0.008924
122 0.017532 0.94437 0.73313 0.51958 0.55655 0.54549 0.72736 0.27753 decision
122 0.10130 1.15632 0.03197 objective
ei= -0.016969
123 0.17404 0.99995 0.74431 0.50647 0.53196 0.5765 0.72853 0.3454 decision
123 0.00009 1.10029 0.30853 objective
ei= -0.012990
124 0.028784 0.99999 0.72306 0.63286 0.56615 0.59828 0.81521 0.2227 decision
124 0.00001 1.25641 0.05685 objective
ei= -0.005550
125 0.072324 1 0.61615 0.53902 0.55643 0.59045 0.81826 0.26601 decision
125 0.00001 1.17480 0.13404 objective
ei= -0.005493
126 0.10013 0.96712 0.77573 0.73051 0.56139 0.59642 0.8398 0.20236 decision
126 0.06865 1.32789 0.21088 objective
ei= -0.004648
127 1.9219e-06 0.99986 0.68208 0.65096 0.47233 0.68129 0.8108 0.20184 decision
127 0.00027 1.27507 0.00000 objective
ei= -0.037604
128 0.99996 0.67876 0.41916 0.63908 0.4394 0.5988 0.45158 0.46991 decision
128 0.00003 0.00005 1.04256 objective
ei= -0.029139
129 0.98614 0.5075 0.42559 0.49143 0.36317 0.66422 0.29269 0.55949 decision
129 0.01669 0.01709 1.09756 objective
ei= -0.017497
130 0.99382 0.37368 0.48225 0.54893 0.27931 0.64899 0.37298 0.47173 decision
130 0.00882 0.00587 1.09050 objective
ei= -0.021014
131 0.99991 0.24877 0.42135 0.69474 0.34658 0.65927 0.46345 0.5398 decision
131 0.00015 0.00006 1.09594 objective
ei= -0.018705
132 0.95712 0.69195 0.40352 0.58354 0.47729 0.63986 0.62281 0.70392 decision
132 0.03423 0.06513 1.09055 objective
ei= -0.053265
133 0.74488 0.99997 0.54172 0.62783 0.42141 0.4551 0.53143 0.31949 decision
133 0.00002 0.41345 0.97587 objective
ei= -0.040168
134 0.83216 0.96456 0.30882 0.45114 0.31171 0.38681 0.4325 0.63235 decision
134 0.01609 0.28863 1.07095 objective
ei= -0.044774
135 0.46124 0.99999 0.57259 0.62104 0.45813 0.49153 0.62405 0.45152 decision
135 0.00001 0.77839 0.68894 objective
ei= -0.037897
136 0.72579 0.99999 0.39642 0.76161 0.31967 0.39067 0.81478 0.4957 decision
136 0.00001 0.51054 1.11106 objective
ei= -0.042364
137 0.38365 0.99984 0.61493 0.65529 0.46126 0.59833 0.78144 0.2261 decision
137 0.00025 0.99086 0.68172 objective
ei= -0.016720
138 0.99995 0.27181 0.34436 0.58393 0.43525 0.74369 0.1469 0.46656 decision
138 0.00009 0.00004 1.22064 objective
ei= -0.015438
139 0.9824 0.44875 0.46087 0.73222 0.49435 0.74834 0.40287 0.51297 decision
139 0.02372 0.02018 1.12634 objective
ei= -0.014531
140 0.99999 0.48576 0.3403 0.58432 0.27439 0.56195 0.46347 0.53753 decision
140 0.00001 0.00001 1.09010 objective
ei= -0.016201
141 0.99994 0.70627 0.64475 0.23645 0.34602 0.77591 0.3013 0.62064 decision
141 0.00005 0.00011 1.24428 objective
ei= -0.017291
142 0.99993 0.6843 0.65912 0.45223 0.25033 0.46819 0.3113 0.22883 decision
142 0.00006 0.00011 1.20009 objective
ei= -0.003694
143 1.1588e-05 0.99998 0.71022 0.5736 0.5014 0.67623 0.85486 0.15797 decision
143 0.00005 1.32358 0.00002 objective
ei= -0.005897
144 3.7642e-05 0.98975 0.68574 0.62038 0.50205 0.67008 0.83118 0.26602 decision
144 0.02000 1.24219 0.00007 objective
ei= -0.006487
145 7.874e-06 0.99998 0.71802 0.62278 0.55812 0.7113 0.75579 0.17714 decision
145 0.00004 1.28030 0.00002 objective
ei= -0.005552
146 0.028764 0.99999 0.69489 0.58882 0.52601 0.68176 0.74197 0.1667 decision
146 0.00002 1.24795 0.05642 objective
ei= -0.005580
147 0.0018908 0.99997 0.73701 0.58054 0.49127 0.70438 0.80362 0.18567 decision
147 0.00007 1.29548 0.00385 objective
ei= -0.009546
148 5.0764e-05 0.90774 0.7149 0.62248 0.47364 0.68977 0.80783 0.17957 decision
148 0.18707 1.28174 0.00010 objective
ei= -0.007174
149 1.7802e-05 0.99995 0.72779 0.70791 0.50132 0.53152 0.65673 0.19351 decision
149 0.00010 1.21461 0.00003 objective
ei= -0.010388
150 1.0565e-05 1 0.71233 0.6614 0.59487 0.53842 0.6985 0.27127 decision
150 0.00000 1.17333 0.00002 objective
ei= -0.006112
151 2.329e-06 0.99997 0.67782 0.65298 0.47077 0.61507 0.56926 0.22956 decision
151 0.00005 1.14705 0.00000 objective
ei= -0.008392
152 1.7319e-05 0.99981 0.70714 0.57342 0.55915 0.6385 0.66143 0.20901 decision
152 0.00035 1.18172 0.00003 objective
ei= -0.002707
153 0.40552 0.51364 0.4571 0.4692 0.54511 0.41983 0.5627 0.46382 decision
153 0.56530 0.59006 0.60458 objective
ei= -0.001494
154 0.40461 0.46084 0.45884 0.45215 0.59321 0.45125 0.5547 0.55919 decision
154 0.61593 0.54446 0.60642 objective
ei= -0.002635
155 0.3835 0.50702 0.50032 0.46841 0.53658 0.47337 0.55142 0.53947 decision
155 0.58036 0.59330 0.57072 objective
ei= -0.001857
156 0.39446 0.54677 0.55316 0.47162 0.55968 0.46303 0.53736 0.51136 decision
156 0.53721 0.62257 0.58659 objective
ei= -0.001389
157 0.40533 0.51122 0.49974 0.46893 0.65721 0.45883 0.57002 0.52713 decision
157 0.57689 0.59759 0.61417 objective
ei= -0.019085
158 0.97773 0.23095 0.26192 0.46385 0.32033 0.73075 0.43547 0.59686 decision
158 0.03783 0.01436 1.15636 objective
ei= -0.015698
159 1 0.39753 0.36357 0.23176 0.40884 0.73894 0.44284 0.6204 decision
159 0.00000 0.00000 1.17373 objective
ei= -0.017703
160 0.99993 0.40205 0.56854 0.64095 0.23066 0.40895 0.42952 0.33071 decision
160 0.00010 0.00007 1.13902 objective
ei= -0.015636
161 0.99522 0.22943 0.30399 0.8092 0.67954 0.77921 0.16481 0.57057 decision
161 0.00956 0.00360 1.36151 objective
ei= -0.017362
162 0.99993 0.41974 0.69986 0.40258 0.23207 0.66322 0.30111 0.50945 decision
162 0.00010 0.00008 1.18750 objective
ei= -0.035275
163 0.83211 0.037562 0.69731 0.40533 0.25405 0.38749 0.40459 0.41792 decision
163 0.29584 0.01748 1.09758 objective
ei= -0.029853
164 0.81852 0.053443 0.55411 0.43816 0.47684 0.77529 0.25593 0.58282 decision
164 0.32212 0.02711 1.10311 objective
ei= -0.022816
165 0.7553 3.5171e-06 0.34564 0.19511 0.43746 0.4109 0.52435 0.57897 decision
165 0.42577 0.00000 1.05261 objective
ei= -0.029838
166 0.8231 0.033444 0.53935 0.55815 0.43064 0.24811 0.4348 0.229 decision
166 0.31527 0.01658 1.10673 objective
ei= -0.022639
167 0.7796 0.032318 0.36349 0.16849 0.34771 0.54701 0.50506 0.26912 decision
167 0.40914 0.02079 1.13563 objective
ei= -0.015126
168 0.23483 0.013916 0.75224 0.39746 0.68774 0.13949 0.72176 0.59068 decision
168 1.20924 0.02644 0.46757 objective
ei= -0.010132
169 0.21689 0.026864 0.67113 0.66563 0.66926 0.42304 0.73375 0.50451 decision
169 1.07913 0.04556 0.38290 objective
ei= -0.011539
170 0.19749 1.1998e-06 0.65601 0.64483 0.65618 0.43729 0.66608 0.63654 decision
170 1.06641 0.00000 0.34186 objective
ei= -0.010369
171 0.19509 3.7382e-05 0.73128 0.49998 0.64644 0.48771 0.40063 0.57919 decision
171 1.04039 0.00006 0.32919 objective
ei= -0.008270
172 0.24836 0.0031849 0.44293 0.61938 0.32173 0.4941 0.71335 0.33951 decision
172 1.03639 0.00518 0.42616 objective
ei= -0.010223
173 0.055937 0.18791 0.6118 0.41354 0.48901 0.53157 0.51328 0.57163 decision
173 0.97823 0.29742 0.09007 objective
ei= -0.007193
174 0.089149 0.18905 0.54112 0.61278 0.48847 0.55952 0.41809 0.52487 decision
174 0.97093 0.29712 0.14313 objective
ei= -0.010197
175 0.089738 0.22169 0.63761 0.61054 0.5024 0.53885 0.49434 0.58497 decision
175 0.96781 0.35134 0.14610 objective
ei= -0.007699
176 0.058399 0.18027 0.60118 0.63442 0.3157 0.64095 0.48788 0.40725 decision
176 1.04304 0.30351 0.09993 objective
ei= -0.008802
177 0.057859 0.20863 0.38281 0.59995 0.47667 0.57943 0.4828 0.52122 decision
177 0.97241 0.33059 0.09360 objective
ei= -0.035050
178 8.0663e-07 0.63651 0.68182 0.57683 0.6543 0.41366 0.7139 0.24945 decision
178 0.63706 0.99178 0.00000 objective
ei= -0.035189
179 2.3348e-06 0.61987 0.69165 0.94005 0.73908 0.61092 0.49191 0.11008 decision
179 0.81636 1.20071 0.00001 objective
ei= -0.024283
180 1.1099e-05 0.58245 0.55605 0.57874 0.4787 0.42715 0.58733 0.41081 decision
180 0.62858 0.81682 0.00002 objective
ei= -0.029159
181 0.0026216 0.71123 0.78789 0.66505 0.7783 0.6567 0.6549 0.075915 decision
181 0.62047 1.27277 0.00583 objective
ei= -0.025959
182 9.9243e-06 0.73765 0.65239 0.66127 0.49242 0.62294 0.65849 0.27641 decision
182 0.45641 1.04412 0.00002 objective
ei= -0.009534
183 0.053458 0.18693 0.58923 0.49761 0.42468 0.69186 0.47005 0.49024 decision
183 1.00289 0.30325 0.08819 objective
ei= -0.009520
184 0.051711 0.14561 0.49315 0.59897 0.4824 0.67012 0.54609 0.41931 decision
184 1.01707 0.23677 0.08501 objective
ei= -0.006541
185 0.029316 0.15506 0.4931 0.65603 0.45192 0.65894 0.49383 0.45984 decision
185 1.02144 0.25382 0.04850 objective
ei= -0.005906
186 0.046114 0.049939 0.56189 0.62464 0.49827 0.66646 0.46661 0.41736 decision
186 1.04902 0.08246 0.07635 objective
ei= -0.005151
187 2.1293e-05 0.019888 0.64641 0.61773 0.49317 0.67236 0.42391 0.41461 decision
187 1.07761 0.03368 0.00004 objective
ei= -0.004825
188 0.0018075 1.4103e-05 0.6545 0.61538 0.49747 0.56344 0.46652 0.34403 decision
188 1.06666 0.00002 0.00303 objective
ei= -0.005869
189 3.5395e-05 1.2473e-05 0.64851 0.57013 0.54579 0.58331 0.43037 0.3072 decision
189 1.07803 0.00002 0.00006 objective
ei= -0.006014
190 0.0010754 3.4661e-05 0.63424 0.61998 0.46873 0.58777 0.44968 0.32015 decision
190 1.07597 0.00006 0.00182 objective
ei= -0.005361
191 0.03379 2.1751e-07 0.65023 0.62418 0.61223 0.59333 0.45027 0.36048 decision
191 1.07971 0.00000 0.05736 objective
ei= -0.003012
192 4.1811e-07 9.6811e-06 0.64116 0.65981 0.52851 0.53677 0.4305 0.29306 decision
192 1.09529 0.00002 0.00000 objective
ei= -0.033815
193 0.43604 5.2085e-05 0.41414 0.6477 0.41524 0.53564 0.56396 0.29959 decision
193 0.83789 0.00007 0.68443 objective
ei= -0.034449
194 0.77046 8.7674e-05 0.46833 0.75086 0.31977 0.33626 0.71026 0.51932 decision
194 0.41200 0.00006 1.09272 objective
ei= -0.028435
195 0.87163 0.11538 0.33713 0.21252 0.39909 0.67563 0.3608 0.60289 decision
195 0.23248 0.04260 1.15625 objective
ei= -0.022783
196 0.74938 3.5231e-05 0.24062 0.413 0.44178 0.31931 0.58518 0.35505 decision
196 0.43696 0.00002 1.05201 objective
ei= -0.020116
197 0.99996 0.048562 0.28209 0.29354 0.32263 0.34152 0.45443 0.49688 decision
197 0.00008 0.00001 1.14877 objective
ei= -0.023529
198 0.99999 0.2461 0.41228 0.45111 0.32277 0.34156 0.42721 0.48007 decision
198 0.00001 0.00001 1.07230 objective
ei= -0.016531
199 0.99998 0.28421 0.24073 0.29315 0.30653 0.47021 0.46668 0.50494 decision
199 0.00003 0.00002 1.14946 objective
ei= -0.015851
200 0.99997 0.45526 0.62694 0.38807 0.074423 0.48739 0.24853 0.2947 decision
200 0.00005 0.00004 1.31530 objective
ei= -0.010334
201 1 0.16521 0.3194 0.42872 0.076976 0.35326 0.45365 0.49818 decision
201 0.00001 0.00000 1.24033 objective
ei= -0.009307
202 0.99999 0.24064 0.67448 0.25799 0.083841 0.76428 0.28672 0.64499 decision
202 0.00002 0.00001 1.39856 objective
ei= -0.001286
203 0.38669 0.51116 0.44615 0.43554 0.47439 0.48549 0.54538 0.51331 decision
203 0.57615 0.59671 0.57655 objective
ei= -0.001809
204 0.40482 0.50741 0.46058 0.46738 0.43642 0.45171 0.54249 0.5396 decision
204 0.56919 0.58260 0.60123 objective
ei= -0.001381
205 0.38804 0.49383 0.41457 0.46891 0.48922 0.50954 0.56388 0.49744 decision
205 0.59271 0.58133 0.57967 objective
ei= -0.001328
206 0.36967 0.49866 0.48184 0.47185 0.47438 0.48246 0.56985 0.44762 decision
206 0.59820 0.59569 0.55392 objective
ei= -0.002762
207 0.40991 0.51005 0.41421 0.47248 0.45808 0.46975 0.55233 0.4454 decision
207 0.56572 0.58386 0.61022 objective
ei= -0.006600
208 7.1984e-06 0.99996 0.7109 0.65455 0.49625 0.61826 0.70052 0.23877 decision
208 0.00007 1.19082 0.00001 objective
ei= -0.005108
209 7.0529e-06 0.99998 0.68334 0.59585 0.41973 0.52618 0.63506 0.26955 decision
209 0.00003 1.12128 0.00001 objective
ei= -0.005886
210 1.1208e-05 0.98266 0.70304 0.65798 0.54015 0.46417 0.63725 0.137 decision
210 0.03322 1.21923 0.00002 objective
ei= -0.007377
211 7.9757e-06 0.99857 0.67858 0.60584 0.47046 0.56571 0.71559 0.19276 decision
211 0.00267 1.18916 0.00001 objective
ei= -0.006252
212 2.7441e-05 0.99931 0.70849 0.65039 0.52794 0.53974 0.6161 0.20222 decision
212 0.00126 1.17060 0.00005 objective
ei= -0.007561
213 1.822e-05 0.99996 0.68207 0.65531 0.55091 0.58673 0.63918 0.27049 decision
213 0.00007 1.13943 0.00003 objective
ei= -0.004744
214 2.7493e-06 0.99998 0.67712 0.57219 0.48974 0.49477 0.5531 0.26655 decision
214 0.00004 1.09404 0.00000 objective
ei= -0.006980
215 9.1045e-05 0.99998 0.69059 0.57429 0.54526 0.60878 0.76009 0.27139 decision
215 0.00004 1.17563 0.00017 objective
ei= -0.004508
216 3.7519e-07 0.99998 0.68168 0.60331 0.50684 0.55533 0.48418 0.25393 decision
216 0.00003 1.10759 0.00000 objective
ei= -0.004309
217 0.0021807 0.99998 0.68696 0.65874 0.42941 0.52454 0.51544 0.26995 decision
217 0.00003 1.11889 0.00383 objective
ei= -0.011393
218 0.99998 0.23207 0.38935 0.32514 0.10399 0.53796 0.37697 0.52696 decision
218 0.00004 0.00001 1.21695 objective
ei= -0.014675
219 0.99994 0.45648 0.49074 0.33746 0.31372 0.51616 0.4542 0.50509 decision
219 0.00008 0.00007 1.06359 objective
ei= -0.011486
220 0.99999 0.21829 0.35727 0.42541 0.29462 0.49778 0.42122 0.50057 decision
220 0.00001 0.00000 1.07433 objective
ei= -0.008580
221 1 0.28079 0.41988 0.37715 0.17421 0.44349 0.45474 0.42898 decision
221 0.00000 0.00000 1.13794 objective
ei= -0.009242
222 0.99999 0.2437 0.38794 0.30549 0.21661 0.4709 0.45513 0.59959 decision
222 0.00001 0.00000 1.14348 objective
ei= -0.024920
223 0.99944 0.86011 0.39496 0.34449 0.074738 0.41477 0.32128 0.3026 decision
223 0.00025 0.00111 1.29424 objective
ei= -0.033516
224 0.94291 0.87326 0.19878 0.60063 0.34391 0.49077 0.56942 0.62858 decision
224 0.02031 0.10066 1.14205 objective
ei= -0.016273
225 0.99998 0.048683 0.44556 0.46219 0.12933 0.45455 0.2865 0.46453 decision
225 0.00003 0.00000 1.19070 objective
ei= -0.035716
226 0.91525 0.99985 0.36488 0.31671 0.64348 0.71273 0.4387 0.60925 decision
226 0.00004 0.15043 1.12336 objective
ei= -0.023484
227 0.97295 0.84252 0.41804 0.28561 0.42664 0.64398 0.46124 0.54963 decision
227 0.01126 0.04459 1.08178 objective
ei= -0.014075
228 0.99998 0.62355 0.50925 0.44015 0.1295 0.43796 0.3006 0.34855 decision
228 0.00002 0.00003 1.20748 objective
ei= -0.015141
229 0.99996 0.71788 0.36992 0.52498 0.22009 0.39904 0.51973 0.3441 decision
229 0.00003 0.00007 1.13078 objective
ei= -0.013538
230 0.98309 0.73876 0.45561 0.34464 0.27714 0.33584 0.35898 0.28357 decision
230 0.01239 0.02848 1.16904 objective
ei= -0.010397
231 0.99999 0.21018 0.36357 0.29352 0.13289 0.39571 0.32384 0.46924 decision
231 0.00002 0.00001 1.23887 objective
ei= -0.010880
232 0.99998 0.65386 0.28095 0.34787 0.39463 0.43353 0.51099 0.49484 decision
232 0.00002 0.00003 1.08679 objective
ei= -0.005018
233 1.1326e-06 0.99999 0.69973 0.59085 0.43996 0.54761 0.58257 0.25029 decision
233 0.00001 1.12319 0.00000 objective
ei= -0.004287
234 1.1527e-05 1 0.68167 0.6034 0.57345 0.53022 0.6764 0.21914 decision
234 0.00000 1.16000 0.00002 objective
ei= -0.002817
235 1.6025e-06 0.99999 0.61478 0.579 0.39107 0.54691 0.54682 0.24282 decision
235 0.00002 1.10182 0.00000 objective
ei= -0.003591
236 9.6378e-07 0.99998 0.65645 0.57369 0.46929 0.55856 0.56105 0.25506 decision
236 0.00003 1.09800 0.00000 objective
ei= -0.007379
237 2.2533e-05 0.99999 0.70342 0.64902 0.56154 0.552 0.54614 0.20286 decision
237 0.00002 1.16050 0.00004 objective
ei= -0.003495
238 2.0467e-05 0.96184 0.67221 0.59835 0.40477 0.50264 0.49567 0.24249 decision
238 0.06678 1.11273 0.00004 objective
ei= -0.004040
239 0.0018502 0.99999 0.6834 0.61755 0.49951 0.54978 0.58344 0.25851 decision
239 0.00001 1.11521 0.00324 objective
ei= -0.004518
240 5.0992e-06 0.98375 0.58925 0.59143 0.45449 0.54471 0.52659 0.29501 decision
240 0.02713 1.06277 0.00001 objective
ei= -0.003145
241 1.8741e-06 1 0.66468 0.59584 0.4872 0.5435 0.53498 0.23099 decision
241 0.00001 1.11195 0.00000 objective
ei= -0.005410
242 2.9534e-05 0.99997 0.66579 0.58029 0.30608 0.55522 0.60975 0.28054 decision
242 0.00005 1.13480 0.00005 objective
ei= -0.001398
243 0.37438 0.50247 0.44381 0.4673 0.51683 0.45938 0.56999 0.52691 decision
243 0.59293 0.59756 0.56130 objective
ei= -0.001436
244 0.39103 0.50537 0.46801 0.47867 0.52653 0.49159 0.57252 0.49552 decision
244 0.57728 0.58710 0.58067 objective
ei= -0.000977
245 0.40035 0.5075 0.45517 0.47681 0.4897 0.49679 0.53959 0.51777 decision
245 0.56763 0.58116 0.59091 objective
ei= -0.000522
246 0.38858 0.50661 0.4766 0.46967 0.49551 0.47751 0.55317 0.49761 decision
246 0.57615 0.58823 0.57595 objective
ei= -0.000771
247 0.34018 0.50616 0.45997 0.47299 0.49126 0.49234 0.5617 0.49675 decision
247 0.60640 0.61826 0.51248 objective
ei= -0.009641
248 0.99945 0.26295 0.21967 0.70641 0.18936 0.3599 0.60903 0.63361 decision
248 0.00101 0.00044 1.26705 objective
ei= -0.007960
249 0.99997 0.13959 0.4382 0.36116 0.24813 0.34848 0.23344 0.50271 decision
249 0.00006 0.00001 1.18056 objective
ei= -0.008158
250 0.99999 0.059702 0.27987 0.38399 0.14607 0.36336 0.48413 0.57741 decision
250 0.00002 0.00000 1.21209 objective
289.09
