1 1.25405 0.49958 decision
1 15.819 13.726 objective
2 1.78693 1.55360 decision
2 18.43 18.226 objective
3 1.00931 2.26608 decision
3 19.411 19.711 objective
4 0.04203 2.75015 decision
4 14.674 19.592 objective
5 1.86445 0.71539 decision
5 15.386 11.236 objective
6 1.50042 2.35063 decision
6 10.51 14.013 objective
7 2.03767 2.13459 decision
7 7.8156 8.4188 objective
8 1.33840 2.92248 decision
8 7.5032 15.143 objective
9 2.39541 0.04645 decision
9 19.147 15.045 objective
10 0.95678 0.67692 decision
10 12.574 11.398 objective
11 2.90907 1.27868 decision
11 14.358 4.9455 objective
12 2.57245 1.05546 decision
12 19.1 17.8 objective
13 0.80611 1.33326 decision
13 12.47 14.307 objective
14 0.19658 0.39791 decision
14 16.4 16.76 objective
15 0.51701 2.46369 decision
15 13.76 18.234 objective
16 2.27547 1.63707 decision
16 14.694 12.54 objective
17 0.37518 0.87521 decision
17 5.0483 8.5273 objective
18 2.75887 0.16958 decision
18 19.497 15.34 objective
19 0.63533 1.84115 decision
19 14.486 17.201 objective
20 1.64852 2.69086 decision
20 5.5356 11.861 objective
21 2.54773 1.85936 decision
21 8.788 3.7924 objective
ei= -0.166662
22 2.9123 1.8594 decision
22 14.40374 9.98904 objective
ei= -0.062074
23 2.5467 2.1747 decision
23 10.09748 7.95279 objective
ei= -0.043243
24 2.4315 1.9326 decision
24 8.92630 5.57700 objective
ei= -0.019525
25 2.5189 3 decision
25 16.09133 16.96997 objective
ei= -0.016894
26 2.5416 1.8903 decision
26 8.80199 4.14336 objective
ei= -0.014131
27 2.5003 1.8694 decision
27 9.24861 4.94752 objective
ei= -0.011677
28 2.5478 1.8264 decision
28 9.47581 4.50265 objective
ei= -0.014790
29 2.5477 1.9718 decision
29 11.73766 8.77715 objective
ei= -0.015563
30 2.4086 1.858 decision
30 11.97787 9.25355 objective
ei= -0.015161
31 2.5477 1.916 decision
31 9.64803 5.50021 objective
ei= -0.016522
32 3 1.3186 decision
32 14.83943 5.64970 objective
ei= -0.012133
33 2.5415 1.7678 decision
33 11.89871 7.71112 objective
ei= -0.012731
34 2.5956 1.8752 decision
34 10.25698 5.66047 objective
ei= -0.023049
35 2.5343 1.9326 decision
35 9.65889 5.75280 objective
ei= -0.011729
36 2.5477 1.8811 decision
36 8.81665 4.02891 objective
ei= -0.008810
37 2.4688 1.8902 decision
37 9.40809 5.59206 objective
ei= -0.005962
38 0.54856 0.80688 decision
38 5.49570 7.33589 objective
ei= -0.008139
39 0.48093 0.7738 decision
39 5.65302 7.70012 objective
ei= -0.007681
40 0.62085 0.84556 decision
40 6.95000 8.40169 objective
ei= -0.007354
41 0.51444 0.89118 decision
41 5.50869 8.11831 objective
ei= -0.009403
42 0.55621 3.875e-06 decision
42 17.38649 16.48819 objective
ei= -0.013528
43 0.45465 0.8195 decision
43 5.27122 7.84676 objective
ei= -0.010176
44 0.50183 0.80349 decision
44 5.32500 7.47741 objective
ei= -0.009392
45 0.48632 0.84172 decision
45 5.11957 7.65958 objective
ei= -0.007568
46 0.53128 0.79008 decision
46 5.43807 7.28876 objective
ei= -0.006056
47 0.57041 0.79299 decision
47 5.65143 7.23325 objective
ei= -0.015207
48 1.9962 2.6841 decision
48 6.03248 10.33464 objective
ei= -0.013232
49 0.41492 0.86049 decision
49 5.00908 8.15387 objective
ei= -0.014192
50 0.39898 0.97524 decision
50 4.60180 8.66570 objective
ei= -0.011406
51 0.4029 0.93796 decision
51 4.57050 8.38401 objective
ei= -0.012292
52 2.6935e-06 0.95699 decision
52 9.56172 13.81571 objective
ei= -0.012786
53 0.4029 1.1029 decision
53 6.58428 10.77962 objective
ei= -0.012866
54 1.608 2.8406 decision
54 3.25119 11.64518 objective
ei= -0.010239
55 1.5847 2.8786 decision
55 3.90167 12.28977 objective
ei= -0.009746
56 1.7195 2.8409 decision
56 8.79528 13.99745 objective
ei= -0.011140
57 1.6012 2.78 decision
57 3.07106 11.25560 objective
ei= -0.008415
58 1.608 2.7524 decision
58 4.11149 11.61107 objective
ei= -0.012704
59 1.6011 2.8178 decision
59 2.42455 11.14159 objective
ei= -0.007947
60 1.5575 2.8171 decision
60 3.16177 11.74915 objective
ei= -0.005356
61 1.5952 2.8138 decision
61 2.38749 11.13369 objective
ei= -0.002587
62 1.5988 2.8084 decision
62 2.41720 11.09632 objective
ei= -0.002662
63 1.5975 2.8175 decision
63 2.38811 11.14217 objective
ei= -0.001527
64 1.5975 2.8117 decisi