1 1.25405 0.49958 decision
1 15.819 13.726 objective
2 1.78693 1.55360 decision
2 18.43 18.226 objective
3 1.00931 2.26608 decision
3 19.411 19.711 objective
4 0.04203 2.75015 decision
4 14.674 19.592 objective
5 1.86445 0.71539 decision
5 15.386 11.236 objective
6 1.50042 2.35063 decision
6 10.51 14.013 objective
7 2.03767 2.13459 decision
7 7.8156 8.4188 objective
8 1.33840 2.92248 decision
8 7.5032 15.143 objective
9 2.39541 0.04645 decision
9 19.147 15.045 objective
10 0.95678 0.67692 decision
10 12.574 11.398 objective
11 2.90907 1.27868 decision
11 14.358 4.9455 objective
12 2.57245 1.05546 decision
12 19.1 17.8 objective
13 0.80611 1.33326 decision
13 12.47 14.307 objective
14 0.19658 0.39791 decision
14 16.4 16.76 objective
15 0.51701 2.46369 decision
15 13.76 18.234 objective
16 2.27547 1.63707 decision
16 14.694 12.54 objective
17 0.37518 0.87521 decision
17 5.0483 8.5273 objective
18 2.75887 0.16958 decision
18 19.497 15.34 objective
19 0.63533 1.84115 decision
19 14.486 17.201 objective
20 1.64852 2.69086 decision
20 5.5356 11.861 objective
21 2.54773 1.85936 decision
21 8.788 3.7924 objective
ei= -0.166662
22 2.9123 1.8594 decision
22 14.40374 9.98904 objective
ei= -0.062074
23 2.5467 2.1747 decision
23 10.09748 7.95279 objective
ei= -0.043243
24 2.4315 1.9326 decision
24 8.92630 5.57700 objective
ei= -0.019525
25 2.5189 3 decision
25 16.09133 16.96997 objective
ei= -0.016894
26 2.5416 1.8903 decision
26 8.80199 4.14336 objective
ei= -0.014131
27 2.5003 1.8694 decision
27 9.24861 4.94752 objective
ei= -0.011677
28 2.5478 1.8264 decision
28 9.47581 4.50265 objective
ei= -0.014790
29 2.5477 1.9718 decision
29 11.73766 8.77715 objective
ei= -0.015563
30 2.4086 1.858 decision
30 11.97787 9.25355 objective
ei= -0.015161
31 2.5477 1.916 decision
31 9.64803 5.50021 objective
ei= -0.016522
32 3 1.3186 decision
32 14.83943 5.64970 objective
ei= -0.012133
33 2.5415 1.7678 decision
33 11.89871 7.71112 objective
ei= -0.012731
34 2.5956 1.8752 decision
34 10.25698 5.66047 objective
ei= -0.023049
35 2.5343 1.9326 decision
35 9.65889 5.75280 objective
ei= -0.011729
36 2.5477 1.8811 decision
36 8.81665 4.02891 objective
ei= -0.008810
37 2.4688 1.8902 decision
37 9.40809 5.59206 objective
ei= -0.005962
38 0.54856 0.80688 decision
38 5.49570 7.33589 objective
ei= -0.008139
39 0.48093 0.7738 decision
39 5.65302 7.70012 objective
ei= -0.007681
40 0.62085 0.84556 decision
40 6.95000 8.40169 objective
ei= -0.007354
41 0.51444 0.89118 decision
41 5.50869 8.11831 objective
ei= -0.009403
42 0.55621 3.875e-06 decision
42 17.38649 16.48819 objective
ei= -0.013528
43 0.45465 0.8195 decision
43 5.27122 7.84676 objective
ei= -0.010176
44 0.50183 0.80349 decision
44 5.32500 7.47741 objective
ei= -0.009392
45 0.48632 0.84172 decision
45 5.11957 7.65958 objective
ei= -0.007568
46 0.53128 0.79008 decision
46 5.43807 7.28876 objective
ei= -0.006056
47 0.57041 0.79299 decision
47 5.65143 7.23325 objective
ei= -0.015207
48 1.9962 2.6841 decision
48 6.03248 10.33464 objective
ei= -0.013232
49 0.41492 0.86049 decision
49 5.00908 8.15387 objective
ei= -0.014192
50 0.39898 0.97524 decision
50 4.60180 8.66570 objective
ei= -0.011406
51 0.4029 0.93796 decision
51 4.57050 8.38401 objective
ei= -0.012292
52 2.6935e-06 0.95699 decision
52 9.56172 13.81571 objective
ei= -0.012786
53 0.4029 1.1029 decision
53 6.58428 10.77962 objective
ei= -0.012866
54 1.608 2.8406 decision
54 3.25119 11.64518 objective
ei= -0.010239
55 1.5847 2.8786 decision
55 3.90167 12.28977 objective
ei= -0.009746
56 1.7195 2.8409 decision
56 8.79528 13.99745 objective
ei= -0.011140
57 1.6012 2.78 decision
57 3.07106 11.25560 objective
ei= -0.008415
58 1.608 2.7524 decision
58 4.11149 11.61107 objective
ei= -0.012704
59 1.6011 2.8178 decision
59 2.42455 11.14159 objective
ei= -0.007947
60 1.5575 2.8171 decision
60 3.16177 11.74915 objective
ei= -0.005356
61 1.5952 2.8138 decision
61 2.38749 11.13369 objective
ei= -0.002587
62 1.5988 2.8084 decision
62 2.41720 11.09632 objective
ei= -0.002662
63 1.5975 2.8175 decision
63 2.38811 11.14217 objective
ei= -0.001527
64 1.5975 2.8117 decision
64 2.39711 11.11321 objective
ei= -0.001507
65 0.5838 3 decision
65 17.16313 19.56301 objective
ei= -0.003086
66 1.591 2.821 decision
66 2.35685 11.18439 objective
ei= -0.001878
67 1.5898 2.8159 decision
67 2.38922 11.17840 objective
ei= -0.002188
68 1.4663 2.8192 decision
68 7.53473 14.26528 objective
ei= -0.003835
69 1.5926 2.8157 decision
69 2.38050 11.15617 objective
ei= -0.001293
70 1.5912 2.592 decision
70 5.87779 11.85051 objective
ei= -0.002380
71 1.5911 2.8029 decision
71 2.60474 11.20463 objective
ei= -0.000908
72 1.5944 2.8228 decision
72 2.38188 11.18771 objective
ei= -0.002705
73 1.5762 2.7918 decision
73 3.56464 11.71049 objective
ei= -0.001950
74 1.5995 2.8339 decision
74 2.66787 11.36410 objective
ei= -0.003176
75 1.6226 2.8112 decision
75 2.78321 11.16261 objective
ei= -0.001917
76 1.6137 2.8098 decision
76 2.53287 11.07749 objective
ei= -0.022754
77 1.22e-06 1.9398 decision
77 12.37919 17.82874 objective
ei= -0.004083
78 0.39304 0.95383 decision
78 4.50797 8.49959 objective
ei= -0.001351
79 0.36999 1.4188 decision
79 13.91307 16.58861 objective
ei= -0.003173
80 2.0795 2.4709 decision
80 10.07701 11.92751 objective
ei= -0.002217
81 0.42746 0.95905 decision
81 4.83572 8.56204 objective
ei= -0.000933
82 0.39697 0.94773 decision
82 4.53209 8.45436 objective
ei= -0.001722
83 0.56041 0.79365 decision
83 5.57379 7.23611 objective
ei= -0.002183
84 0.54436 0.79299 decision
84 5.47806 7.25537 objective
ei= -0.002654
85 0.53704 0.79843 decision
85 5.43304 7.30171 objective
ei= -0.001423
86 0.55361 0.78793 decision
86 5.53329 7.20759 objective
ei= -0.000527
87 0.56549 0.78744 decision
87 5.60735 7.18974 objective
ei= -0.003217
88 2.5448 1.8677 decision
88 8.73193 3.81331 objective
ei= -0.000880
89 0.566 0.71536 decision
89 5.93646 6.99538 objective
ei= -0.008870
90 2.5343 1.8667 decision
90 8.74013 3.91021 objective
ei= -0.002965
91 1.8651 3.3024e-05 decision
91 17.99189 13.44177 objective
ei= -0.004261
92 0.72804 0.72167 decision
92 7.37787 7.33569 objective
ei= -0.006551
93 2.5481 1.866 decision
93 8.75524 3.80181 objective
ei= -0.005068
94 2.5395 1.8733 decision
94 8.68563 3.84621 objective
ei= -0.002666
95 2.5414 1.8627 decision
95 8.76223 3.84280 objective
ei= -0.000982
96 2.5417 1.8705 decision
96 8.70637 3.83069 objective
ei= -0.002316
97 2.5475 1.3929 decision
97 15.97432 12.32611 objective
ei= -0.001103
98 2.5467 1.8667 decision
98 8.74511 3.80621 objective
ei= -0.000770
99 2.5512 1.8596 decision
99 8.79326 3.77055 objective
ei= -0.004175
100 2.5562 1.8681 decision
100 8.84836 3.88167 objective
ei= -0.000968
101 2.5498 1.86 decision
101 8.78656 3.77780 objective
ei= -0.000613
102 2.5506 1.8681 decision
102 8.77620 3.82824 objective
ei= -0.010457
103 3 0.68761 decision
103 19.15831 15.37519 objective
ei= -0.000849
104 2.5528 1.8601 decision
104 8.79864 3.76795 objective
ei= -0.001232
105 2.5387 1.86 decision
105 8.80910 3.91041 objective
ei= -0.001099
106 2.5521 1.8727 decision
106 8.81608 3.91406 objective
ei= -0.001905
107 2.5498 1.8612 decision
107 8.77999 3.77956 objective
ei= -0.001839
108 2.5532 1.8488 decision
108 8.88692 3.78999 objective
ei= -0.001371
109 2.5531 1.8522 decision
109 8.84934 3.76797 objective
ei= -0.001685
110 2.5537 1.855 decision
110 8.82675 3.75488 objective
ei= -0.003701
111 2.5256 1.8593 decision
111 8.98454 4.27099 objective
ei= -0.001016
112 2.5536 1.8595 decision
112 8.80457 3.76443 objective
ei= -0.000809
113 2.5432 1.8541 decision
113 8.86961 3.90398 objective
ei= -0.001319
114 2.5458 1.8568 decision
114 8.81650 3.82824 objective
ei= -0.000648
115 2.5532 1.8554 decision
115 8.82348 3.75767 objective
ei= -0.003747
116 1.996 1.8591 decision
116 12.43048 11.86751 objective
ei= -0.000635
117 2.5544 1.8583 decision
117 8.81272 3.75766 objective
ei= -0.002641
118 2.6748 1.8671 decision
118 12.95562 9.10421 objective
ei= -0.000662
119 2.5544 1.8509 decision
119 8.86096 3.76067 objective
ei= -0.000217
120 2.5172 1.8535 decision
120 9.34558 4.80932 objective
ei= -0.000494
121 2.5356 1.8384 decision
121 9.38247 4.57526 objective
ei= -0.000884
122 2.8112 1.8447 decision
122 11.60133 5.74345 objective
ei= -0.000751
123 2.5311 1.8845 decision
123 8.60942 3.91296 objective
ei= -0.000341
124 2.5249 1.8795 decision
124 8.61984 3.93917 objective
ei= -0.002557
125 2.5416 1.8785 decision
125 8.70358 3.89874 objective
ei= -0.000573
126 2.538 1.8861 decision
126 8.69367 3.98483 objective
ei= -0.000679
127 2.5283 1.898 decision
127 8.62936 4.08535 objective
ei= -0.001465
128 2.5129 1.894 decision
128 8.49609 3.99984 objective
ei= -0.005190
129 2.4918 2.0689 decision
129 12.05981 10.07389 objective
ei= -0.002061
130 2.5123 1.8772 decision
130 8.76362 4.23125 objective
ei= -0.001293
131 2.5314 1.8943 decision
131 8.64996 4.05515 objective
ei= -0.001426
132 2.434 2.1928 decision
132 9.96791 8.61392 objective
ei= -0.003603
133 0.5531 0.87861 decision
133 6.02372 8.22362 objective
ei= -0.001977
134 0.52761 0.76198 decision
134 5.60737 7.27342 objective
ei= -0.001662
135 0.52339 0.79568 decision
135 5.39523 7.34198 objective
ei= -0.001344
136 0.52061 0.78034 decision
136 5.47684 7.32882 objective
ei= -0.003758
137 0.41576 0.79142 decision
137 5.92791 8.45540 objective
ei= -0.002631
138 0.46934 0.93964 decision
138 5.26322 8.50891 objective
ei= -0.002788
139 0.49418 0.96022 decision
139 6.00123 9.05929 objective
ei= -0.001759
140 0.40386 0.91757 decision
140 4.62277 8.28807 objective
ei= -0.001173
141 0.43301 0.91901 decision
141 4.75340 8.21181 objective
ei= -0.002052
142 0.39668 0.92521 decision
142 4.57713 8.34758 objective
ei= -0.001780
143 1.614 2.775 decision
143 2.85259 11.04164 objective
ei= -0.017698
144 1.5959 3 decision
144 7.61108 14.49990 objective
ei= -0.004118
145 1.5738 2.7438 decision
145 6.51659 12.99588 objective
ei= -0.002841
146 1.8199 2.7937 decision
146 7.53933 12.69119 objective
ei= -0.001653
147 1.6066 2.8024 decision
147 2.44088 11.02884 objective
ei= -0.000939
148 1.6017 2.8064 decision
148 2.42417 11.07168 objective
ei= -0.001399
149 1.6024 2.8095 decision
149 2.40985 11.07892 objective
ei= -0.001555
150 1.6008 2.8089 decision
150 2.41014 11.08456 objective
ei= -0.001842
151 1.6041 2.8108 decision
151 2.41824 11.08047 objective
ei= -0.001116
152 1.6036 2.8069 decision
152 2.41952 11.06155 objective
ei= -0.000638
153 1.6122 2.804 decision
153 2.46014 11.01558 objective
ei= -0.003453
154 1.6056 2.8151 decision
154 2.46076 11.11851 objective
ei= -0.002333
155 1.6032 2.8137 decision
155 2.42090 11.10391 objective
ei= -0.001158
156 1.6019 2.8053 decision
156 2.43183 11.06821 objective
ei= -0.002042
157 1.6001 2.8056 decision
157 2.43731 11.08284 objective
ei= -0.001335
158 1.6039 2.8105 decision
158 2.41623 11.07909 objective
ei= -0.000997
159 1.605 2.809 decision
159 2.42133 11.06617 objective
ei= -0.001539
160 1.6105 2.8135 decision
160 2.52246 11.11205 objective
ei= -0.000435
161 1.6157 2.8608 decision
161 4.82507 12.49240 objective
ei= -0.001704
162 1.5973 2.7991 decision
162 2.57761 11.13328 objective
ei= -0.007419
163 1.6048 3 decision
163 7.23671 14.29816 objective
ei= -0.000690
164 1.5998 2.8024 decision
164 2.48064 11.08823 objective
ei= -0.002848
165 1.6015 2.7281 decision
165 5.93205 12.48819 objective
ei= -0.004349
166 1.8164 2.8071 decision
166 7.03081 12.47006 objective
ei= -0.012758
167 1.6026 3 decision
167 7.33446 14.35054 objective
ei= -0.001817
168 0.44202 0.91192 decision
168 4.81063 8.15351 objective
ei= -0.001257
169 0.44572 0.92619 decision
169 4.87479 8.27070 objective
ei= -0.000736
170 0.44031 0.88799 decision
170 4.82585 8.02272 objective
ei= -0.000320
171 0.42839 0.90177 decision
171 4.74628 8.12566 objective
ei= -0.001523
172 0.399 0.86414 decision
172 5.04030 8.30253 objective
ei= -0.001470
173 0.56498 0.81291 decision
173 5.65764 7.40834 objective
ei= -0.002186
174 0.54399 0.75789 decision
174 5.62686 7.15276 objective
ei= -0.002029
175 0.54421 0.83141 decision
175 5.51252 7.54232 objective
ei= -0.002915
176 0.54731 0.74941 decision
176 5.68485 7.12484 objective
ei= -0.002689
177 0.49067 0.78266 decision
177 5.51118 7.57276 objective
ei= -0.001281
178 0.59822 0.73761 decision
178 5.84638 6.84346 objective
ei= -0.002044
179 0.67464 0.74316 decision
179 6.65726 7.12757 objective
ei= -0.001079
180 0.69622 0.74906 decision
180 7.10929 7.46104 objective
ei= -0.000900
181 0.53205 0.73487 decision
181 5.84981 7.27806 objective
ei= -0.000562
182 0.58169 0.72861 decision
182 5.83212 6.88215 objective
ei= -0.001423
183 2.5433 1.8874 decision
183 8.80040 4.10076 objective
ei= -0.001083
184 2.5561 1.893 decision
184 9.26491 4.69965 objective
ei= -0.011584
185 3 1.881 decision
185 15.11256 10.89078 objective
ei= -0.001521
186 2.5281 1.8346 decision
186 9.72005 5.09707 objective
ei= -0.000279
187 2.5314 1.8834 decision
187 8.61295 3.90550 objective
ei= -0.000559
188 2.5654 1.8818 decision
188 9.29231 4.56251 objective
ei= -0.003208
189 2.6346 1.8631 decision
189 11.54074 7.18425 objective
ei= -0.000288
190 2.5389 1.8447 decision
190 9.12815 4.23344 objective
ei= -0.000174
191 2.5314 1.8085 decision
191 10.66497 6.24149 objective
ei= -0.000013
192 2.558 1.9094 decision
192 9.85302 5.65360 objective
ei= -0.005521
193 2.7686 1.8029 decision
193 13.50168 8.97440 objective
ei= -0.001124
194 2.584 1.8901 decision
194 10.29477 5.92707 objective
ei= -0.000351
195 2.508 1.8714 decision
195 8.99455 4.54279 objective
ei= -0.000199
196 2.5242 1.8524 decision
196 9.20868 4.54496 objective
ei= -0.000465
197 2.54 2.0151 decision
197 12.31354 9.84625 objective
ei= -0.001034
198 2.5164 1.8655 decision
198 8.98951 4.41279 objective
ei= -0.000731
199 2.4883 1.8519 decision
199 10.34024 6.43407 objective
ei= -0.001100
200 2.5535 1.7463 decision
200 12.26181 8.03506 objective
ei= -0.001504
201 2.5512 1.8751 decision
201 8.82219 3.95227 objective
ei= -0.000489
202 2.5337 1.8738 decision
202 8.66608 3.87424 objective
ei= -0.000168
203 2.3646 1.8781 decision
203 11.64133 9.18632 objective
ei= -0.000290
204 2.6055 1.8728 decision
204 10.60606 6.07727 objective
ei= -0.000281
205 2.5299 1.8697 decision
205 8.72149 3.95048 objective
ei= -0.000414
206 2.5419 1.846 decision
206 9.04640 4.09837 objective
ei= -0.000158
207 2.5411 1.8454 decision
207 9.07326 4.13947 objective
ei= -0.000281
208 2.536 1.8719 decision
208 8.68250 3.85980 objective
ei= -0.000119
209 3 0.00015165 decision
209 19.99967 12.87172 objective
ei= -0.000130
210 2.5999 1.8435 decision
210 9.48424 4.20484 objective
ei= -0.000081
211 2.5327 1.8664 decision
211 8.75318 3.94138 objective
ei= -0.002856
212 2.5495 1.8437 decision
212 8.99517 3.93551 objective
ei= -0.000143
213 2.5269 1.874 decision
213 8.67832 3.95416 objective
ei= -0.000138
214 2.5338 1.8891 decision
214 8.65117 3.98930 objective
ei= -0.000620
215 2.6943 1.8945 decision
215 12.77367 8.87375 objective
ei= -0.001256
216 2.6069 1.9456 decision
216 12.66593 9.55718 objective
ei= -0.033714
217 3 2.5767 decision
217 16.85856 16.07194 objective
ei= -0.002180
218 0.6623 0.78097 decision
218 6.86194 7.65394 objective
ei= -0.001038
219 0.57742 0.74173 decision
219 5.75879 6.93415 objective
ei= -0.004382
220 0.64404 0.71063 decision
220 6.14647 6.62123 objective
ei= -0.000768
221 0.59419 0.71975 decision
221 5.89884 6.79675 objective
ei= -0.001287
222 0.60423 0.7164 decision
222 5.93717 6.73976 objective
ei= -0.003449
223 0.53989 0.74273 decision
223 5.74863 7.18718 objective
ei= -0.002299
224 0.56927 0.82716 decision
224 5.78631 7.58674 objective
ei= -0.003817
225 0.4835 0.76395 decision
225 5.75976 7.71102 objective
ei= -0.003491
226 0.57381 0.85084 decision
226 6.06952 7.95663 objective
ei= -0.002864
227 0.53586 0.82168 decision
227 5.41381 7.44824 objective
ei= -0.001243
228 0.43486 0.87381 decision
228 4.87540 8.00563 objective
ei= -0.001406
229 0.40712 0.91399 decision
229 4.64401 8.26074 objective
ei= -0.001515
230 0.45729 0.90759 decision
230 4.92443 8.11728 objective
ei= -0.000743
231 0.42623 0.88637 decision
231 4.80042 8.08286 objective
ei= -0.001182
232 0.45262 0.91599 decision
232 4.90609 8.18636 objective
ei= -0.000688
233 1.6312 2.7795 decision
233 2.54997 10.80917 objective
ei= -0.000562
234 1.591 2.7886 decision
234 3.08764 11.36960 objective
ei= -0.020865
235 4.015e-07 0.83583 decision
235 12.25848 15.07521 objective
ei= -0.001195
236 1.5501 2.7861 decision
236 5.33003 12.69870 objective
ei= -0.000947
237 1.6256 2.6806 decision
237 7.29370 12.90613 objective
ei= -0.000173
238 1.5442 2.8089 decision
238 4.26460 12.31537 objective
ei= -0.002199
239 1.6865 2.817 decision
239 6.80271 12.97013 objective
ei= -0.000485
240 1.4074 2.8015 decision
240 6.31114 13.87991 objective
ei= -0.000430
241 2.0913 2.8084 decision
241 10.58118 13.58845 objective
ei= -0.000173
242 1.5814 2.8043 decision
242 2.81318 11.37211 objective
ei= -0.000551
243 1.5257 2.8045 decision
243 5.61157 13.03856 objective
ei= -0.002305
244 1.5996 2.6395 decision
244 8.00825 13.24250 objective
ei= -0.000246
245 1.6327 2.8138 decision
245 3.27013 11.37164 objective
ei= -0.000113
246 1.5972 2.8524 decision
246 3.24895 11.76732 objective
ei= -0.009457
247 1.5908 3 decision
247 7.80065 14.60379 objective
ei= -0.001014
248 1.6166 2.8317 decision
248 3.27476 11.56134 objective
ei= -0.000047
249 1.5388 2.8118 decision
249 4.40174 12.42400 objective
ei= -0.000688
250 1.6379 2.7995 decision
250 2.95844 11.10015 objective
127.404
