1 4.08990 -0.39030 decision
1 4.0516 2.0566 objective
2 5.16793 2.21727 decision
2 4.418 2.6151 objective
3 3.59478 3.97989 decision
3 2.4422 4.1372 objective
4 1.63794 5.17745 decision
4 0.24211 3.5887 objective
5 5.32474 0.14362 decision
5 5.1061 3.0091 objective
6 4.58831 4.18905 decision
6 3.3478 4.1353 objective
7 5.67518 3.65460 decision
7 4.5359 3.1005 objective
8 4.26053 5.60377 decision
8 2.665 4.5446 objective
9 6.39891 -1.51128 decision
9 6.572 3.5113 objective
10 3.48851 0.04843 decision
10 3.3571 2.5912 objective
11 7.43806 1.53715 decision
11 6.7868 2.5096 objective
12 6.75706 0.98492 decision
12 6.2719 2.9797 objective
13 3.18370 1.67218 decision
13 2.6424 3.4313 objective
14 1.95061 -0.64180 decision
14 2.0503 3.4762 objective
15 2.59884 4.46878 decision
15 1.3537 3.5497 objective
16 6.15626 2.42377 decision
16 5.3192 2.0383 objective
17 2.31192 0.53899 decision
17 2.0936 2.5121 objective
18 7.13419 -1.20667 decision
18 7.2034 3.0331 objective
19 2.83821 2.92865 decision
19 1.9835 3.5161 objective
20 4.88791 5.03077 decision
20 3.4193 4.2937 objective
21 6.70704 2.97369 decision
21 5.7089 2.0557 objective
ei= -0.030144
22 7.1231 2.4389 decision
22 6.24919 2.43916 objective
ei= -0.015783
23 6.3165 2.8383 decision
23 5.36667 1.72188 objective
ei= -0.006184
24 6.3846 2.7827 decision
24 5.44685 1.92308 objective
ei= -0.006635
25 6.2154 2.8625 decision
25 5.26277 1.37307 objective
ei= -0.005088
26 6.2154 3.0095 decision
26 5.22472 0.93216 objective
ei= -0.005485
27 6.2154 3.072 decision
27 5.20852 1.28206 objective
ei= -0.004690
28 6.0944 3.0095 decision
28 5.10780 1.62690 objective
ei= -0.003258
29 6.2329 3.0095 decision
29 5.24164 0.56891 objective
ei= -0.002751
30 6.2262 3.0035 decision
30 5.23671 0.65976 objective
ei= -0.002617
31 6.224 3.0095 decision
31 5.23300 0.80855 objective
ei= -0.002827
32 6.2432 3.0062 decision
32 5.25244 0.78267 objective
ei= -0.003159
33 6.233 3.0381 decision
33 5.23426 0.96645 objective
ei= -0.001761
34 6.2327 2.9532 decision
34 5.25601 1.09701 objective
ei= -0.001023
35 6.1713 3.0031 decision
35 5.18373 1.25773 objective
ei= -0.002126
36 7.6219 3.0976 decision
36 6.56049 1.89089 objective
ei= -0.000731
37 6.2329 2.9934 decision
37 5.24578 0.76607 objective
ei= -0.047711
38 4.094 -0.39032 decision
38 4.05554 2.06473 objective
ei= -0.004485
39 4.0638 -1.2358 decision
39 4.24520 2.87497 objective
ei= -0.003801
40 4.0736 -0.2532 decision
40 4.00036 1.73213 objective
ei= -0.010680
41 4.0884 0.48434 decision
41 3.82372 2.44920 objective
ei= -0.001843
42 3.9863 -0.26295 decision
42 3.91856 1.39995 objective
ei= -0.008494
43 2.5955 0.3891 decision
43 2.40633 2.25214 objective
ei= -0.001608
44 2.681 0.28423 decision
44 2.51606 2.39450 objective
ei= -0.001516
45 2.5443 0.42557 decision
45 2.34741 2.08716 objective
ei= -0.001147
46 2.5204 0.4408 decision
46 2.32047 1.97613 objective
ei= -0.000979
47 2.5154 0.20019 decision
47 2.37784 1.41125 objective
ei= -0.020327
48 1.5529 1.3744 decision
48 1.14431 4.15548 objective
ei= -0.002671
49 2.3128 0.82744 decision
49 2.01985 2.42401 objective
ei= -0.001065
50 2.3257 0.99824 decision
50 1.98810 2.30022 objective
ei= -0.000693
51 2.319 1.7044 decision
51 1.79880 2.01016 objective
ei= -0.002518
52 2.3146 1.9029 decision
52 1.74319 1.91442 objective
ei= -0.017210
53 2.0346 4.0425 decision
53 0.91900 3.00730 objective
ei= -0.001754
54 1.9532 3.5794 decision
54 0.96026 3.34941 objective
ei= -0.001738
55 2.1382 5.7955 decision
55 0.56532 3.45851 objective
ei= -0.001278
56 2.1129 4.1646 decision
56 0.96303 2.57249 objective
ei= -0.000904
57 2.1261 4.2153 decision
57 0.96263 2.42901 objective
ei= -0.016652
58 1.553 5.7955 decision
58 0.00010 2.54057 objective
ei= -0.000089
59 1.5529 5.7433 decision
59 0.01353 3.12817 objective
ei= -0.000892
60 1.6701 5.7955 decision
60 0.11318 2.90446 objective
ei= -0.000014
61 1.553 2.6592 decision
61 0.81179 4.16437 objective
ei= -0.000329
62 1.5529 4.6787 decision
62 0.28905 3.93805 objective
ei= -0.000020
63 1.5529 5.5955 decision
63 0.05179 3.42731 objective
ei= -0.000003
64 1.553 5.7955 decision
64 0.00008 2.58683 objective
ei= -0.000014
65 1.5529 5.7955 decision
65 0.00005 2.58225 objective
ei= -0.000046
66 1.5529 5.7954 decision
66 0.00007 2.60813 objective
ei= -0.000152
67 1.553 5.7953 decision
67 0.00012 2.62172 objective
ei= -0.003820
68 1.8578 5.7955 decision
68 0.29455 3.14910 objective
ei= -0.001514
69 1.5529 3.2873 decision
69 0.64920 4.13940 objective
ei= -0.000767
70 1.5529 4.975 decision
70 0.21237 3.84262 objective
ei= -0.002064
71 1.5859 5.7956 decision
71 0.03188 2.75992 objective
ei= -0.001635
72 1.553 4.3433 decision
72 0.37596 4.01476 objective
ei= -0.005786
73 2.3392 4.2116 decision
73 1.16942 3.01418 objective
ei= -0.002527
74 2.0798 4.2285 decision
74 0.91453 2.73495 objective
ei= -0.001625
75 2.126 4.1965 decision
75 0.96743 2.44671 objective
ei= -0.005213
76 2.1261 3.8353 decision
76 1.06100 2.66372 objective
ei= -0.002153
77 2.1205 3.9106 decision
77 1.03612 2.66314 objective
ei= -0.014229
78 2.1261 1.8437 decision
78 1.57642 2.98528 objective
ei= -0.010583
79 2.265 2.0772 decision
79 1.65018 2.32874 objective
ei= -0.007912
80 2.4253 1.9799 decision
80 1.83016 2.50678 objective
ei= -0.007142
81 2.3146 2.2855 decision
81 1.64416 1.82125 objective
ei= -0.006598
82 2.3085 2.4435 decision
82 1.59737 1.91176 objective
ei= -0.013336
83 2.5202 -0.017053 decision
83 2.43874 1.78911 objective
ei= -0.010220
84 2.5204 -1.6259 decision
84 2.85534 2.84332 objective
ei= -0.009336
85 2.5205 0.09932 decision
85 2.40890 1.51135 objective
ei= -0.010590
86 2.5154 -0.50638 decision
86 2.56072 2.28870 objective
ei= -0.006749
87 2.3146 2.3551 decision
87 1.62617 1.91485 objective
ei= -0.002887
88 2.5088 0.1714 decision
88 2.37898 1.46835 objective
ei= -0.001832
89 2.5204 0.19034 decision
89 2.38530 1.48962 objective
ei= -0.002341
90 2.4905 0.20037 decision
90 2.35376 1.68759 objective
ei= -0.002322
91 2.5154 0.14651 decision
91 2.39173 1.41932 objective
ei= -0.002117
92 2.5154 0.16144 decision
92 2.38792 1.31411 objective
ei= -0.007150
93 3.9591 0.16144 decision
93 3.78239 2.23493 objective
ei= -0.006566
94 4.6136 -0.26405 decision
94 4.52474 2.66958 objective
ei= -0.016386
95 2.5343 -0.26291 decision
95 2.51598 2.02009 objective
ei= -0.023437
96 7.5346 5.7955 decision
96 5.77791 2.59000 objective
ei= -0.002612
97 7.622 -0.2629 decision
97 7.43029 2.50047 objective
ei= -0.009360
98 6.2342 4.4687 decision
98 4.86521 3.00563 objective
ei= -0.003323
99 6.2298 3.0195 decision
99 5.23598 0.83268 objective
ei= -0.003305
100 6.237 3.0141 decision
100 5.24435 0.53319 objective
ei= -0.002592
101 6.2361 2.9995 decision
101 5.24723 0.73793 objective
ei= -0.002375
102 6.2545 3.013 decision
102 5.26155 0.87803 objective
ei= -0.007312
103 6.237 3.3308 decision
103 5.16239 1.84966 objective
ei= -0.002730
104 6.2329 1.9029 decision
104 5.52804 2.55790 objective
ei= -0.002401
105 6.2337 3.0141 decision
105 5.24123 0.66494 objective
ei= -0.003844
106 3.9953 2.4512 decision
106 3.22473 3.71572 objective
ei= -0.007541
107 6.237 3.0094 decision
107 5.24556 0.52475 objective
ei= -0.002619
108 6.237 3.0115 decision
108 5.24502 0.34497 objective
ei= -0.005610
109 6.237 -0.26293 decision
109 6.09253 3.36100 objective
ei= -0.023323
110 7.622 0.60121 decision
110 7.20669 2.44503 objective
ei= -0.013617
111 6.237 5.7955 decision
111 4.52452 3.74684 objective
ei= -0.013300
112 7.4281 3.9683 decision
112 6.14793 1.22887 objective
ei= -0.011269
113 5.4365 3.0115 decision
113 4.47178 2.92470 objective
ei= -0.003892
114 7.2822 4.2154 decision
114 5.94305 1.07780 objective
ei= -0.006336
115 7.2952 3.7264 decision
115 6.08219 1.57539 objective
ei= -0.007056
116 7.5425 -1.6262 decision
116 7.70637 2.63416 objective
ei= -0.022286
117 7.3942 4.837 decision
117 5.89030 1.94745 objective
ei= -0.000540
118 6.2299 3.0122 decision
118 5.23806 0.72817 objective
ei= -0.001336
119 6.2394 3.0115 decision
119 5.24740 0.57552 objective
ei= -0.000734
120 6.2369 3.025 decision
120 5.24144 0.77749 objective
ei= -0.000438
121 6.2368 3.005 decision
121 5.24649 0.65228 objective
ei= -0.000371
122 6.2477 3.0115 decision
122 5.25534 0.79159 objective
ei= -0.002214
123 3.8429 -0.27501 decision
123 3.78313 1.58123 objective
ei= -0.001032
124 2.5187 0.15967 decision
124 2.39152 1.16115 objective
ei= -0.002141
125 3.983 -0.71737 decision
125 4.03294 2.33704 objective
ei= -0.002218
126 6.9562 3.1875 decision
126 5.89416 2.00734 objective
ei= -0.000584
127 7.263 5.2116 decision
127 5.66669 2.39819 objective
ei= -0.001126
128 2.5267 0.1592 decision
128 2.39942 1.48898 objective
ei= -0.000130
129 2.3684 0.15967 decision
129 2.24633 2.42645 objective
ei= -0.000427
130 4.3021 0.16041 decision
130 4.11399 1.17156 objective
ei= -0.002964
131 2.5187 1.2875 decision
131 2.09961 2.54223 objective
ei= -0.000315
132 4.3725 0.95882 decision
132 3.97537 2.56101 objective
ei= -0.001067
133 2.3162 2.2437 decision
133 1.65655 1.79377 objective
ei= -0.002672
134 2.3145 2.2146 decision
134 1.66250 1.68631 objective
ei= -0.000018
135 2.4775 -0.080773 decision
135 2.41399 2.11564 objective
ei= -0.000174
136 2.4934 2.2621 decision
136 1.82294 2.82319 objective
ei= -0.003193
137 2.3146 2.1681 decision
137 1.67459 1.53167 objective
ei= -0.005935
138 2.2512 2.4018 decision
138 1.55291 2.32561 objective
ei= -0.004903
139 2.2906 2.3218 decision
139 1.61164 1.93238 objective
ei= -0.004967
140 2.3103 2.5172 decision
140 1.58006 2.01993 objective
ei= -0.004061
141 2.3005 2.4768 decision
141 1.58110 1.78054 objective
ei= -0.003481
142 2.3027 2.4935 decision
142 1.57889 1.86341 objective
ei= -0.001858
143 2.1263 4.1216 decision
143 0.98714 2.50435 objective
ei= -0.002865
144 2.1263 3.7352 decision
144 1.08708 2.70164 objective
ei= -0.001720
145 2.1261 3.1127 decision
145 1.24798 2.85667 objective
ei= -0.001412
146 2.1263 4.2053 decision
146 0.96545 2.43612 objective
ei= -0.002266
147 2.1703 4.2142 decision
147 1.00563 2.09343 objective
ei= -0.000905
148 1.5607 5.7955 decision
148 0.00750 2.67399 objective
ei= -0.002494
149 1.553 5.3771 decision
149 0.10839 3.63432 objective
ei= -0.000768
150 1.5529 5.7829 decision
150 0.00327 2.90951 objective
ei= -0.000110
151 1.553 5.6822 decision
151 0.02938 3.28825 objective
ei= -0.000289
152 1.6227 5.7955 decision
152 0.06739 2.83065 objective
ei= -0.000518
153 1.5529 5.7955 decision
153 0.00002 2.54213 objective
ei= -0.000472
154 1.553 5.7955 decision
154 0.00006 2.55390 objective
ei= -0.000569
155 1.5529 5.7955 decision
155 0.00002 2.57679 objective
ei= -0.000576
156 1.5529 5.7955 decision
156 0.00004 2.55554 objective
ei= -0.000526
157 1.5529 5.7955 decision
157 0.00002 2.58685 objective
ei= -0.001665
158 1.7404 5.7955 decision
158 0.18112 3.00185 objective
ei= -0.000638
159 1.5533 5.2621 decision
159 0.13843 3.70752 objective
ei= -0.000115
160 1.5533 4.8292 decision
160 0.25047 3.89303 objective
ei= -0.000505
161 1.5532 3.9829 decision
161 0.46946 4.07272 objective
ei= -0.001310
162 1.6026 5.7701 decision
162 0.05456 2.66106 objective
ei= -0.004249
163 2.1703 3.4364 decision
163 1.20700 2.55063 objective
ei= -0.003110
164 2.1718 4.2767 decision
164 0.99087 2.24389 objective
ei= -0.002531
165 2.1797 4.2457 decision
165 1.00652 2.28975 objective
ei= -0.003072
166 2.1718 4.0817 decision
166 1.04136 1.92372 objective
ei= -0.004625
167 2.1707 4.5154 decision
167 0.92804 2.54354 objective
ei= -0.003176
168 2.3081 1.4977 decision
168 1.84185 2.21847 objective
ei= -0.000672
169 2.201 2.5044 decision
169 1.47785 2.61428 objective
ei= -0.003738
170 2.2832 3.2931 decision
170 1.35310 2.34045 objective
ei= -0.000436
171 2.2985 2.7262 decision
171 1.51461 2.05766 objective
ei= -0.000648
172 2.172 4.067 decision
172 1.04539 1.96807 objective
ei= -0.000235
173 2.9409 0.029973 decision
173 2.83297 2.55453 objective
ei= -0.000158
174 2.3011 2.1681 decision
174 1.66154 1.89225 objective
ei= -0.001731
175 2.3146 2.1532 decision
175 1.67846 1.42894 objective
ei= -0.002760
176 3.2695 -0.99481 decision
176 3.41561 1.87784 objective
ei= -0.004905
177 2.3187 2.1372 decision
177 1.68651 1.65081 objective
ei= -0.002044
178 4.979 -0.92569 decision
178 5.04891 3.32379 objective
ei= -0.000511
179 3.3398 -1.6262 decision
179 3.64690 2.64973 objective
ei= -0.000925
180 2.5187 0.23554 decision
180 2.37187 1.61263 objective
ei= -0.003978
181 5.8231 1.1944 decision
181 5.31550 2.73794 objective
ei= -0.001996
182 3.2484 -0.32072 decision
182 3.22077 2.32189 objective
ei= -0.017281
183 4.3006 -0.17827 decision
183 4.20016 2.13347 objective
ei= -0.002459
184 4.2151 0.15969 decision
184 4.03011 1.52984 objective
ei= -0.001039
185 4.3289 0.20025 decision
185 4.12957 1.12898 objective
ei= -0.001256
186 3.6526 -0.97127 decision
186 3.77950 2.23312 objective
ei= -0.001328
187 7.622 2.1534 decision
187 6.80493 2.21168 objective
ei= -0.004210
188 6.2369 2.6417 decision
188 5.34069 1.88008 objective
ei= -0.001712
189 6.2459 3.0214 decision
189 5.25105 0.53227 objective
ei= -0.001306
190 6.2824 3.0228 decision
190 5.28601 1.07720 objective
ei= -0.001435
191 6.2469 3.03 decision
191 5.24984 0.61016 objective
ei= -0.015959
192 7.6219 4.1019 decision
192 6.30059 0.79955 objective
ei= -0.014315
193 6.4928 3.0299 decision
193 5.48734 1.74290 objective
ei= -0.028078
194 4.4456 -1.6262 decision
194 4.71500 3.35085 objective
ei= -0.041224
195 7.5606 4.3266 decision
195 6.18316 1.08511 objective
ei= -0.028019
196 7.2828 0.2002 decision
196 6.98280 2.81655 objective
ei= -0.028154
197 6.8694 4.0855 decision
197 5.57791 1.66594 objective
ei= -0.038253
198 7.622 3.859 decision
198 6.36351 1.30803 objective
ei= -0.011075
199 4.8484 1.4759 decision
199 4.30120 2.34896 objective
ei= -0.024785
200 7.3556 3.0112 decision
200 6.32559 2.10792 objective
ei= -0.012587
201 1.5529 -1.401 decision
201 1.86261 4.05437 objective
ei= -0.008880
202 3.0512 -1.1384 decision
202 3.24192 2.08111 objective
ei= -0.011940
203 5.9134 3.0141 decision
203 4.93179 2.13393 objective
ei= -0.018065
204 7.0869 3.5695 decision
204 5.92160 1.68555 objective
ei= -0.018166
205 7.1837 4.0668 decision
205 5.88637 0.62907 objective
ei= -0.011104
206 3.7457 0.20012 decision
206 3.56630 2.54646 objective
ei= -0.005460
207 2.7849 -0.888 decision
207 2.91982 1.98747 objective
ei= -0.004191
208 7.6219 4.1749 decision
208 6.28169 0.34953 objective
ei= -0.000707
209 6.2512 3.0035 decision
209 5.26082 0.92392 objective
ei= -0.001249
210 6.2753 3.1357 decision
210 5.24994 1.19321 objective
ei= -0.001263
211 6.2481 2.9963 decision
211 5.25974 0.94963 objective
ei= -0.000746
212 6.2905 3.0381 decision
212 5.28983 1.04982 objective
ei= -0.001410
213 4.3347 0.12015 decision
213 4.15587 1.59169 objective
ei= -0.003282
214 4.2638 0.20042 decision
214 4.06665 1.42607 objective
ei= -0.000471
215 4.3136 0.25111 decision
215 4.10161 1.34138 objective
ei= -0.001002
216 4.406 0.21847 decision
216 4.19929 1.57821 objective
ei= -0.005178
217 7.0374 4.6542 decision
217 5.59305 2.14407 objective
ei= -0.000587
218 2.5186 -1.0112 decision
218 2.69454 2.57029 objective
ei= -0.000271
219 2.56 0.13513 decision
219 2.43777 1.80783 objective
ei= -0.000840
220 5.5678 1.6661 decision
220 4.94689 2.01195 objective
ei= -0.000637
221 2.5154 0.074837 decision
221 2.41029 1.65891 objective
ei= -0.000961
222 3.1338 -0.85212 decision
222 3.24757 1.31774 objective
ei= -0.000275
223 2.7575 0.18007 decision
223 2.61697 2.45941 objective
ei= -0.000025
224 2.3146 2.1239 decision
224 1.68606 1.53620 objective
ei= -0.000055
225 2.3062 2.1461 decision
225 1.67218 1.80986 objective
ei= -0.000005
226 2.3171 -0.15106 decision
226 2.27727 2.68323 objective
ei= -0.000036
227 2.2956 2.1265 decision
227 1.66696 2.01450 objective
ei= -0.000026
228 2.3079 2.3708 decision
228 1.61561 1.79371 objective
ei= -0.000777
229 2.3035 2.637 decision
229 1.54251 2.04113 objective
ei= -0.000104
230 2.294 2.7665 decision
230 1.49982 2.03397 objective
ei= -0.000084
231 2.2875 2.446 decision
231 1.57653 1.85907 objective
ei= -0.002301
232 2.2878 4.0817 decision
232 1.15344 2.79883 objective
ei= -0.003870
233 2.185 4.3993 decision
233 0.97193 2.51753 objective
ei= -0.003084
234 2.1742 4.1477 decision
234 1.02663 1.99761 objective
ei= -0.003344
235 2.1827 4.1797 decision
235 1.02651 2.22417 objective
ei= -0.002556
236 2.1717 4.1871 decision
236 1.01406 2.05332 objective
ei= -0.002661
237 2.1706 4.1366 decision
237 1.02603 1.77449 objective
ei= -0.001919
238 1.6968 5.7651 decision
238 0.14683 2.80786 objective
ei= -0.001328
239 1.5977 5.7955 decision
239 0.04332 2.78429 objective
ei= -0.001750
240 1.7895 5.7955 decision
240 0.22858 3.06502 objective
ei= -0.001524
241 1.6131 5.7215 decision
241 0.07731 2.95015 objective
ei= -0.001921
242 1.646 5.7955 decision
242 0.08996 2.86847 objective
ei= -0.000753
243 1.5529 5.7955 decision
243 0.00004 2.57914 objective
ei= -0.000626
244 1.5529 5.7955 decision
244 0.00001 2.57267 objective
ei= -0.000780
245 1.5529 5.7955 decision
245 0.00002 2.57289 objective
ei= -0.000641
246 1.5529 5.7955 decision
246 0.00002 2.58065 objective
ei= -0.000756
247 1.5529 5.6485 decision
247 0.03806 3.34972 objective
ei= -0.001705
248 1.553 5.7673 decision
248 0.00740 3.02205 objective
ei= -0.001200
249 1.5799 5.7879 decision
249 0.02808 2.52031 objective
ei= -0.001529
250 1.6312 5.7873 decision
250 0.07774 2.78297 objective
127.06
