1 -0.43621 -3.28218 0.78391 decision
1 -0.43621 4.2244 objective
2 0.17184 -1.85464 -3.51249 decision
2 0.17184 4.2493 objective
3 2.27919 -4.90806 4.14096 decision
3 2.2792 2.1392 objective
4 0.79544 4.45465 -4.84330 decision
4 0.79544 3.626 objective
5 -2.20394 -0.40996 -2.27829 decision
5 -2.2039 3.5493 objective
6 2.82812 -1.25877 -0.51127 decision
6 2.8281 2.8862 objective
7 1.72157 -1.96954 -2.58174 decision
7 1.7216 3.4286 objective
8 1.24786 0.63128 2.17867 decision
8 1.2479 2.8654 objective
9 -0.89850 2.14951 -3.11126 decision
9 -0.8985 2.7891 objective
10 2.58379 -2.21622 -1.75368 decision
10 2.5838 3.0737 objective
11 2.40484 1.33419 1.69697 decision
11 2.4048 3.1196 objective
12 -1.12709 -4.56997 4.93763 decision
12 -1.1271 4.8984 objective
13 -0.36585 2.89533 3.48981 decision
13 -0.36585 3.7565 objective
14 0.74904 -2.76769 2.79010 decision
14 0.74904 3.3263 objective
15 -3.07038 4.36111 3.29008 decision
15 -3.0704 4.6456 objective
16 -1.74723 -3.97807 -2.14798 decision
16 -1.7472 3.8141 objective
17 -2.12341 1.61387 -4.38979 decision
17 -2.1234 3.1038 objective
18 1.41552 0.05206 -3.94494 decision
18 1.4155 3.4419 objective
19 -1.31893 2.34248 -1.48498 decision
19 -1.3189 3.4444 objective
20 -2.63567 3.84270 -0.26655 decision
20 -2.6357 4.3034 objective
21 -0.05443 -1.21001 1.41503 decision
21 -0.054433 3.7864 objective
22 0.26021 3.38025 2.87123 decision
22 0.26021 3.005 objective
23 -1.39076 -0.09649 -3.35614 decision
23 -1.3908 3.0802 objective
24 1.89676 -3.10591 4.62319 decision
24 1.8968 1.9871 objective
25 1.15719 1.24380 1.08712 decision
25 1.1572 2.9638 objective
26 -1.89486 -0.78784 -4.29111 decision
26 -1.8949 2.6561 objective
27 3.10526 -3.53077 0.17467 decision
27 3.1053 1.3384 objective
28 -0.65703 4.86758 2.21749 decision
28 -0.65703 3.5525 objective
29 2.00385 0.60546 -0.99589 decision
29 2.0039 3.4913 objective
30 0.48210 -4.12076 0.49467 decision
30 0.4821 3.934 objective
31 -2.80992 2.77998 3.99294 decision
31 -2.8099 4.7333 objective
32 -2.40163 3.55440 -0.65270 decision
32 -2.4016 4.317 objective
ei= -0.046054
33 3.1415 -3.8048 2.3694 decision
33 3.14155 2.39436 objective
ei= -0.022482
34 3.1053 -4.9997 0.17467 decision
34 3.10527 0.34612 objective
ei= -0.014545
35 3.1416 -5 -0.42396 decision
35 3.14158 0.78499 objective
ei= -0.005752
36 3.1416 -4.9999 0.25816 decision
36 3.14157 0.68226 objective
ei= -0.008518
37 2.959 -5 0.1233 decision
37 2.95902 1.41586 objective
ei= -0.005522
38 3.1154 -5 -0.059446 decision
38 3.11536 0.70321 objective
ei= -0.002912
39 3.1053 -4.9998 -3.885 decision
39 3.10531 1.75334 objective
ei= -0.003690
40 3.1287 -4.9999 0.17467 decision
40 3.12871 0.55117 objective
ei= -0.002196
41 3.1112 -4.9999 0.20506 decision
41 3.11117 0.51544 objective
ei= -0.001128
42 3.1055 -5 0.3664 decision
42 3.10546 0.72998 objective
ei= -0.006907
43 3.069 -4.8374 0.1443 decision
43 3.06898 1.15594 objective
ei= -0.005295
44 3.0653 -4.9336 0.15001 decision
44 3.06529 1.01062 objective
ei= -0.001646
45 2.7669 -5 0.27785 decision
45 2.76687 1.97624 objective
ei= -0.003603
46 3.1415 -4.9999 -2.1613 decision
46 3.14151 1.34248 objective
ei= -0.003181
47 3.0052 -4.9368 0.18353 decision
47 3.00521 1.09070 objective
ei= -0.016066
48 2.7088 -3.0551 4.9997 decision
48 2.70880 2.70011 objective
ei= -0.002968
49 -3.1416 -2.7729 -4.9998 decision
49 -3.14159 4.01586 objective
ei= -0.009925
50 1.8966 -4.9999 4.9998 decision
50 1.89658 2.50118 objective
ei= -0.011874
51 2.1867 -3.124 3.8622 decision
51 2.18667 1.50137 objective
ei= -0.007485
52 1.9076 -3.5308 3.974 decision
52 1.90761 2.49462 objective
ei= -0.013314
53 -1.8588 -0.72022 -4.9999 decision
53 -1.85880 2.43670 objective
ei= -0.004593
54 -1.8199 0.19129 -5 decision
54 -1.81994 2.61728 objective
ei= -0.001248
55 -1.7049 -0.74232 -4.9999 decision
55 -1.70493 1.72217 objective
ei= -0.002148
56 -1.6917 -1.0084 -5 decision
56 -1.69169 2.01854 objective
ei= -0.001274
57 -1.7049 -0.64189 -4.9997 decision
57 -1.70487 1.60038 objective
ei= -0.001730
58 -1.6641 -0.6007 -4.9999 decision
58 -1.66407 1.73641 objective
ei= -0.000741
59 -1.7049 -0.55233 -4.9998 decision
59 -1.70488 1.79051 objective
ei= -0.000751
60 -1.6953 -0.64655 -4.9999 decision
60 -1.69531 1.57970 objective
ei= -0.000575
61 -1.6865 -0.6448 -4.9999 decision
61 -1.68653 1.67542 objective
ei= -0.000735
62 -1.6983 -0.64217 -4.9994 decision
62 -1.69832 1.47388 objective
ei= -0.001390
63 -1.7169 -0.86385 -4.9999 decision
63 -1.71690 1.83887 objective
ei= -0.000724
64 -1.7201 -0.85651 -4.8458 decision
64 -1.72010 1.89388 objective
ei= -0.000864
65 -1.7312 -0.63979 -4.9999 decision
65 -1.73120 1.89133 objective
ei= -0.000475
66 -1.7502 -0.66944 -4.9999 decision
66 -1.75019 1.98825 objective
ei= -0.000529
67 -1.7522 -0.6689 -4.9227 decision
67 -1.75218 1.73401 objective
ei= -0.034369
68 -3.1415 1.5466 -4.9572 decision
68 -3.14154 4.57576 objective
ei= -0.009403
69 -3.1415 -4.8443 1.4271 decision
69 -3.14151 2.66389 objective
ei= -0.009637
70 -3.1415 -4.1138 3.1524 decision
70 -3.14151 3.42687 objective
ei= -0.009800
71 -3.1415 -4.5894 -0.27563 decision
71 -3.14152 2.39374 objective
ei= -0.004252
72 -2.8534 -4.9999 -1.0267 decision
72 -2.85336 2.32213 objective
ei= -0.012771
73 -2.9759 -2.55 -0.68172 decision
73 -2.97588 2.85775 objective
ei= -0.016823
74 -3.1414 -4.9995 -1.0067 decision
74 -3.14141 2.07910 objective
ei= -0.007366
75 -3.1416 0.81917 1.9649 decision
75 -3.14159 4.05119 objective
ei= -0.005892
76 -3.1416 1.6469 -0.76636 decision
76 -3.14158 3.79531 objective
ei= -0.003818
77 -3.1416 -4.3963 -1.0822 decision
77 -3.14158 2.87182 objective
ei= -0.017036
78 -3.1416 -2.4672 -3.1058 decision
78 -3.14157 3.82212 objective
ei= -0.010337
79 -3.1416 -1.3646 -4.1502 decision
79 -3.14159 4.14465 objective
ei= -0.011360
80 -3.1416 1.1468 -2.8018 decision
80 -3.14159 4.24157 objective
ei= -0.012732
81 -3.1416 -3.2121 2.0982 decision
81 -3.14159 3.49393 objective
ei= -0.007067
82 -3.1416 -4.8636 -3.8913 decision
82 -3.14159 3.08766 objective
ei= -0.006981
83 -3.0195 -5 -0.45395 decision
83 -3.01950 1.87067 objective
ei= -0.001551
84 -3.1415 -5 -0.049943 decision
84 -3.14152 1.39876 objective
ei= -0.002009
85 -3.1416 -4.9999 0.22996 decision
85 -3.14157 1.65632 objective
ei= -0.001118
86 -3.0686 -5 -0.023239 decision
86 -3.06856 1.93592 objective
ei= -0.001570
87 -2.9543 -5 -0.04963 decision
87 -2.95433 2.40162 objective
ei= -0.000492
88 -3.1415 -5 -0.11872 decision
88 -3.14150 1.51030 objective
ei= -0.001501
89 -2.5159 -5 -0.49131 decision
89 -2.51588 3.31790 objective
ei= -0.000722
90 -2.1363 -5 -4.9993 decision
90 -2.13628 3.21799 objective
ei= -0.000455
91 -2.7348 -5 -4.4011 decision
91 -2.73484 3.08058 objective
ei= -0.000848
92 -3.1416 -5 -1.885 decision
92 -3.14156 2.25639 objective
ei= -0.002286
93 -3.1416 -5 -0.5973 decision
93 -3.14157 1.87696 objective
ei= -0.001037
94 -3.1349 -5 -0.04996 decision
94 -3.13494 1.30228 objective
ei= -0.000831
95 -3.1305 -5 -0.049964 decision
95 -3.13051 1.24073 objective
ei= -0.000751
96 -3.1268 -5 -0.046918 decision
96 -3.12683 1.37957 objective
ei= -0.000536
97 -3.1308 -5 0.0048559 decision
97 -3.13078 1.45283 objective
ei= -0.002093
98 -1.0187 0.93768 -4.9226 decision
98 -1.01869 2.94881 objective
ei= -0.002442
99 -3.1305 -4.9997 -0.069971 decision
99 -3.13052 1.26121 objective
ei= -0.001679
100 -1.6984 3.7671 -4.9226 decision
100 -1.69838 2.91872 objective
ei= -0.002456
101 -0.17728 4.9999 -2.1943 decision
101 -0.17728 2.30008 objective
ei= -0.000714
102 -3.1305 -5 -0.056318 decision
102 -3.13052 1.16398 objective
ei= -0.002310
103 -3.1305 -4.9629 -0.056266 decision
103 -3.13055 1.43438 objective
ei= -0.003060
104 1.5165 4.9999 0.18377 decision
104 1.51646 3.81673 objective
ei= -0.003466
105 0.91368 1.8642 5 decision
105 0.91368 2.65666 objective
ei= -0.012738
106 3.1416 3.3763 -4.9324 decision
106 3.14159 3.73312 objective
ei= -0.001422
107 3.1413 4.999 5 decision
107 3.14128 3.86426 objective
ei= -0.008334
108 3.1416 -0.64221 4.3735 decision
108 3.14158 3.26873 objective
ei= -0.012045
109 1.6151 -5 -4.9302 decision
109 1.61513 4.26025 objective
ei= -0.012497
110 -1.6983 5 -3.7018 decision
110 -1.69831 3.80623 objective
ei= -0.011774
111 3.1415 -3.1024 -4.9227 decision
111 3.14155 2.93921 objective
ei= -0.005575
112 -0.71105 -0.64218 -4.9227 decision
112 -0.71105 3.67672 objective
ei= -0.008573
113 3.1053 -4.3763 -2.7417 decision
113 3.10531 2.29424 objective
ei= -0.005412
114 2.1868 -2.5498 3.1533 decision
114 2.18683 1.95347 objective
ei= -0.010541
115 3.0313 -5 -1.2877 decision
115 3.03131 1.57174 objective
ei= -0.003482
116 0.4254 1.8825 -2.2018 decision
116 0.42540 3.68706 objective
ei= -0.006029
117 2.1545 -1.7157 3.8623 decision
117 2.15454 1.97926 objective
ei= -0.015114
118 3.1093 -5 0.90394 decision
118 3.10931 1.05312 objective
ei= -0.005958
119 3.1199 -5 0.18364 decision
119 3.11985 0.53312 objective
ei= -0.006854
120 3.1416 -4.9829 0.19017 decision
120 3.14159 0.83264 objective
ei= -0.006839
121 3.1241 -5 0.25432 decision
121 3.12409 0.64752 objective
ei= -0.007951
122 3.1129 -5 0.26004 decision
122 3.11286 0.62419 objective
ei= -0.013330
123 3.1035 -5 1.661 decision
123 3.10347 1.30290 objective
ei= -0.003893
124 3.1048 -2.6079 0.17468 decision
124 3.10485 1.55645 objective
ei= -0.002808
125 3.1001 -5 0.17466 decision
125 3.10012 0.49482 objective
ei= -0.006290
126 3.1053 -4.9998 -0.24602 decision
126 3.10527 0.91097 objective
ei= -0.003610
127 3.1053 -5 0.050628 decision
127 3.10529 0.66741 objective
ei= -0.009333
128 3.1111 -5 3.5401 decision
128 3.11110 1.64369 objective
ei= -0.003721
129 3.1161 -5 0.22917 decision
129 3.11608 0.59160 objective
ei= -0.003201
130 3.1102 -5 0.17237 decision
130 3.11025 0.39448 objective
ei= -0.004874
131 3.1196 -5 0.25807 decision
131 3.11961 0.64157 objective
ei= -0.002704
132 3.1075 -5 0.21843 decision
132 3.10755 0.51705 objective
ei= -0.011789
133 2.1954 -3.1217 0.68692 decision
133 2.19540 2.36035 objective
ei= -0.001407
134 2.5052 -5 2.9382 decision
134 2.50518 1.50699 objective
ei= -0.003393
135 1.732 1.001 4.6233 decision
135 1.73198 2.29377 objective
ei= -0.002604
136 0.29669 0.10074 4.815 decision
136 0.29669 3.87010 objective
ei= -0.005259
137 1.479 -2.1629 3.8505 decision
137 1.47904 2.87907 objective
ei= -0.002965
138 -3.1306 -0.86578 -0.056298 decision
138 -3.13057 2.71137 objective
ei= -0.004266
139 1.9565 2.1114 3.0682 decision
139 1.95651 3.08894 objective
ei= -0.007255
140 3.0689 5 -2.4178 decision
140 3.06891 3.58273 objective
ei= -0.002117
141 -0.12539 3.8022 -3.04 decision
141 -0.12539 3.16144 objective
ei= -0.001089
142 1.8364 -0.86716 1.9691 decision
142 1.83635 2.55456 objective
ei= -0.001671
143 -3.1305 -5 -0.35856 decision
143 -3.13052 1.73726 objective
ei= -0.000564
144 -0.88141 4.4851 -1.9648 decision
144 -0.88141 3.20044 objective
ei= -0.002811
145 -1.6984 -2.0545 -4.9227 decision
145 -1.69837 2.40299 objective
ei= -0.001359
146 0.64916 4.9999 -1.0289 decision
146 0.64916 3.23581 objective
ei= -0.005949
147 -1.6984 -0.64181 -0.45412 decision
147 -1.69843 2.77397 objective
ei= -0.001237
148 -1.6983 1.2669 -4.9226 decision
148 -1.69831 2.51910 objective
ei= -0.002576
149 -3.1305 -5 0.62443 decision
149 -3.13054 1.94648 objective
ei= -0.001172
150 -1.6983 -0.64207 -4.5911 decision
150 -1.69832 1.84776 objective
ei= -0.000203
151 -3.1305 -5 4.6541 decision
151 -3.13048 2.74240 objective
ei= -0.000328
152 -3.1306 -4.8091 -0.056426 decision
152 -3.13056 1.68399 objective
ei= -0.001181
153 -1.1532 -1.8649 -0.68985 decision
153 -1.15319 4.04437 objective
ei= -0.000398
154 -3.1305 -5 0.10738 decision
154 -3.13049 1.61283 objective
ei= -0.000094
155 -1.7666 0.58192 0.87633 decision
155 -1.76659 3.90527 objective
ei= -0.000336
156 -3.1314 -5 -0.056318 decision
156 -3.13141 1.23696 objective
ei= -0.000269
157 -3.1302 -5 -0.057044 decision
157 -3.13022 1.12237 objective
ei= -0.002346
158 -3.1302 -3.6498 -0.45656 decision
158 -3.13016 2.84161 objective
ei= -0.002616
159 -2.1362 -1.6708 4.6546 decision
159 -2.13623 4.04759 objective
ei= -0.000975
160 -2.8534 4.9998 -4.3849 decision
160 -2.85342 4.57385 objective
ei= -0.001661
161 -3.1301 -2.5499 4.9997 decision
161 -3.13013 4.06450 objective
ei= -0.001048
162 -3.0194 0.035545 -0.057192 decision
162 -3.01940 3.52985 objective
ei= -0.001984
163 -3.0153 3.3248 -3.4992 decision
163 -3.01530 4.44407 objective
ei= -0.002921
164 -3.0057 -5 -2.6844 decision
164 -3.00572 2.61938 objective
ei= -0.003759
165 -3.1302 -1.969 1.1014 decision
165 -3.13016 3.49745 objective
ei= -0.002076
166 -3.1301 -0.8572 2.8622 decision
166 -3.13010 4.03528 objective
ei= -0.002003
167 -3.1301 3.1628 0.9492 decision
167 -3.13015 4.01559 objective
ei= -0.009958
168 -3.1416 0.47738 -3.7087 decision
168 -3.14159 4.31064 objective
ei= -0.014735
169 -3.1416 -2.9106 3.9267 decision
169 -3.14158 3.85608 objective
ei= -0.009975
170 -3.1416 2.1253 2.6429 decision
170 -3.14159 4.30688 objective
ei= -0.007452
171 -3.1416 -3.3475 -2.4556 decision
171 -3.14157 3.53136 objective
ei= -0.006130
172 -3.1416 -3.245 -3.5945 decision
172 -3.14159 3.73805 objective
ei= -0.001166
173 -2.7897 -0.93593 -1.5615 decision
173 -2.78972 3.09642 objective
ei= -0.002854
174 -3.1301 -5 2.4771 decision
174 -3.13008 2.43048 objective
ei= -0.001084
175 -2.7453 -2.6906 -0.057161 decision
175 -2.74534 3.47194 objective
ei= -0.000639
176 -2.8534 2.6387 -2.003 decision
176 -2.85338 3.78423 objective
ei= -0.002940
177 -3.1301 4.2285 -1.3819 decision
177 -3.13013 4.19574 objective
ei= -0.000622
178 -2.0813 1.8149 1.7303 decision
178 -2.08133 4.41879 objective
ei= -0.001424
179 -3.13 -5 -1.4195 decision
179 -3.12995 2.17615 objective
ei= -0.000863
180 -2.0026 -4.9998 3.4379 decision
180 -2.00258 4.39263 objective
ei= -0.000490
181 -3.1105 -5 -0.057067 decision
181 -3.11054 1.59457 objective
ei= -0.000319
182 -2.3162 -5 -3.3825 decision
182 -2.31620 2.81756 objective
ei= -0.001982
183 -1.4944 1.2131 5 decision
183 -1.49439 4.02496 objective
ei= -0.000211
184 -1.7752 -2.5718 -3.8713 decision
184 -1.77523 3.11982 objective
ei= -0.000842
185 -1.2599 4.9999 5 decision
185 -1.25990 4.56138 objective
ei= -0.000715
186 -1.7523 2.5398 -4.9999 decision
186 -1.75228 2.89553 objective
ei= -0.001353
187 -1.3282 -4.9998 -3.6823 decision
187 -1.32822 3.80801 objective
ei= -0.000303
188 -0.50077 5 -4.9229 decision
188 -0.50077 3.03450 objective
ei= -0.001761
189 -0.20367 0.96738 -0.05725 decision
189 -0.20367 3.34380 objective
ei= -0.000251
190 -3.1301 -5 -0.18682 decision
190 -3.13008 1.57295 objective
ei= -0.002440
191 -0.10895 -5 -1.8847 decision
191 -0.10895 4.02209 objective
ei= -0.001190
192 -0.49081 3.2295 -0.80972 decision
192 -0.49081 3.03537 objective
ei= -0.000364
193 0.91365 3.2296 1.8968 decision
193 0.91365 2.41585 objective
ei= -0.000652
194 0.99669 -0.79673 -0.8111 decision
194 0.99669 3.79731 objective
ei= -0.002086
195 0.021407 4.3295 1.0139 decision
195 0.02141 2.58927 objective
ei= -0.000965
196 -0.22343 2.8279 -4.2605 decision
196 -0.22343 3.52047 objective
ei= -0.001253
197 0.12737 4.0905 4.9997 decision
197 0.12737 3.31783 objective
ei= -0.013460
198 3.1415 0.7795 -3.4392 decision
198 3.14153 3.30410 objective
ei= -0.000238
199 2.3797 -3.8501 -3.3825 decision
199 2.37972 2.74027 objective
ei= -0.011049
200 1.0927 4.9999 4.1035 decision
200 1.09269 2.63329 objective
ei= -0.000434
201 2.1173 -5 -0.68198 decision
201 2.11734 3.34323 objective
ei= -0.002970
202 2.3623 -1.9444 2.1637 decision
202 2.36231 2.51061 objective
ei= -0.004406
203 3.0223 -4.0892 0.12331 decision
203 3.02235 1.77248 objective
ei= -0.006990
204 2.9593 -5 2.8588 decision
204 2.95932 1.74286 objective
ei= -0.001094
205 2.6317 -4.9998 -3.2457 decision
205 2.63169 2.80048 objective
ei= -0.004657
206 2.9873 -4.9999 1.2971 decision
206 2.98733 1.24720 objective
ei= -0.000687
207 2.3797 -0.64214 -4.9231 decision
207 2.37970 3.69687 objective
ei= -0.002911
208 3.1032 -5 0.24045 decision
208 3.10317 0.53064 objective
ei= -0.002560
209 3.0915 -5 0.17969 decision
209 3.09149 0.61389 objective
ei= -0.005650
210 3.0961 -5 0.25821 decision
210 3.09608 0.50037 objective
ei= -0.002277
211 3.1053 -4.6376 0.17956 decision
211 3.10528 0.84720 objective
ei= -0.011063
212 3.1062 -4.9998 0.54121 decision
212 3.10619 0.86887 objective
ei= -0.001846
213 3.1053 -4.9997 -1.6661 decision
213 3.10529 1.38218 objective
ei= -0.003328
214 3.1052 -5 0.16888 decision
214 3.10525 0.39381 objective
ei= -0.000362
215 1.3562 -5 2.0444 decision
215 1.35618 3.72750 objective
ei= -0.001844
216 3.1053 -3.106 1.2552 decision
216 3.10532 2.27209 objective
ei= -0.000246
217 2.5696 -4.9999 3.7562 decision
217 2.56963 2.11676 objective
ei= -0.003003
218 3.1051 -5 0.29827 decision
218 3.10513 0.64796 objective
ei= -0.004844
219 3.1415 -4.9999 0.18173 decision
219 3.14154 0.60969 objective
ei= -0.004582
220 3.1053 -5 0.18164 decision
220 3.10535 0.23733 objective
ei= -0.002384
221 3.0961 -5 0.17903 decision
221 3.09609 0.55169 objective
ei= -0.001910
222 3.135 -5 0.18172 decision
222 3.13499 0.57308 objective
ei= -0.002104
223 0.76371 3.6765 4.4408 decision
223 0.76371 2.01018 objective
ei= -0.002650
224 2.1866 -3.3264 4.6721 decision
224 2.18660 1.87950 objective
ei= -0.001856
225 2.3841 -4.6385 3.3553 decision
225 2.38413 1.65953 objective
ei= -0.001567
226 1.2614 3.3199 4.6218 decision
226 1.26139 2.24502 objective
ei= -0.005346
227 2.1999 -0.23777 3.5389 decision
227 2.19995 2.46622 objective
ei= -0.005031
228 1.7436 2.1536 -4.9262 decision
228 1.74359 3.98361 objective
ei= -0.000987
229 1.1275 1.5147 4.2501 decision
229 1.12752 2.03913 objective
ei= -0.006231
230 1.0195 -5 4.614 decision
230 1.01953 3.23696 objective
ei= -0.000737
231 1.1275 3.8891 2.6475 decision
231 1.12753 2.97402 objective
ei= -0.003118
232 1.8635 3.2236 4.2502 decision
232 1.86348 2.84943 objective
ei= -0.001130
233 2.1311 4.9997 -3.9448 decision
233 2.13113 4.28168 objective
ei= -0.000958
234 0.70877 2.5348 0.72374 decision
234 0.70877 3.06760 objective
ei= -0.000478
235 1.2415 3.3734 -2.4893 decision
235 1.24151 3.65276 objective
ei= -0.000747
236 -3.1302 -4.9965 -0.057879 decision
236 -3.13022 1.24770 objective
ei= -0.000527
237 0.53372 4.7429 1.5143 decision
237 0.53372 2.42714 objective
ei= -0.000516
238 -0.94658 4.9999 0.32701 decision
238 -0.94658 3.79062 objective
ei= -0.000604
239 -1.4647 1.9961 -4.9223 decision
239 -1.46469 2.43229 objective
ei= -0.005436
240 -2.3707 -0.64222 -4.9227 decision
240 -2.37070 3.54714 objective
ei= -0.000273
241 -1.5328 3.1081 -4.4466 decision
241 -1.53278 3.18262 objective
ei= -0.008059
242 -1.6689 1.701 -2.5858 decision
242 -1.66892 3.58088 objective
ei= -0.000598
243 -3.1302 -5 0.3753 decision
243 -3.13018 1.82438 objective
ei= -0.000176
244 -1.4796 -2.2088 2.2699 decision
244 -1.47962 4.25165 objective
ei= -0.000464
245 -3.1302 -4.9057 -0.05723 decision
245 -3.13022 1.52564 objective
ei= -0.000085
246 -1.7628 -1.5807 -4.7203 decision
246 -1.76280 2.38029 objective
ei= -0.000172
247 -1.9561 -1.3037 -1.2015 decision
247 -1.95612 3.30463 objective
ei= -0.001208
248 -2.2414 -3.8918 -4.1989 decision
248 -2.24136 2.55725 objective
ei= -0.000759
249 -3.0196 -3.9273 -0.77956 decision
249 -3.01956 2.56627 objective
ei= -0.000180
250 -3.1303 -5 -0.08962 decision
250 -3.13029 1.38706 objective
148.735
