1 -0.32793 -1.33390 decision
1 0.99468 0.41529 objective
2 0.38257 0.07146 decision
2 0.39912 0.83364 objective
3 -0.65426 1.02144 decision
3 0.85803 0.94975 objective
4 -1.94396 1.66687 decision
4 0.99965 0.99923 objective
5 0.48593 -1.04614 decision
5 0.95597 0.78525 objective
6 0.00056 1.13417 decision
6 0.49419 0.97958 objective
7 0.71689 0.84612 decision
7 0.019233 0.98821 objective
8 -0.21547 1.89663 decision
8 0.89629 0.99911 objective
9 1.19388 -1.93806 decision
9 0.99928 0.99408 objective
10 -0.72429 -1.09744 decision
10 0.99503 0.14158 objective
11 1.87876 -0.29509 decision
11 0.90719 0.99895 objective
12 1.42993 -0.59272 decision
12 0.89052 0.98975 objective
13 -0.92518 -0.22231 decision
13 0.97064 0.24617 objective
14 -1.73789 -1.46945 decision
14 0.99998 0.80673 objective
15 -1.31065 1.28493 decision
15 0.98779 0.98686 objective
16 1.03396 0.18276 decision
16 0.31735 0.97814 objective
17 -1.49975 -0.83306 decision
17 0.99928 0.47489 objective
18 1.67849 -1.77389 decision
18 0.99917 0.99892 objective
19 -1.15289 0.45486 decision
19 0.9705 0.78752 objective
20 0.19802 1.58782 decision
20 0.64471 0.99773 objective
21 1.39697 0.47914 decision
21 0.41015 0.99707 objective
ei= -0.038368
22 -0.79435 -0.79002 decision
22 0.98884 0.01438 objective
ei= -0.014747
23 -0.89609 -0.91836 decision
23 0.99455 0.07720 objective
ei= -0.007204
24 -0.85659 -0.70906 decision
24 0.98833 0.02210 objective
ei= -0.005892
25 -0.83557 -0.86281 decision
25 0.99213 0.03992 objective
ei= -0.007304
26 -0.73808 -0.91747 decision
26 0.99115 0.04420 objective
ei= -0.002804
27 -0.75656 -0.76701 decision
27 0.98664 0.00602 objective
ei= -0.020755
28 -0.897 -0.43486 decision
28 0.97929 0.10432 objective
ei= -0.006925
29 -0.86771 -0.31986 decision
29 0.97083 0.16118 objective
ei= -0.005729
30 -0.92725 -0.59255 decision
30 0.98722 0.05973 objective
ei= -0.001109
31 -0.92522 -0.73835 decision
31 0.99138 0.04739 objective
ei= -0.003329
32 -0.82816 -0.52426 decision
32 0.97921 0.04695 objective
ei= -0.017172
33 -1.4709 -0.25484 decision
33 0.99655 0.54518 objective
ei= -0.010976
34 -0.43251 -1.0434 decision
34 0.98726 0.17182 objective
ei= -0.004864
35 -0.59745 -0.82891 decision
35 0.98277 0.02650 objective
ei= -0.004078
36 -1.1806 -0.82624 decision
36 0.99730 0.21210 objective
ei= -0.003863
37 -0.62216 -0.23916 decision
37 0.93022 0.20244 objective
ei= -0.002097
38 -0.30372 -0.24502 decision
38 0.85461 0.31356 objective
ei= -0.001674
39 -0.25175 -0.25225 decision
39 0.84115 0.33916 objective
ei= -0.001516
40 -0.18061 -0.2666 decision
40 0.82380 0.37578 objective
ei= -0.000838
41 -0.1561 -0.33293 decision
41 0.83907 0.35829 objective
ei= -0.000482
42 -0.19456 -0.26925 decision
42 0.82903 0.36519 objective
ei= -0.004690
43 0.3448 0.29169 decision
43 0.26202 0.87805 objective
ei= -0.001161
44 0.28963 0.072909 decision
44 0.43813 0.79849 objective
ei= -0.001862
45 0.23055 0.076938 decision
45 0.46432 0.77551 objective
ei= -0.000898
46 0.20093 0.084125 decision
46 0.47498 0.76557 objective
ei= -0.000796
47 0.17938 0.098689 decision
47 0.47726 0.76193 objective
ei= -0.010842
48 0.40201 1.1182 decision
48 0.23058 0.98956 objective
ei= -0.010567
49 0.3847 0.55517 decision
49 0.11929 0.93829 objective
ei= -0.004980
50 0.54804 0.12613 decision
50 0.30430 0.89665 objective
2.99926
