1 -0.49189 -2.00085 decision
1 1.2298 20.557 0.17488 objective
2 0.57386 0.10720 decision
2 0.50465 18.871 -0.036496 objective
3 -0.98138 1.53215 decision
3 1.4871 15.589 0.19184 objective
4 -2.91594 2.50030 decision
4 8.1927 27.601 0.063475 objective
5 0.72889 -1.56921 decision
5 1.6442 26.273 0.19528 objective
6 0.00084 1.70125 decision
6 1.692 15.063 0.19591 objective
7 1.07534 1.26918 decision
7 1.7493 17.771 0.19633 objective
8 -0.32321 2.84495 decision
8 5.0404 16.058 0.10841 objective
9 1.79083 -2.90709 decision
9 5.0408 45.032 0.07899 objective
10 -1.08644 -1.64616 decision
10 1.2645 17.123 0.18201 objective
11 2.81814 -0.44264 decision
11 5.0289 37.916 0.10911 objective
12 2.14490 -0.88908 decision
12 1.9171 34.247 0.15146 objective
13 -1.38778 -0.33347 decision
13 1.9118 15.032 0.18582 objective
14 -2.60683 -2.20417 decision
14 5.036 15.056 0.079017 objective
15 -1.96598 1.92739 decision
15 4.7526 19.447 0.11599 objective
16 1.55094 0.27414 decision
16 1.8542 23.402 0.19524 objective
17 -2.24963 -1.24958 decision
17 3.6438 15.008 0.12973 objective
18 2.51774 -2.66083 decision
18 7.4625 52.009 0.069351 objective
19 -1.72933 0.68230 decision
19 1.4187 15.888 0.1897 objective
20 0.29703 2.38172 decision
20 2.3815 15.046 0.14445 objective
21 2.09546 0.71871 decision
21 1.4727 24.997 0.16115 objective
ei= -0.015110
22 0.46576 0.074993 decision
22 0.33200 18.51341 -0.06256 objective
ei= -0.008544
23 0.44923 0.012418 decision
23 0.30157 18.61804 -0.06687 objective
ei= -0.007046
24 0.39651 0.032394 decision
24 0.23674 18.35178 -0.07563 objective
ei= -0.006873
25 0.31517 0.043026 decision
25 0.15161 18.01174 -0.08603 objective
ei= -0.006127
26 0.22355 0.039111 decision
26 0.07723 17.68825 -0.09376 objective
ei= -0.005971
27 0.24344 -0.029339 decision
27 0.09015 17.92681 -0.09253 objective
ei= -0.003226
28 0.22336 -0.11266 decision
28 0.09383 18.06173 -0.09217 objective
ei= -0.002164
29 0.22774 -0.42643 decision
29 0.34844 18.93236 -0.06019 objective
ei= -0.002146
30 0.17705 -0.055044 decision
30 0.05156 17.74885 -0.09606 objective
ei= -0.002199
31 0.20681 -0.067913 decision
31 0.07105 17.88791 -0.09433 objective
ei= -0.001565
32 0.18818 -0.0059933 decision
32 0.05316 17.67088 -0.09592 objective
ei= -0.006064
33 -3 -1.853 decision
33 6.08444 15.21010 0.07444 objective
ei= -0.006189
34 -2.5457 -1.6403 decision
34 4.83635 15.01623 0.09820 objective
ei= -0.007025
35 -1.8178 -0.90958 decision
35 1.22977 15.01704 0.17721 objective
ei= -0.005522
36 -0.63922 0.97073 decision
36 1.65139 15.01626 0.14046 objective
ei= -0.002699
37 -2.3229 -1.8049 decision
37 5.02374 15.05997 0.10339 objective
ei= -0.032924
38 -0.98567 -0.95516 decision
38 1.89333 16.12508 0.17956 objective
ei= -0.018828
39 0.1783 0.75822 decision
39 0.87350 16.14541 0.02273 objective
ei= -0.005990
40 -1.588 -3 decision
40 4.89615 18.64232 0.07985 objective
ei= -0.003907
41 0.17142 0.47672 decision
41 0.38216 16.60279 -0.05524 objective
ei= -0.003530
42 0.22417 1.3391 decision
42 1.88478 15.49766 0.17759 objective
ei= -0.002400
43 0.12707 0.025195 decision
43 0.02517 17.38947 -0.09820 objective
ei= -0.002730
44 0.15373 0.018851 decision
44 0.03598 17.49362 -0.09735 objective
ei= -0.001801
45 0.13648 0.055774 decision
45 0.03260 17.35224 -0.09762 objective
ei= -0.001848
46 0.085438 -0.013168 decision
46 0.01121 17.33734 -0.09923 objective
ei= -0.001583
47 0.10622 -0.021124 decision
47 0.01759 17.42428 -0.09877 objective
ei= -0.002184
48 0.037355 0.043075 decision
48 0.00488 17.06261 -0.09967 objective
ei= -0.001564
49 -0.032032 0.0050568 decision
49 0.00158 16.92954 -0.09989 objective
ei= -0.003467
50 0.0076617 0.0033068 decision
50 0.00010 17.05377 -0.09999 objective
ei= -0.002022
51 -0.014749 0.066351 decision
51 0.00693 16.85824 -0.09953 objective
ei= -0.001446
52 -0.018028 0.034782 decision
52 0.00230 16.91149 -0.09985 objective
ei= -0.012029
53 2.9999 2.9999 decision
53 8.24768 21.16219 0.05263 objective
ei= -0.001116
54 0.059582 0.0071908 decision
54 0.00540 17.20876 -0.09963 objective
ei= -0.000729
55 -0.029543 0.086689 decision
55 0.01258 16.77550 -0.09913 objective
ei= -0.000817
56 -0.077881 0.049991 decision
56 0.01285 16.70846 -0.09911 objective
ei= -0.000498
57 -0.043832 0.07541 decision
57 0.01141 16.75638 -0.09921 objective
ei= -0.008644
58 -0.074129 -1.4464 decision
58 1.91322 20.77008 0.18780 objective
ei= -0.001013
59 -0.19688 0.082395 decision
59 0.06831 16.33513 -0.09458 objective
ei= -0.035770
60 -0.17861 -0.75445 decision
60 0.86610 18.18341 0.02154 objective
ei= -0.000677
61 -0.33159 0.084645 decision
61 0.17541 16.01795 -0.08327 objective
ei= -0.000370
62 -0.23856 0.085132 decision
62 0.09619 16.22911 -0.09193 objective
ei= -0.000363
63 -0.0083554 0.048282 decision
63 0.00360 16.91318 -0.09976 objective
ei= -0.000418
64 -0.12129 0.04049 decision
64 0.02453 16.60591 -0.09825 objective
ei= -0.000175
65 0.023358 0.0018722 decision
65 0.00082 17.10553 -0.09994 objective
ei= -0.000747
66 0.015149 0.040622 decision
66 0.00282 16.99954 -0.09981 objective
ei= -0.000745
67 0.95467 -0.12036 decision
67 1.26210 21.46915 0.08344 objective
ei= -0.000758
68 -0.24112 0.15004 decision
68 0.12089 16.12122 -0.08940 objective
ei= -0.000560
69 -0.23839 0.12499 decision
69 0.10861 16.16630 -0.09068 objective
ei= -0.001614
70 -0.26024 0.32789 decision
70 0.26196 15.82773 -0.07229 objective
ei= -0.000197
71 -0.23812 0.14004 decision
71 0.11439 16.14350 -0.09008 objective
ei= -0.000328
72 -0.23528 0.17753 decision
72 0.13020 16.09256 -0.08840 objective
ei= -0.000226
73 0.017596 0.014109 decision
73 0.00076 17.06194 -0.09995 objective
ei= -0.000178
74 0.0029622 0.021646 decision
74 0.00072 17.00141 -0.09995 objective
ei= -0.000281
75 -0.15368 0.049861 decision
75 0.03915 16.50203 -0.09710 objective
ei= -0.000161
76 -0.027008 0.054043 decision
76 0.00548 16.84664 -0.09963 objective
ei= -0.000498
77 0.025133 -0.090422 decision
77 0.01321 17.31054 -0.09908 objective
ei= -0.001713
78 -2.1459 2.9999 decision
78 7.66359 24.53544 0.06847 objective
ei= -0.000789
79 0.029399 -0.016061 decision
79 0.00168 17.16261 -0.09989 objective
ei= -0.000571
80 -2.9998 -2.9998 decision
80 8.24644 15.16207 0.05264 objective
ei= -0.000492
81 0.028516 0.0088341 decision
81 0.00134 17.10696 -0.09991 objective
ei= -0.000498
82 0.046921 -0.0072009 decision
82 0.00338 17.19933 -0.09977 objective
ei= -0.000375
83 -0.0011595 -0.038466 decision
83 0.00222 17.11398 -0.09985 objective
ei= -0.000138
84 -0.0024004 -0.0021244 decision
84 0.00002 17.03407 -0.10000 objective
ei= -0.000182
85 -0.0011642 0.030533 decision
85 0.00140 16.97069 -0.09991 objective
ei= -0.000141
86 -0.00052709 -0.010704 decision
86 0.00017 17.05767 -0.09999 objective
ei= -0.000258
87 -0.057599 0.038875 decision
87 0.00724 16.78753 -0.09951 objective
ei= -0.004044
88 -0.33167 0.47413 decision
88 0.49598 15.53017 -0.03785 objective
ei= -0.009795
89 -1.089 0.31767 decision
89 1.60329 15.00732 0.13352 objective
ei= -0.000683
90 -0.30121 0.32939 decision
90 0.29752 15.74779 -0.06743 objective
ei= -0.000138
91 -0.30208 0.28342 decision
91 0.25653 15.80452 -0.07302 objective
ei= -0.000225
92 -0.30735 0.34565 decision
92 0.31927 15.71648 -0.06437 objective
ei= -0.004709
93 -1.9741 -1.0829 decision
93 1.59808 15.00784 0.15784 objective
ei= -0.001481
94 -0.063818 1.9595 decision
94 1.27600 15.04031 0.18290 objective
ei= -0.001793
95 -1.8994 -0.56577 decision
95 1.25620 15.04427 0.18127 objective
ei= -0.003488
96 -2.8224 -2.2798 decision
96 7.14409 15.00881 0.07060 objective
ei= -0.002359
97 -3 -2.5147 decision
97 8.03664 15.00992 0.06126 objective
ei= -0.000173
98 0.0022708 -0.025743 decision
98 0.00100 17.09787 -0.09993 objective
ei= -0.000113
99 -0.012367 0.012303 decision
99 0.00046 16.97400 -0.09997 objective
ei= -0.001969
100 0.14102 -0.071935 decision
100 0.03759 17.66158 -0.09722 objective
ei= -0.000592
101 -0.097009 0.039015 decision
101 0.01640 16.67561 -0.09885 objective
ei= -0.002019
102 0.080748 0.043133 decision
102 0.01257 17.19890 -0.09913 objective
ei= -0.002712
103 0.060756 0.051859 decision
103 0.00957 17.11702 -0.09934 objective
ei= -0.000235
104 0.0018703 0.011688 decision
104 0.00021 17.01859 -0.09999 objective
ei= -0.003552
105 0.032253 0.057252 decision
105 0.00648 17.01750 -0.09956 objective
ei= -0.000438
106 -0.038084 0.016723 decision
106 0.00260 16.88812 -0.09983 objective
ei= -0.002044
107 0.05545 0.041619 decision
107 0.00721 17.12205 -0.09951 objective
ei= -0.004213
108 0.043148 0.053342 decision
108 0.00706 17.05911 -0.09952 objective
ei= -0.003643
109 0.052191 0.050062 decision
109 0.00785 17.09404 -0.09946 objective
ei= -0.005273
110 0.089261 0.03517 decision
110 0.01381 17.24347 -0.09904 objective
ei= -0.017085
111 3 -2.9999 decision
111 8.24848 61.93904 0.05263 objective
ei= -0.002240
112 -0.0016821 0.026859 decision
112 0.00109 16.97662 -0.09993 objective
ei= -0.002498
113 0.067841 0.04624 decision
113 0.01011 17.15124 -0.09931 objective
ei= -0.003262
114 0.034805 0.063028 decision
114 0.00778 17.01339 -0.09947 objective
ei= -0.003260
115 0.098471 0.030105 decision
115 0.01590 17.28439 -0.09889 objective
ei= -0.002105
116 0.048407 -0.0025483 decision
116 0.00352 17.19405 -0.09976 objective
ei= -0.002430
117 0.056838 0.053859 decision
117 0.00920 17.10055 -0.09937 objective
ei= -0.002165
118 0.051475 0.077586 decision
118 0.01300 17.03438 -0.09910 objective
ei= -0.001360
119 0.054489 -0.0080299 decision
119 0.00455 17.22537 -0.09969 objective
ei= -0.001367
120 0.067238 0.023774 decision
120 0.00763 17.19746 -0.09948 objective
ei= -0.001147
121 0.033557 0.055913 decision
121 0.00638 17.02426 -0.09957 objective
ei= -0.001862
122 0.074308 0.039023 decision
122 0.01057 17.18720 -0.09927 objective
ei= -0.003231
123 -1.3409 -0.0025339 decision
123 1.87333 15.00428 0.17521 objective
ei= -0.001312
124 -1.214 0.1721 decision
124 1.74945 15.00555 0.15485 objective
ei= -0.003063
125 -1.6582 -0.53549 decision
125 1.62314 15.00172 0.19494 objective
ei= -0.003006
126 -2.5653 -1.4712 decision
126 5.00111 15.07131 0.10244 objective
ei= -0.002258
127 -0.35751 1.45 decision
127 1.90545 15.02424 0.19132 objective
ei= -0.001251
128 -0.29075 0.61093 decision
128 0.67083 15.45442 -0.00998 objective
ei= -0.000164
129 -0.18601 0.46345 decision
129 0.37150 15.79525 -0.05681 objective
ei= -0.000759
130 -0.2273 0.55613 decision
130 0.53363 15.60996 -0.03194 objective
ei= -0.001184
131 -0.49626 0.36436 decision
131 0.55954 15.39788 -0.02783 objective
ei= -0.000790
132 -0.21747 0.4218 decision
132 0.33591 15.78857 -0.06200 objective
ei= -0.001778
133 0.063586 0.084954 decision
133 0.01689 17.05638 -0.09882 objective
ei= -0.001635
134 0.069812 0.082094 decision
134 0.01742 17.08164 -0.09878 objective
ei= -0.001025
135 0.082076 0.033122 decision
135 0.01175 17.22478 -0.09919 objective
ei= -0.001321
136 0.083538 0.062167 decision
136 0.01626 17.16691 -0.09886 objective
ei= -0.001267
137 0.073792 0.066003 decision
137 0.01470 17.12798 -0.09898 objective
ei= -0.003128
138 0.036454 0.081298 decision
138 0.01191 16.98091 -0.09918 objective
ei= -0.002769
139 0.058591 0.06511 decision
139 0.01151 17.08237 -0.09921 objective
ei= -0.002892
140 0.060708 0.080025 decision
140 0.01513 17.05776 -0.09895 objective
ei= -0.002820
141 0.11458 0.083431 decision
141 0.03013 17.22018 -0.09782 objective
ei= -0.001445
142 0.044078 0.063176 decision
142 0.00890 17.04152 -0.09939 objective
ei= -0.001257
143 0.067051 0.066715 decision
143 0.01342 17.10536 -0.09907 objective
ei= -0.001152
144 0.091538 0.043865 decision
144 0.01545 17.23190 -0.09892 objective
ei= -0.001254
145 0.092815 0.083018 decision
145 0.02326 17.15176 -0.09834 objective
ei= -0.001183
146 0.069448 -0.034811 decision
146 0.00905 17.33279 -0.09938 objective
ei= -0.001077
147 0.095579 0.035686 decision
147 0.01561 17.26277 -0.09891 objective
ei= -0.000525
148 -0.11943 -0.63607 decision
148 0.61613 18.10342 -0.01879 objective
ei= -0.000306
149 -0.23148 -0.17609 decision
149 0.12678 16.70543 -0.08877 objective
ei= -0.000083
150 -0.065132 0.1636 decision
150 0.04650 16.53358 -0.09649 objective
ei= -0.000096
151 -0.14649 0.10124 decision
151 0.04756 16.43053 -0.09640 objective
ei= -0.000010
152 -0.061881 0.14632 decision
152 0.03786 16.57353 -0.09720 objective
ei= -0.000513
153 0.01986 0.035508 decision
153 0.00248 17.02447 -0.09983 objective
ei= -0.000789
154 0.012789 0.040786 decision
154 0.00274 16.99202 -0.09982 objective
ei= -0.000831
155 -0.0075901 -0.041496 decision
155 0.00267 17.10027 -0.09982 objective
ei= -0.001346
156 0.0046043 -0.13886 decision
156 0.02895 17.35058 -0.09791 objective
ei= -0.001227
157 0.0055307 0.034635 decision
157 0.00185 16.98258 -0.09988 objective
ei= -0.000073
158 -0.14081 0.071853 decision
158 0.03748 16.49689 -0.09723 objective
ei= -0.000200
159 -0.16821 -0.31898 decision
159 0.19470 17.18460 -0.08094 objective
ei= -0.002736
160 -0.44706 -0.24182 decision
160 0.38464 16.25777 -0.05487 objective
ei= -0.000521
161 -0.21642 0.0054149 decision
161 0.07028 16.41681 -0.09440 objective
ei= -0.000356
162 -0.19938 0.043989 decision
162 0.06252 16.39394 -0.09511 objective
ei= -0.001693
163 0.035594 0.0059037 decision
163 0.00195 17.13537 -0.09987 objective
ei= -0.000915
164 0.040469 0.016724 decision
164 0.00288 17.12774 -0.09981 objective
ei= -0.000774
165 0.016381 0.037346 decision
165 0.00249 17.01003 -0.09983 objective
ei= -0.001014
166 0.056933 0.016262 decision
166 0.00526 17.18078 -0.09964 objective
ei= -0.001393
167 0.064178 0.0013617 decision
167 0.00618 17.23615 -0.09958 objective
ei= -0.001632
168 0.017874 0.027269 decision
168 0.00159 17.03543 -0.09989 objective
ei= -0.001410
169 0.037115 0.015463 decision
169 0.00242 17.11989 -0.09984 objective
ei= -0.002147
170 0.038942 0.0085932 decision
170 0.00239 17.14020 -0.09984 objective
ei= -0.002096
171 0.039329 -0.0040186 decision
171 0.00234 17.16833 -0.09984 objective
ei= -0.001316
172 0.024712 0.029671 decision
172 0.00224 17.05149 -0.09985 objective
ei= -0.000917
173 0.056361 0.021938 decision
173 0.00549 17.16680 -0.09963 objective
ei= -0.000833
174 0.029711 0.01945 decision
174 0.00189 17.08835 -0.09987 objective
ei= -0.000251
175 0.030228 0.036378 decision
175 0.00336 17.05455 -0.09977 objective
ei= -0.001080
176 -0.016638 0.042579 decision
176 0.00313 16.89999 -0.09979 objective
ei= -0.000857
177 0.020675 0.032051 decision
177 0.00218 17.03412 -0.09985 objective
ei= -0.001837
178 -0.61754 0.075247 decision
178 0.57094 15.50194 -0.02602 objective
ei= -0.000877
179 -0.24351 0.58665 decision
179 0.59433 15.55031 -0.02228 objective
ei= -0.000388
180 -0.2425 0.43728 decision
180 0.37244 15.72256 -0.05668 objective
ei= -0.000387
181 -0.42495 0.32725 decision
181 0.42756 15.53822 -0.04841 objective
ei= -0.000186
182 -0.41373 0.29499 decision
182 0.38443 15.59111 -0.05490 objective
ei= -0.008295
183 0.85702 3 decision
183 4.56248 15.08915 0.09309 objective
ei= -0.002830
184 -2.1104 -1.3399 decision
184 3.09042 15.01714 0.13582 objective
ei= -0.004936
185 -2.1849 -1.5337 decision
185 4.30944 15.03737 0.12218 objective
ei= -0.004051
186 -1.7497 -0.78735 decision
186 1.32674 15.01330 0.18591 objective
ei= -0.004730
187 -2.8012 -2.0882 decision
187 5.75241 15.00950 0.07571 objective
ei= -0.001526
188 0.0036152 0.057309 decision
188 0.00495 16.93074 -0.09967 objective
ei= -0.000840
189 0.034984 0.040331 decision
189 0.00428 17.06101 -0.09971 objective
ei= -0.001754
190 0.2774 0.016905 decision
190 0.11578 17.93691 -0.08994 objective
ei= -0.000710
191 0.018012 0.03207 decision
191 0.00203 17.02591 -0.09986 objective
ei= -0.000839
192 -0.013537 0.02547 decision
192 0.00125 16.94370 -0.09992 objective
ei= -0.000406
193 0.046391 0.03454 decision
193 0.00502 17.10863 -0.09966 objective
ei= -0.001247
194 0.064769 0.022965 decision
194 0.00708 17.19133 -0.09952 objective
ei= -0.002242
195 0.098438 -0.073055 decision
195 0.02254 17.51661 -0.09840 objective
ei= -0.002481
196 -0.038399 0.021006 decision
196 0.00287 16.87865 -0.09981 objective
ei= -0.001493
197 0.049252 -0.023707 decision
197 0.00448 17.24257 -0.09970 objective
ei= -0.004181
198 -0.026099 0.010864 decision
198 0.00120 16.93558 -0.09992 objective
ei= -0.003036
199 0.094605 0.045971 decision
199 0.01659 17.23720 -0.09884 objective
ei= -0.003198
200 0.034778 0.028023 decision
200 0.00299 17.08612 -0.09980 objective
ei= -0.003510
201 -0.035882 0.023005 decision
201 0.00273 16.88210 -0.09982 objective
ei= -0.001943
202 0.028671 0.0321 decision
202 0.00278 17.05866 -0.09981 objective
ei= -0.001682
203 0.0038383 0.043679 decision
203 0.00288 16.95902 -0.09981 objective
ei= -0.001982
204 -0.0017582 0.027968 decision
204 0.00118 16.97413 -0.09992 objective
ei= -0.002456
205 0.022048 -0.018773 decision
205 0.00126 17.14516 -0.09992 objective
ei= -0.000701
206 0.040275 0.034149 decision
206 0.00418 17.09036 -0.09972 objective
ei= -0.000961
207 0.0096317 0.033041 decision
207 0.00178 16.99831 -0.09988 objective
ei= -0.000551
208 0.05661 0.038568 decision
208 0.00704 17.13215 -0.09952 objective
ei= -0.001039
209 -0.010604 0.049514 decision
209 0.00385 16.90402 -0.09974 objective
ei= -0.000777
210 0.05407 -0.15713 decision
210 0.04142 17.55918 -0.09691 objective
ei= -0.001141
211 -0.011565 0.0091312 decision
211 0.00033 16.98291 -0.09998 objective
ei= -0.001868
212 0.17871 0.056325 decision
212 0.05266 17.49257 -0.09597 objective
ei= -0.004252
213 0.16482 1.9306 decision
213 1.30205 15.07185 0.18458 objective
ei= -0.001825
214 -1.8751 -0.90447 decision
214 1.23776 15.00424 0.17305 objective
ei= -0.003608
215 -2.699 -1.9926 decision
215 4.66106 15.00475 0.08158 objective
ei= -0.002484
216 -1.9202 -1.1049 decision
216 1.47298 15.02648 0.16114 objective
ei= -0.001496
217 -1.7587 -0.81047 decision
217 1.30352 15.01497 0.18466 objective
ei= -0.001058
218 -0.24314 0.52872 decision
218 0.50156 15.61417 -0.03698 objective
ei= -0.000277
219 -0.456 0.27479 decision
219 0.42139 15.54474 -0.04935 objective
ei= -0.001203
220 -0.19325 0.66861 decision
220 0.70786 15.54307 -0.00400 objective
ei= -0.002194
221 -0.29281 0.70695 decision
221 0.84539 15.36451 0.01821 objective
ei= -0.000329
222 -0.44412 0.33391 decision
222 0.45822 15.50174 -0.04372 objective
ei= -0.000975
223 0.076138 -0.023676 decision
223 0.00954 17.33007 -0.09935 objective
ei= -0.001077
224 0.044458 0.017427 decision
224 0.00342 17.13880 -0.09977 objective
ei= -0.001427
225 -0.10296 0.013779 decision
225 0.01619 16.70661 -0.09887 objective
ei= -0.000311
226 0.048936 -0.0064256 decision
226 0.00365 17.20410 -0.09975 objective
ei= -0.000788
227 0.037416 -0.021036 decision
227 0.00276 17.19879 -0.09981 objective
ei= -0.001761
228 -0.0058078 0.036604 decision
228 0.00206 16.94436 -0.09986 objective
ei= -0.000983
229 0.094638 0.031682 decision
229 0.01494 17.26848 -0.09896 objective
ei= -0.002644
230 0.033587 -0.025486 decision
230 0.00267 17.19615 -0.09982 objective
ei= -0.000651
231 0.063359 -0.001378 decision
231 0.00602 17.23947 -0.09959 objective
ei= -0.002696
232 0.27195 0.028542 decision
232 0.11209 17.88801 -0.09032 objective
ei= -0.001516
233 0.066872 -0.044629 decision
233 0.00970 17.34614 -0.09934 objective
ei= -0.000554
234 0.096083 -0.036277 decision
234 0.01582 17.42456 -0.09890 objective
ei= -0.001163
235 0.10258 0.059637 decision
235 0.02112 17.23318 -0.09851 objective
ei= -0.000704
236 0.13664 -0.0069727 decision
236 0.02808 17.49478 -0.09798 objective
ei= -0.001076
237 0.041946 0.048903 decision
237 0.00623 17.06465 -0.09958 objective
ei= -0.000784
238 -0.16613 -0.66666 decision
238 0.69072 18.00546 -0.00677 objective
ei= -0.000002
239 -0.15877 -0.15515 decision
239 0.07390 16.87420 -0.09407 objective
ei= -0.001818
240 -0.27642 -0.42891 decision
240 0.38763 17.07788 -0.05442 objective
ei= -0.001879
241 -0.21532 -0.50864 decision
241 0.45290 17.45050 -0.04454 objective
ei= -0.001079
242 -0.14043 -0.7837 decision
242 0.90925 18.41030 0.02846 objective
ei= -0.001077
243 0.058427 -0.096728 decision
243 0.01915 17.43515 -0.09865 objective
ei= -0.001333
244 0.05282 0.11075 decision
244 0.02258 16.97033 -0.09840 objective
ei= -0.000172
245 0.097338 -0.050806 decision
245 0.01808 17.46182 -0.09873 objective
ei= -0.001053
246 0.07484 0.1028 decision
246 0.02425 17.05396 -0.09827 objective
ei= -0.000281
247 0.057108 -0.04317 decision
247 0.00769 17.31080 -0.09948 objective
ei= -0.000254
248 -0.18823 -0.33677 decision
248 0.22272 17.15920 -0.07743 objective
ei= -0.000782
249 -0.23599 -0.22705 decision
249 0.16065 16.79056 -0.08499 objective
ei= -0.000536
250 -0.08085 0.18806 decision
250 0.06284 16.44897 -0.09508 objective
122.475
